0 0.808799 0.291367 0.007401 0.014389
0 0.697368 0.886691 0.008224 0.014388
0 0.541530 0.398381 0.009046 0.023381
0 0.678043 0.901079 0.007401 0.017986
0 0.176809 0.524281 0.016447 0.026978
0 0.530839 0.386691 0.010691 0.021583
0 0.465872 0.662770 0.010691 0.019784
0 0.616365 0.515288 0.012335 0.023381
0 0.470806 0.472122 0.012335 0.023381
0 0.304688 0.102518 0.012336 0.025180
0 0.602385 0.467626 0.010691 0.025180
0 0.443257 0.658273 0.009868 0.021583
0 0.599095 0.043166 0.012335 0.021583
0 0.070724 0.201439 0.014803 0.025180
0 0.662007 0.616906 0.009868 0.021583
0 0.163240 0.826439 0.043585 0.077338
0 0.826069 0.107014 0.025493 0.037770
0 0.425164 0.115108 0.021382 0.050360
0 0.444079 0.983813 0.024671 0.028777
0 0.249178 0.285971 0.021382 0.032374
0 0.611020 0.859712 0.013158 0.032374
0 0.787418 0.616007 0.025493 0.052158
0 0.826480 0.983813 0.024671 0.028777
0 0.417352 0.943345 0.017270 0.037770
0 0.831414 0.069245 0.023026 0.041367
0 0.280428 0.768885 0.039474 0.044964
0 0.718750 0.758094 0.027960 0.059353
0 0.795641 0.584532 0.033717 0.053957
0 0.482730 0.888489 0.036184 0.057554
0 0.582237 0.629496 0.018092 0.039568
0 0.416118 0.824640 0.021382 0.037770
0 0.162418 0.314748 0.027138 0.050360
0 0.537829 0.604317 0.024671 0.046763
0 0.413651 0.367806 0.034540 0.062950
0 0.549342 0.287770 0.024671 0.043166
0 0.637336 0.864209 0.023026 0.044964
0 0.658717 0.567446 0.026316 0.052158
0 0.167763 0.773381 0.027960 0.050360
0 0.680921 0.946942 0.024671 0.048561
0 0.642681 0.673561 0.030428 0.059353
0 0.739720 0.056655 0.025493 0.044964
0 0.655428 0.899281 0.029605 0.046763
0 0.834293 0.304856 0.028783 0.055755
0 0.481908 0.961331 0.050987 0.077338
0 0.493010 0.125899 0.030428 0.064748
0 0.607730 0.933453 0.039474 0.061151
0 0.201480 0.357914 0.039474 0.089928
0 0.331003 0.032374 0.027138 0.064748
0 0.116365 0.355216 0.035362 0.052158
0 0.615132 0.668165 0.031250 0.059353
0 0.388569 0.870504 0.028783 0.057554
0 0.622122 0.712230 0.027138 0.061151
0 0.538240 0.216727 0.045230 0.084532
0 0.263980 0.441547 0.075658 0.098921
0 0.208059 0.169065 0.034540 0.064748
0 0.510691 0.946043 0.024671 0.050360
0 0.417352 0.284173 0.035362 0.064748
0 0.723684 0.568345 0.032895 0.046763
0 0.372944 0.541367 0.035362 0.079137
0 0.516447 0.155576 0.032895 0.052158
0 0.782895 0.528777 0.044408 0.068345
0 0.801398 0.082734 0.035362 0.079137
0 0.590461 0.736511 0.044408 0.106115
0 0.814967 0.185252 0.026316 0.068345
0 0.106086 0.249101 0.032895 0.055755
0 0.546053 0.663669 0.036184 0.068345
0 0.849095 0.395683 0.040296 0.093525
0 0.565378 0.788669 0.035362 0.070144
0 0.766036 0.575540 0.028783 0.057554
0 0.512336 0.519784 0.036184 0.086331
0 0.631579 0.284173 0.044408 0.079137
0 0.354030 0.176259 0.041941 0.079137
0 0.428865 0.058453 0.030428 0.070144
0 0.195312 0.928058 0.033717 0.064748
0 0.782484 0.138489 0.051809 0.089928
0 0.140625 0.096223 0.036184 0.073741
0 0.770559 0.788669 0.029605 0.080935
0 0.448191 0.753597 0.024671 0.061151
0 0.667763 0.687050 0.029605 0.075540
0 0.641447 0.140288 0.031250 0.079137
0 0.686678 0.083633 0.036184 0.088129
0 0.479441 0.715827 0.036184 0.089928
0 0.556743 0.100719 0.041118 0.086331
0 0.730674 0.822842 0.041941 0.098921
0 0.199013 0.260791 0.003289 0.010791
0 0.189145 0.551259 0.004934 0.012590
0 0.599507 0.248201 0.003289 0.010791
0 0.434622 0.238309 0.004112 0.008993
0 0.635691 0.499101 0.003289 0.008993
0 0.874589 0.202338 0.004112 0.008993
0 0.307977 0.194245 0.004112 0.014388
0 0.910773 0.437950 0.004112 0.008993
0 0.678865 0.449640 0.004112 0.010791
0 0.526727 0.185252 0.041941 0.082734
0 0.168174 0.545863 0.005757 0.016187
0 0.648026 0.799460 0.003289 0.008993
0 0.928454 0.955036 0.004934 0.010791
0 0.354852 0.286871 0.004112 0.008993
0 0.523026 0.778777 0.003289 0.010791
0 0.708470 0.628597 0.004112 0.012590
0 0.213405 0.633094 0.005757 0.010791
0 0.533306 0.554856 0.004112 0.012590
0 0.159951 0.142986 0.005757 0.016187
0 0.327714 0.242806 0.004112 0.014389
0 0.589638 0.082734 0.006579 0.010791
0 0.636102 0.410971 0.005757 0.037770
0 0.548109 0.579137 0.007401 0.014388
0 0.649260 0.838130 0.004112 0.010791
0 0.791941 0.871403 0.004934 0.008993
0 0.789474 0.982014 0.004934 0.010791
0 0.220395 0.012590 0.008224 0.014389
0 0.722451 0.690647 0.005757 0.010791
0 0.583059 0.660971 0.006579 0.019784
0 0.562911 0.389389 0.005757 0.016187
0 0.824836 0.632194 0.006579 0.008993
0 0.548109 0.349820 0.004112 0.016187
0 0.818257 0.616906 0.006579 0.014388
0 0.627056 0.606115 0.005757 0.014388
0 0.496299 0.070144 0.007401 0.010791
0 0.698191 0.703237 0.006579 0.014388
