0 0.179276 0.329137 0.009868 0.017986
0 0.562089 0.178058 0.007401 0.021583
0 0.504112 0.353417 0.008224 0.016187
0 0.685855 0.743705 0.008224 0.016187
0 0.465049 0.639389 0.009046 0.016187
0 0.733141 0.928957 0.012335 0.019784
0 0.252056 0.071043 0.009046 0.019784
0 0.562089 0.156475 0.012335 0.025180
0 0.423520 0.051259 0.013158 0.026978
0 0.252878 0.536870 0.009046 0.026978
0 0.643914 0.988309 0.018092 0.019784
0 0.233964 0.008094 0.017270 0.016187
0 0.474507 0.454137 0.013158 0.034173
0 0.600329 0.159173 0.019737 0.059353
0 0.873766 0.013489 0.030428 0.026978
0 0.416530 0.169065 0.015625 0.028777
0 0.539062 0.982014 0.018915 0.028777
0 0.487664 0.366007 0.024671 0.052158
0 0.583470 0.049460 0.015625 0.026978
0 0.522615 0.142986 0.025493 0.052158
0 0.723273 0.281475 0.022204 0.048561
0 0.298109 0.473022 0.041941 0.082734
0 0.921875 0.979317 0.027961 0.041367
0 0.425987 0.306655 0.026316 0.073741
0 0.673109 0.853417 0.033717 0.095324
0 0.299753 0.017086 0.022204 0.034173
0 0.485609 0.882194 0.027138 0.048561
0 0.079770 0.538669 0.029605 0.059353
0 0.487664 0.249101 0.027960 0.055755
0 0.912829 0.947842 0.023026 0.046763
0 0.452714 0.350719 0.022204 0.061151
0 0.348684 0.142086 0.037829 0.089928
0 0.286595 0.889389 0.025493 0.041367
0 0.344572 0.903777 0.027961 0.062950
0 0.311678 0.904676 0.026316 0.050360
0 0.486431 0.819245 0.017270 0.044964
0 0.698191 0.818345 0.023026 0.046763
0 0.248355 0.660072 0.026316 0.050360
0 0.157072 0.293165 0.029605 0.064748
0 0.460115 0.251799 0.025493 0.057554
0 0.438734 0.029676 0.027138 0.059353
0 0.572368 0.544964 0.031250 0.061151
0 0.347039 0.321942 0.023026 0.053957
0 0.792352 0.919964 0.035362 0.059352
0 0.530839 0.187950 0.028783 0.052158
0 0.381579 0.970324 0.026316 0.055755
0 0.879934 0.169964 0.024671 0.048561
0 0.575247 0.975719 0.023849 0.048561
0 0.238076 0.470324 0.033717 0.070144
0 0.515214 0.487410 0.027138 0.053957
0 0.394737 0.533273 0.042763 0.062950
0 0.304688 0.829137 0.030428 0.057554
0 0.849095 0.483813 0.028783 0.061151
0 0.781250 0.869604 0.029605 0.059353
0 0.754934 0.684353 0.026316 0.070144
0 0.189556 0.921763 0.048520 0.066547
0 0.632812 0.504496 0.027138 0.062950
0 0.381990 0.363309 0.020559 0.061151
0 0.373355 0.723022 0.032895 0.075540
0 0.746299 0.853417 0.025493 0.066547
0 0.373355 0.276079 0.023026 0.055755
0 0.479030 0.309353 0.035362 0.068345
0 0.230263 0.968525 0.042763 0.062950
0 0.089638 0.489209 0.036184 0.071942
0 0.621299 0.147482 0.046875 0.086331
0 0.604030 0.235612 0.027138 0.057554
0 0.604030 0.619604 0.045230 0.127698
0 0.302220 0.273381 0.040296 0.089928
0 0.578947 0.670863 0.037829 0.082734
0 0.269326 0.544964 0.028783 0.079137
0 0.086349 0.647482 0.036184 0.050360
0 0.336760 0.678058 0.038651 0.079137
0 0.829770 0.222122 0.055921 0.098921
0 0.783306 0.330935 0.038651 0.079137
0 0.118421 0.517986 0.026316 0.075540
0 0.526316 0.928957 0.036184 0.073741
0 0.138569 0.402878 0.051809 0.100719
0 0.582237 0.191547 0.032895 0.084532
0 0.342105 0.825540 0.029605 0.071942
0 0.296875 0.973022 0.026316 0.053957
0 0.732730 0.657374 0.031250 0.077338
0 0.742188 0.553058 0.028783 0.073741
0 0.804688 0.817446 0.033717 0.084532
0 0.669408 0.164568 0.039474 0.080935
0 0.371299 0.894784 0.032072 0.098921
0 0.669408 0.038669 0.029605 0.077338
0 0.261102 0.349820 0.004112 0.012590
0 0.655428 0.698741 0.003289 0.008993
0 0.568668 0.397482 0.004112 0.010791
0 0.796875 0.993705 0.021382 0.012590
0 0.546875 0.332734 0.003289 0.010791
0 0.192023 0.614209 0.004112 0.008993
0 0.534951 0.312050 0.004112 0.008993
0 0.450658 0.776978 0.004934 0.017986
0 0.415707 0.085432 0.004112 0.012590
0 0.636924 0.654676 0.004112 0.014388
0 0.752056 0.973921 0.004112 0.008993
0 0.789062 0.202338 0.005757 0.008993
0 0.525082 0.622302 0.004112 0.010791
0 0.581826 0.781475 0.004112 0.008993
0 0.779605 0.625899 0.003289 0.010791
0 0.817434 0.699640 0.003289 0.007194
0 0.686266 0.626799 0.004112 0.012590
0 0.578536 0.870504 0.004112 0.010791
0 0.547697 0.504496 0.003289 0.008993
0 0.208882 0.954137 0.006579 0.012590
0 0.265214 0.318345 0.004112 0.014389
0 0.508224 0.133094 0.004934 0.014388
0 0.661595 0.393885 0.005757 0.010791
0 0.390214 0.829137 0.005757 0.010791
0 0.860609 0.899281 0.004112 0.010791
0 0.693257 0.797662 0.008224 0.016187
0 0.800164 0.479317 0.004934 0.008993
0 0.585938 0.810252 0.004112 0.008993
0 0.546875 0.372302 0.006579 0.010791
0 0.437500 0.232014 0.003289 0.010791
0 0.316201 0.696942 0.005757 0.012590
0 0.371711 0.769784 0.008224 0.014388
0 0.666530 0.599820 0.005757 0.008993
0 0.847451 0.928058 0.004112 0.010791
0 0.572368 0.357014 0.006579 0.012590
0 0.675987 0.785971 0.009868 0.014388
0 0.409128 0.669964 0.004112 0.012590
0 0.673520 0.970324 0.006579 0.016187
0 0.635691 0.814748 0.004934 0.010791
0 0.388569 0.004496 0.025493 0.008993
0 0.560033 0.201439 0.004934 0.014388
0 0.214227 0.250899 0.004112 0.016187
0 0.512747 0.205935 0.007401 0.016187
0 0.518092 0.232914 0.006579 0.012590
0 0.673931 0.930755 0.004112 0.012590
0 0.492599 0.436151 0.004934 0.016187
0 0.272204 0.060252 0.006579 0.012590
0 0.712993 0.913669 0.006579 0.014388
0 0.708882 0.658273 0.008224 0.014388
0 0.613076 0.770683 0.007401 0.012590
0 0.381990 0.451439 0.007401 0.014389
0 0.252056 0.820144 0.005757 0.017986
0 0.416941 0.348921 0.008224 0.014389
0 0.601562 0.955935 0.005757 0.016187
0 0.612253 0.794065 0.005757 0.012590
0 0.389391 0.137590 0.009046 0.019784
