0 0.321957 0.395683 0.010691 0.017986
0 0.232730 0.572842 0.009868 0.019784
0 0.215049 0.619604 0.009046 0.023381
0 0.248766 0.621403 0.012336 0.023381
0 0.721628 0.849820 0.009046 0.030575
0 0.610609 0.538669 0.010691 0.034173
0 0.552220 0.527878 0.015625 0.026978
0 0.704359 0.865108 0.010691 0.025180
0 0.288240 0.988309 0.015625 0.019784
0 0.455592 0.248201 0.019737 0.061151
0 0.504112 0.484712 0.013158 0.034173
0 0.752056 0.390288 0.015625 0.028777
0 0.720806 0.287770 0.045230 0.050360
0 0.430099 0.981115 0.013158 0.030575
0 0.809622 0.222122 0.018915 0.030575
0 0.928865 0.463129 0.023849 0.044964
0 0.081003 0.169065 0.037007 0.043165
0 0.572780 0.523381 0.015625 0.043166
0 0.750411 0.632194 0.046875 0.084532
0 0.915296 0.087230 0.027961 0.055755
0 0.344572 0.978417 0.041118 0.039568
0 0.476562 0.277878 0.046875 0.106115
0 0.592516 0.217626 0.015625 0.043165
0 0.425576 0.832734 0.028783 0.086331
0 0.768914 0.780576 0.024671 0.039568
0 0.653372 0.541367 0.025493 0.050360
0 0.882401 0.432554 0.024671 0.048561
0 0.592928 0.077338 0.019737 0.039568
0 0.560444 0.477518 0.027138 0.055755
0 0.489309 0.383993 0.016447 0.041367
0 0.351151 0.826439 0.032895 0.088129
0 0.729441 0.929856 0.032895 0.050360
0 0.247533 0.980216 0.027961 0.039568
0 0.542352 0.400180 0.027138 0.055755
0 0.146793 0.966727 0.058388 0.066547
0 0.314967 0.267086 0.023026 0.055755
0 0.907484 0.919065 0.022204 0.050360
0 0.184622 0.364209 0.038651 0.059352
0 0.568668 0.177158 0.027138 0.055755
0 0.679688 0.115108 0.030428 0.053957
0 0.928454 0.927158 0.029605 0.055755
0 0.094572 0.258993 0.027960 0.057554
0 0.919408 0.717626 0.029605 0.064748
0 0.114309 0.918165 0.052632 0.070144
0 0.327714 0.194245 0.027138 0.057554
0 0.544408 0.090827 0.032895 0.055755
0 0.664885 0.366007 0.033717 0.091727
0 0.466283 0.438849 0.029605 0.046763
0 0.708059 0.365108 0.024671 0.043166
0 0.360197 0.123201 0.039474 0.102518
0 0.447368 0.574640 0.032895 0.066547
0 0.419819 0.744604 0.028783 0.053957
0 0.333470 0.357914 0.032072 0.071942
0 0.514803 0.648381 0.044408 0.059353
0 0.772204 0.901978 0.024671 0.044964
0 0.253289 0.505396 0.041118 0.082734
0 0.354852 0.415468 0.025493 0.064748
0 0.665707 0.741007 0.023849 0.061151
0 0.465461 0.795863 0.047697 0.106115
0 0.616776 0.111511 0.027960 0.071942
0 0.547286 0.749101 0.027138 0.048561
0 0.662418 0.242806 0.028783 0.046763
0 0.742188 0.139388 0.025493 0.077338
0 0.397615 0.381295 0.028783 0.053957
0 0.903372 0.458633 0.037007 0.089928
0 0.383635 0.312950 0.023849 0.061151
0 0.421053 0.556655 0.031250 0.080935
0 0.754934 0.821043 0.026316 0.066547
0 0.199836 0.767086 0.065789 0.120504
0 0.708059 0.218525 0.065790 0.116906
0 0.529194 0.275180 0.030428 0.071942
0 0.312089 0.763489 0.056743 0.124101
0 0.466694 0.915468 0.023849 0.057554
0 0.591694 0.959532 0.038651 0.062950
0 0.406661 0.112410 0.045230 0.109712
0 0.233141 0.105216 0.004112 0.008993
0 0.592105 0.745504 0.003289 0.008993
0 0.210526 0.984712 0.004934 0.012590
0 0.602796 0.926259 0.004934 0.010791
0 0.601151 0.804856 0.003289 0.012590
0 0.710115 0.098022 0.002467 0.008993
0 0.240954 0.624101 0.004934 0.014388
0 0.776316 0.243705 0.004934 0.008993
0 0.636513 0.141187 0.003289 0.012590
0 0.246299 0.035971 0.004112 0.010791
0 0.177220 0.849820 0.004112 0.012590
0 0.845806 0.510791 0.005757 0.010791
0 0.641859 0.876799 0.004112 0.012590
0 0.145559 0.642986 0.003289 0.012590
0 0.168174 0.150180 0.004112 0.008993
0 0.615132 0.857914 0.003289 0.014388
0 0.263158 0.741906 0.004934 0.012590
0 0.216283 0.914568 0.004934 0.012590
0 0.602796 0.710432 0.004934 0.010791
0 0.761513 0.054856 0.004934 0.008993
0 0.590461 0.591727 0.004934 0.010791
0 0.729852 0.991906 0.005757 0.008993
0 0.861431 0.159173 0.005757 0.016187
0 0.538651 0.936151 0.003289 0.012590
0 0.400905 0.839029 0.005757 0.008993
0 0.847039 0.356115 0.004934 0.010791
0 0.357319 0.640288 0.004112 0.010791
0 0.737253 0.397482 0.005757 0.010791
0 0.528783 0.357914 0.004934 0.014389
0 0.877878 0.566547 0.005757 0.014388
0 0.661595 0.858813 0.004112 0.012590
0 0.804276 0.332734 0.004934 0.010791
0 0.201069 0.986511 0.007401 0.016187
0 0.375000 0.625899 0.009868 0.014388
0 0.555921 0.600719 0.004934 0.014388
0 0.397615 0.182554 0.007401 0.012590
0 0.778372 0.629496 0.007401 0.017986
0 0.374589 0.191547 0.005757 0.016187
0 0.784951 0.031475 0.005757 0.019784
0 0.750411 0.760791 0.007401 0.014388
