0 0.535362 0.513489 0.009868 0.019784
0 0.535773 0.951439 0.010691 0.017986
0 0.664062 0.881295 0.009046 0.017986
0 0.226974 0.279676 0.009868 0.019784
0 0.542763 0.608813 0.008224 0.023381
0 0.328125 0.470324 0.011513 0.023381
0 0.673931 0.413669 0.009046 0.025180
0 0.317023 0.450540 0.009046 0.019784
0 0.429688 0.825540 0.015625 0.021583
0 0.592105 0.369604 0.014803 0.023381
0 0.539062 0.011691 0.027138 0.023381
0 0.720806 0.413669 0.015625 0.025180
0 0.705592 0.369604 0.013158 0.019784
0 0.211349 0.062050 0.027960 0.044964
0 0.763158 0.224820 0.027960 0.046763
0 0.713816 0.063849 0.023026 0.062950
0 0.549342 0.401079 0.018092 0.032374
0 0.193668 0.650180 0.020559 0.041367
0 0.362664 0.910971 0.027961 0.055755
0 0.800987 0.883094 0.026316 0.050360
0 0.073602 0.142986 0.027138 0.052158
0 0.473273 0.529676 0.018915 0.041367
0 0.174342 0.015288 0.023026 0.030575
0 0.691612 0.530576 0.032895 0.046763
0 0.461760 0.020683 0.022204 0.041367
0 0.560855 0.963130 0.023026 0.066547
0 0.657072 0.978417 0.031250 0.043165
0 0.561266 0.631295 0.032072 0.053957
0 0.077303 0.387590 0.031250 0.055755
0 0.549342 0.194245 0.023026 0.061151
0 0.624589 0.388489 0.030428 0.079137
0 0.800576 0.232914 0.027138 0.041367
0 0.596628 0.018885 0.023849 0.037770
0 0.390214 0.426259 0.033717 0.043166
0 0.437500 0.768885 0.031250 0.052158
0 0.258635 0.866007 0.025493 0.062950
0 0.643092 0.314748 0.023026 0.046763
0 0.609786 0.227518 0.035362 0.080935
0 0.310033 0.620504 0.026316 0.061151
0 0.332648 0.896583 0.027138 0.048561
0 0.732730 0.517986 0.027960 0.053957
0 0.610197 0.708633 0.036184 0.050360
0 0.569490 0.557554 0.023849 0.061151
0 0.656661 0.073741 0.033717 0.050360
0 0.085938 0.330036 0.020559 0.052158
0 0.369243 0.389389 0.027960 0.055755
0 0.252878 0.652878 0.045230 0.086331
0 0.640214 0.744604 0.032072 0.075540
0 0.518503 0.082734 0.022204 0.057554
0 0.373355 0.759892 0.032895 0.066547
0 0.652961 0.804856 0.029605 0.077338
0 0.286595 0.656475 0.025493 0.053957
0 0.520148 0.196043 0.043585 0.071942
0 0.859786 0.162770 0.050164 0.102518
0 0.302632 0.735611 0.023026 0.071942
0 0.840049 0.491007 0.037007 0.071942
0 0.572780 0.669964 0.030428 0.059353
0 0.736020 0.131295 0.041118 0.071942
0 0.113487 0.040468 0.044408 0.080935
0 0.830592 0.716727 0.029605 0.066547
0 0.746711 0.054856 0.046053 0.109712
0 0.181332 0.396583 0.033717 0.080935
0 0.595395 0.540468 0.021382 0.055755
0 0.503701 0.636691 0.038651 0.086331
0 0.518914 0.547662 0.024671 0.091727
0 0.690378 0.041367 0.028783 0.050360
0 0.472039 0.919065 0.026316 0.050360
0 0.289885 0.355216 0.033717 0.062950
0 0.458882 0.244604 0.034540 0.068345
0 0.411595 0.351619 0.046875 0.102518
0 0.422286 0.054856 0.037007 0.084532
0 0.395559 0.156475 0.054276 0.104317
0 0.206003 0.695144 0.028783 0.077338
0 0.436678 0.852518 0.003289 0.010791
0 0.210115 0.608813 0.004112 0.008993
0 0.646793 0.599820 0.004112 0.008993
0 0.844572 0.316547 0.004934 0.007194
0 0.591694 0.929856 0.004112 0.010791
0 0.570312 0.508993 0.005757 0.014388
0 0.736842 0.901978 0.003289 0.008993
0 0.427220 0.491906 0.004112 0.008993
0 0.061678 0.387590 0.004934 0.026978
0 0.599918 0.454137 0.004112 0.008993
0 0.595806 0.173561 0.004112 0.008993
0 0.403783 0.523381 0.004934 0.010791
0 0.321135 0.567446 0.007401 0.019784
0 0.478207 0.458633 0.005757 0.014388
0 0.793174 0.297662 0.004112 0.012590
0 0.289474 0.086331 0.004934 0.010791
0 0.580592 0.188849 0.006579 0.010791
0 0.551809 0.300360 0.004934 0.014389
0 0.769326 0.907374 0.005757 0.008993
0 0.318257 0.550360 0.008224 0.025180
0 0.718750 0.947842 0.004934 0.010791
0 0.269737 0.784173 0.003289 0.010791
0 0.453947 0.366906 0.003289 0.017986
0 0.546464 0.530576 0.004112 0.010791
0 0.560855 0.059353 0.003289 0.010791
0 0.493010 0.988309 0.004112 0.008993
0 0.747944 0.885791 0.004112 0.008993
0 0.400905 0.809353 0.004112 0.010791
0 0.503701 0.701439 0.004112 0.010791
0 0.668586 0.207734 0.004934 0.012590
0 0.898849 0.604317 0.004934 0.010791
0 0.286595 0.991007 0.018914 0.014388
0 0.506168 0.260791 0.004112 0.010791
0 0.487664 0.791367 0.006579 0.010791
0 0.530839 0.336331 0.009046 0.017986
0 0.631579 0.210432 0.008224 0.010791
0 0.879934 0.873201 0.004934 0.008993
0 0.449013 0.345324 0.004934 0.014389
0 0.329359 0.540468 0.007401 0.019784
0 0.460526 0.071942 0.004934 0.010791
0 0.642270 0.690647 0.006579 0.014388
0 0.643503 0.147482 0.007401 0.014388
0 0.485197 0.901978 0.006579 0.012590
0 0.385280 0.853417 0.007401 0.016187
0 0.572368 0.917266 0.004934 0.014388
0 0.760280 0.705935 0.009046 0.012590
0 0.421875 0.899281 0.006579 0.010791
0 0.211349 0.145683 0.006579 0.017986
0 0.686678 0.777878 0.004934 0.012590
0 0.567434 0.718525 0.006579 0.019784
0 0.674342 0.303957 0.008224 0.014389
0 0.206003 0.939748 0.005757 0.012590
0 0.788651 0.516187 0.008224 0.017986
0 0.819901 0.168165 0.008224 0.016187
