0 0.554276 0.377698 0.009868 0.021583
0 0.586349 0.636691 0.009868 0.025180
0 0.734786 0.647482 0.009046 0.017986
0 0.696957 0.143885 0.010691 0.017986
0 0.673520 0.663669 0.008224 0.021583
0 0.768914 0.009892 0.018092 0.019784
0 0.764391 0.638489 0.009046 0.021583
0 0.378289 0.821942 0.013158 0.028777
0 0.814967 0.990108 0.011513 0.019784
0 0.727385 0.466727 0.012335 0.034173
0 0.597039 0.356115 0.009868 0.021583
0 0.559211 0.289568 0.011513 0.025180
0 0.351151 0.771583 0.036184 0.071942
0 0.325658 0.907374 0.029605 0.059353
0 0.098684 0.720324 0.024671 0.048561
0 0.780839 0.982014 0.032072 0.032374
0 0.400905 0.392986 0.032072 0.044964
0 0.444490 0.863309 0.017270 0.035971
0 0.389803 0.543165 0.029605 0.057554
0 0.185444 0.443345 0.041941 0.095324
0 0.219161 0.024281 0.025493 0.048561
0 0.343339 0.640288 0.022204 0.061151
0 0.466283 0.023381 0.031250 0.046763
0 0.821957 0.026079 0.018915 0.052158
0 0.463816 0.168165 0.023026 0.044964
0 0.754523 0.026978 0.033717 0.053957
0 0.851974 0.488309 0.024671 0.041367
0 0.711349 0.549460 0.018092 0.044964
0 0.451069 0.217626 0.022204 0.046763
0 0.750000 0.674460 0.023026 0.046763
0 0.361020 0.680755 0.034539 0.062950
0 0.221217 0.838130 0.026316 0.039568
0 0.346217 0.826439 0.029605 0.055755
0 0.390625 0.190647 0.031250 0.046763
0 0.787829 0.553957 0.057566 0.104317
0 0.490543 0.271583 0.030428 0.053957
0 0.768092 0.330036 0.024671 0.052158
0 0.764391 0.753597 0.023849 0.053957
0 0.557977 0.046763 0.027138 0.043165
0 0.727385 0.767986 0.040296 0.064748
0 0.373766 0.764389 0.027138 0.064748
0 0.599507 0.786870 0.047697 0.160072
0 0.296875 0.651079 0.069079 0.111511
0 0.606497 0.303957 0.023849 0.057554
0 0.201069 0.174460 0.045230 0.089928
0 0.625822 0.647482 0.027960 0.061151
0 0.403372 0.338129 0.025493 0.050360
0 0.169408 0.073741 0.041118 0.071942
0 0.287007 0.749101 0.052632 0.116906
0 0.604852 0.196043 0.023849 0.053957
0 0.738076 0.408273 0.027138 0.064748
0 0.351562 0.102518 0.025493 0.068345
0 0.922286 0.247302 0.027138 0.055755
0 0.740543 0.860611 0.022204 0.080935
0 0.732730 0.058453 0.036184 0.080935
0 0.373766 0.436151 0.032072 0.077338
0 0.172286 0.350719 0.048520 0.082734
0 0.585115 0.505396 0.027138 0.053957
0 0.579359 0.427158 0.025493 0.077338
0 0.366776 0.523381 0.029605 0.075540
0 0.215049 0.537770 0.035362 0.100719
0 0.315789 0.849820 0.034539 0.091727
0 0.759046 0.806655 0.027960 0.052158
0 0.676809 0.073741 0.032895 0.093525
0 0.532484 0.892986 0.038651 0.084532
0 0.469984 0.105216 0.004112 0.008993
0 0.783306 0.078237 0.004112 0.008993
0 0.193668 0.653777 0.005757 0.012590
0 0.619243 0.624101 0.009868 0.017986
0 0.429688 0.469424 0.004112 0.010791
0 0.164885 0.551259 0.004112 0.012590
0 0.725329 0.918165 0.003289 0.008993
0 0.915707 0.663669 0.005757 0.010791
0 0.502467 0.905576 0.004934 0.012590
0 0.241365 0.242806 0.004112 0.010791
0 0.692845 0.659173 0.004112 0.008993
0 0.441612 0.276079 0.003289 0.012590
0 0.463405 0.900180 0.004112 0.008993
0 0.536595 0.591727 0.004112 0.010791
0 0.247533 0.877698 0.003289 0.010791
0 0.895148 0.839029 0.004112 0.008993
0 0.317845 0.348022 0.004112 0.012590
0 0.217105 0.883993 0.003289 0.008993
0 0.630345 0.361511 0.004112 0.010791
0 0.378701 0.083633 0.004112 0.008993
0 0.418174 0.263489 0.004112 0.012590
0 0.389803 0.794964 0.004934 0.010791
0 0.238898 0.597122 0.005757 0.010791
0 0.439556 0.699640 0.005757 0.014388
0 0.483553 0.931655 0.004934 0.007194
0 0.440789 0.756295 0.004934 0.012590
0 0.745477 0.935252 0.004112 0.010791
0 0.394326 0.943345 0.004112 0.012590
0 0.385280 0.867806 0.004112 0.012590
0 0.438734 0.993705 0.012335 0.008993
0 0.257401 0.171763 0.008224 0.016187
0 0.513980 0.251799 0.004934 0.010791
0 0.614309 0.082734 0.004934 0.014388
0 0.611431 0.404676 0.005757 0.017986
