0 0.479030 0.122302 0.007401 0.021583
0 0.183388 0.007194 0.009868 0.014389
0 0.516859 0.004496 0.012335 0.008993
0 0.323602 0.660072 0.010691 0.028777
0 0.279194 0.922662 0.009046 0.017986
0 0.084704 0.014389 0.046053 0.028777
0 0.368421 0.322842 0.013158 0.030575
0 0.054688 0.010791 0.020559 0.021583
0 0.373355 0.968525 0.011513 0.037770
0 0.659128 0.892986 0.030428 0.062950
0 0.425164 0.073741 0.014803 0.025180
0 0.129934 0.063849 0.013158 0.026978
0 0.426809 0.216727 0.016447 0.041367
0 0.573191 0.556655 0.029605 0.052158
0 0.342105 0.441547 0.018092 0.041367
0 0.162418 0.942446 0.032072 0.043165
0 0.610609 0.891187 0.030428 0.041367
0 0.717516 0.019784 0.033717 0.039568
0 0.803043 0.980216 0.023849 0.035971
0 0.327714 0.923561 0.018914 0.041367
0 0.810444 0.446942 0.027138 0.048561
0 0.785362 0.212230 0.032895 0.057554
0 0.255345 0.927158 0.028783 0.059353
0 0.567023 0.461331 0.023849 0.052158
0 0.744243 0.607014 0.031250 0.055755
0 0.569079 0.301259 0.046053 0.059352
0 0.255757 0.837230 0.031250 0.048561
0 0.553043 0.912770 0.037007 0.073741
0 0.339638 0.052158 0.026316 0.053957
0 0.668174 0.927158 0.027138 0.091727
0 0.624178 0.218525 0.019737 0.059353
0 0.455592 0.757194 0.021382 0.071942
0 0.162007 0.305755 0.049342 0.082734
0 0.471628 0.883094 0.040296 0.053957
0 0.437500 0.807554 0.034539 0.100719
0 0.197780 0.315647 0.023849 0.059352
0 0.144737 0.251799 0.029605 0.050360
0 0.160362 0.490108 0.029605 0.059353
0 0.188734 0.065647 0.027138 0.059353
0 0.574836 0.026079 0.041118 0.052158
0 0.905428 0.907374 0.062500 0.109712
0 0.727385 0.243705 0.028783 0.066547
0 0.151727 0.561151 0.046875 0.068345
0 0.690789 0.822842 0.023026 0.055755
0 0.708470 0.524281 0.040296 0.059353
0 0.614720 0.738309 0.025493 0.077338
0 0.580592 0.257194 0.027960 0.064748
0 0.228618 0.185252 0.027960 0.068345
0 0.597451 0.460432 0.025493 0.046763
0 0.763980 0.244604 0.036184 0.061151
0 0.743832 0.117806 0.030428 0.048561
0 0.530839 0.589928 0.048520 0.071942
0 0.488076 0.975719 0.028783 0.044964
0 0.409128 0.125000 0.030428 0.044964
0 0.230263 0.443345 0.042763 0.095324
0 0.744243 0.169964 0.032895 0.062950
0 0.114309 0.731115 0.034539 0.084532
0 0.457648 0.089928 0.030428 0.057554
0 0.797286 0.493705 0.027138 0.070144
0 0.765625 0.725719 0.023026 0.052158
0 0.898438 0.715827 0.055099 0.129496
0 0.622944 0.833633 0.033717 0.070144
0 0.556332 0.115108 0.028783 0.071942
0 0.472451 0.805755 0.022204 0.046763
0 0.731086 0.776079 0.034540 0.070144
0 0.396382 0.642986 0.037829 0.088129
0 0.282895 0.872302 0.034539 0.079137
0 0.663240 0.213129 0.035362 0.077338
0 0.409539 0.890288 0.027961 0.064748
0 0.521382 0.155576 0.041118 0.088130
0 0.698191 0.710432 0.003289 0.007194
0 0.633224 0.767086 0.003289 0.008993
0 0.601562 0.082734 0.004112 0.010791
0 0.637336 0.015288 0.004934 0.019784
0 0.288651 0.096223 0.003289 0.008993
0 0.635280 0.560252 0.004112 0.008993
0 0.220806 0.053058 0.005757 0.012590
0 0.303865 0.106115 0.004112 0.007194
0 0.446135 0.991906 0.004112 0.008993
0 0.327303 0.693345 0.004934 0.008993
0 0.566612 0.692446 0.003289 0.010791
0 0.598273 0.608813 0.004112 0.008993
0 0.785773 0.062050 0.004112 0.008993
0 0.469161 0.653777 0.004112 0.012590
0 0.546875 0.248201 0.003289 0.010791
0 0.420230 0.258993 0.003289 0.010791
0 0.233141 0.090827 0.004112 0.008993
0 0.651727 0.936151 0.005757 0.016187
0 0.743421 0.969424 0.003289 0.010791
0 0.627056 0.095324 0.004112 0.017986
0 0.482730 0.797662 0.006579 0.016187
0 0.663651 0.079137 0.004934 0.010791
0 0.511102 0.631295 0.005757 0.010791
0 0.505345 0.863309 0.004112 0.010791
0 0.658306 0.796763 0.004112 0.010791
0 0.400905 0.989209 0.004112 0.010791
0 0.330181 0.577338 0.004112 0.010791
0 0.653372 0.044964 0.004112 0.010791
0 0.419408 0.958633 0.004934 0.010791
0 0.851974 0.089928 0.004934 0.010791
0 0.551398 0.695144 0.004112 0.012590
0 0.513569 0.042266 0.004112 0.012590
0 0.550576 0.801259 0.004112 0.012590
0 0.747944 0.657374 0.005757 0.016187
0 0.736020 0.830036 0.004934 0.008993
0 0.459704 0.368705 0.004934 0.010791
0 0.476562 0.713130 0.005757 0.008993
0 0.688322 0.445144 0.004934 0.012590
0 0.351151 0.872302 0.004934 0.010791
0 0.230674 0.916367 0.004112 0.012590
0 0.587582 0.678957 0.004112 0.012590
0 0.550164 0.058453 0.004934 0.016187
0 0.544408 0.374101 0.006579 0.010791
0 0.925987 0.168165 0.006579 0.008993
0 0.428865 0.912770 0.004112 0.012590
0 0.333059 0.277878 0.004934 0.012590
0 0.646793 0.731115 0.004112 0.016187
0 0.564556 0.415468 0.007401 0.010791
0 0.529194 0.950540 0.004112 0.016187
0 0.687089 0.861511 0.004112 0.014388
0 0.209293 0.566547 0.005757 0.010791
0 0.473684 0.275180 0.004934 0.014389
0 0.339227 0.937950 0.005757 0.016187
0 0.668997 0.973921 0.010691 0.016187
0 0.737253 0.939748 0.005757 0.016187
0 0.412007 0.955036 0.006579 0.010791
0 0.336349 0.316547 0.006579 0.017986
0 0.402961 0.020684 0.008224 0.012590
0 0.704359 0.202338 0.007401 0.019784
0 0.754523 0.844424 0.007401 0.016187
0 0.358964 0.819245 0.005757 0.016187
0 0.347039 0.991906 0.006579 0.012590
0 0.551809 0.224820 0.004934 0.017986
0 0.350740 0.155576 0.005757 0.019784
0 0.437911 0.477518 0.009046 0.016187
0 0.724918 0.724820 0.005757 0.017986
