0 0.822368 0.617806 0.009868 0.016187
0 0.919408 0.012590 0.036184 0.025180
0 0.847039 0.985611 0.018092 0.025180
0 0.148438 0.038669 0.066612 0.077338
0 0.650082 0.911870 0.028783 0.053957
0 0.711349 0.169964 0.036184 0.048561
0 0.092516 0.734712 0.023849 0.044964
0 0.399260 0.706835 0.018914 0.050360
0 0.488076 0.724820 0.028783 0.053957
0 0.655839 0.841727 0.025493 0.039568
0 0.806332 0.381295 0.022204 0.046763
0 0.567434 0.265288 0.027960 0.059352
0 0.579770 0.626799 0.026316 0.044964
0 0.475740 0.193345 0.041941 0.062950
0 0.147615 0.973022 0.058388 0.050360
0 0.478618 0.854317 0.019737 0.061151
0 0.737253 0.375899 0.023849 0.053957
0 0.798520 0.972122 0.023026 0.052158
0 0.304276 0.477518 0.024671 0.052158
0 0.136513 0.107014 0.037829 0.066547
0 0.234786 0.665468 0.027138 0.071942
0 0.515214 0.277878 0.050165 0.080935
0 0.325658 0.572842 0.024671 0.048561
0 0.456003 0.458633 0.028783 0.061151
0 0.828536 0.695144 0.027138 0.055755
0 0.753289 0.311151 0.023026 0.043166
0 0.439145 0.424460 0.027960 0.068345
0 0.296875 0.810252 0.031250 0.062950
0 0.336349 0.291367 0.050987 0.071942
0 0.902138 0.409173 0.042763 0.080935
0 0.213405 0.799460 0.050164 0.073741
0 0.140214 0.810252 0.028783 0.066547
0 0.873766 0.500899 0.053454 0.073741
0 0.692434 0.401079 0.059210 0.100719
0 0.094572 0.080935 0.049342 0.075540
0 0.618010 0.633993 0.050165 0.091727
0 0.782484 0.492806 0.022204 0.057554
0 0.925164 0.729317 0.026316 0.055755
0 0.333059 0.891187 0.019737 0.048561
0 0.586349 0.919964 0.049342 0.077338
0 0.544408 0.352518 0.034540 0.068345
0 0.435444 0.678957 0.053454 0.084532
0 0.694490 0.089928 0.033717 0.061151
0 0.326891 0.649281 0.030428 0.057554
0 0.339227 0.095324 0.041941 0.089928
0 0.327303 0.839928 0.027961 0.071942
0 0.344984 0.180755 0.048520 0.080935
0 0.563734 0.209532 0.025493 0.052158
0 0.182155 0.303957 0.037007 0.075540
0 0.893092 0.765288 0.046053 0.116906
0 0.208882 0.691547 0.029605 0.084532
0 0.598273 0.040468 0.002467 0.008993
0 0.770148 0.048561 0.004112 0.010791
0 0.628289 0.572842 0.003289 0.008993
0 0.402961 0.382194 0.004934 0.012590
0 0.733964 0.236511 0.004112 0.008993
0 0.703947 0.683453 0.003289 0.010791
0 0.761102 0.882194 0.004112 0.008993
0 0.395970 0.338129 0.004112 0.010791
0 0.819079 0.890288 0.003289 0.010791
0 0.563322 0.812050 0.004934 0.008993
0 0.850740 0.418165 0.004112 0.008993
0 0.166118 0.856115 0.003289 0.007194
0 0.275082 0.118705 0.004112 0.010791
0 0.411595 0.912770 0.004112 0.008993
0 0.867188 0.401978 0.004112 0.008993
0 0.367188 0.512590 0.004112 0.007194
0 0.573191 0.970324 0.003289 0.008993
0 0.602385 0.535971 0.004112 0.014388
0 0.468339 0.353417 0.004112 0.012590
0 0.803454 0.249101 0.004934 0.008993
0 0.793174 0.380396 0.005757 0.016187
0 0.386102 0.817446 0.004112 0.008993
0 0.847039 0.352518 0.004934 0.010791
0 0.168174 0.463129 0.004112 0.008993
0 0.518092 0.026978 0.004934 0.010791
0 0.709293 0.778777 0.004112 0.010791
0 0.558388 0.644784 0.004934 0.008993
0 0.333470 0.724820 0.004112 0.007194
0 0.477385 0.126799 0.004112 0.012590
0 0.555510 0.174460 0.004112 0.014388
0 0.317023 0.913669 0.004112 0.010791
0 0.681332 0.838130 0.004112 0.010791
0 0.466283 0.580036 0.003289 0.012590
0 0.698191 0.225719 0.004934 0.008993
0 0.466694 0.927158 0.004112 0.008993
0 0.480263 0.571942 0.003289 0.010791
0 0.503289 0.128597 0.004934 0.012590
0 0.859786 0.227518 0.004112 0.012590
0 0.233964 0.299460 0.004112 0.012590
0 0.693668 0.887590 0.004112 0.008993
0 0.388980 0.896583 0.004934 0.008993
0 0.488076 0.686151 0.005757 0.008993
0 0.801398 0.812050 0.004112 0.012590
0 0.469984 0.608813 0.004112 0.012590
0 0.282072 0.561151 0.004934 0.010791
0 0.185033 0.837230 0.003289 0.019784
0 0.192434 0.082734 0.008224 0.021583
0 0.084704 0.005396 0.004934 0.010791
0 0.560033 0.571043 0.006579 0.016187
0 0.509868 0.593525 0.004934 0.010791
0 0.660362 0.597122 0.006579 0.010791
0 0.239720 0.242806 0.005757 0.010791
0 0.856908 0.121403 0.006579 0.016187
0 0.502878 0.933453 0.005757 0.014388
0 0.678454 0.872302 0.006579 0.014388
0 0.564556 0.712230 0.007401 0.014388
0 0.741365 0.053058 0.005757 0.016187
