0 0.664474 0.183453 0.009868 0.021583
0 0.809211 0.883993 0.008224 0.016187
0 0.325658 0.805755 0.011513 0.017986
0 0.666118 0.391187 0.008224 0.026978
0 0.724507 0.597122 0.008224 0.025180
0 0.320724 0.006295 0.019737 0.012590
0 0.671464 0.461331 0.009046 0.026978
0 0.905428 0.130396 0.013158 0.030575
0 0.810855 0.405576 0.011513 0.026978
0 0.614720 0.045863 0.013980 0.030575
0 0.412007 0.696043 0.024671 0.046763
0 0.801398 0.508094 0.010691 0.026978
0 0.516036 0.012590 0.025493 0.025180
0 0.819079 0.782374 0.016447 0.028777
0 0.557977 0.089928 0.018915 0.028777
0 0.564145 0.892086 0.014803 0.039568
0 0.130757 0.845324 0.019737 0.032374
0 0.886513 0.748201 0.023026 0.053957
0 0.476562 0.691547 0.022204 0.059353
0 0.324836 0.148381 0.027961 0.062950
0 0.757812 0.022482 0.040296 0.044964
0 0.094984 0.121403 0.035362 0.048561
0 0.179688 0.976619 0.041941 0.043165
0 0.845806 0.077338 0.027138 0.053957
0 0.405839 0.108813 0.028783 0.062950
0 0.495477 0.615108 0.027138 0.039568
0 0.254523 0.021583 0.027138 0.043165
0 0.760280 0.496403 0.023849 0.053957
0 0.427220 0.728417 0.061678 0.075540
0 0.211349 0.350719 0.023026 0.061151
0 0.549753 0.666367 0.048520 0.102518
0 0.078536 0.089029 0.033717 0.062950
0 0.568668 0.322842 0.017270 0.044964
0 0.592105 0.447842 0.021382 0.050360
0 0.540707 0.321043 0.027138 0.059352
0 0.281661 0.766187 0.028783 0.057554
0 0.454770 0.093525 0.024671 0.050360
0 0.919408 0.681655 0.032895 0.053957
0 0.801398 0.970324 0.027138 0.048561
0 0.680921 0.040468 0.031250 0.062950
0 0.252467 0.787770 0.049342 0.075540
0 0.524671 0.767986 0.050987 0.115108
0 0.729441 0.035072 0.021382 0.070144
0 0.563734 0.753597 0.025493 0.057554
0 0.638980 0.326439 0.029605 0.044964
0 0.458059 0.963130 0.023026 0.048561
0 0.484375 0.297662 0.032895 0.059352
0 0.126645 0.367806 0.024671 0.052158
0 0.715049 0.816547 0.025493 0.050360
0 0.375000 0.540468 0.031250 0.062950
0 0.244655 0.297662 0.033717 0.066547
0 0.354441 0.274281 0.021382 0.062950
0 0.248766 0.686151 0.030428 0.073741
0 0.706003 0.046763 0.018915 0.057554
0 0.888158 0.265288 0.027961 0.059352
0 0.700247 0.208633 0.035362 0.071942
0 0.918174 0.928957 0.050164 0.066547
0 0.541118 0.411871 0.047697 0.115108
0 0.637747 0.669964 0.033717 0.095324
0 0.340461 0.439748 0.023026 0.077338
0 0.389391 0.922662 0.035362 0.071942
0 0.688322 0.106115 0.031250 0.064748
0 0.868421 0.970324 0.036184 0.059353
0 0.733553 0.260791 0.021382 0.061151
0 0.192845 0.764389 0.043586 0.079137
0 0.092105 0.810252 0.034540 0.066547
0 0.759457 0.288669 0.022204 0.052158
0 0.582237 0.945144 0.042763 0.088129
0 0.666530 0.258993 0.004112 0.010791
0 0.229030 0.092626 0.004112 0.008993
0 0.844984 0.109712 0.005757 0.010791
0 0.650082 0.074640 0.005757 0.008993
0 0.597862 0.714928 0.003289 0.008993
0 0.443668 0.306655 0.004112 0.008993
0 0.710938 0.508094 0.004112 0.008993
0 0.822780 0.002698 0.012335 0.005396
0 0.470395 0.758993 0.003289 0.010791
0 0.249589 0.219424 0.004112 0.010791
0 0.573602 0.589928 0.004112 0.010791
0 0.727796 0.656475 0.004934 0.010791
0 0.381990 0.992806 0.004112 0.010791
0 0.864309 0.637590 0.003289 0.008993
0 0.641447 0.758094 0.003289 0.008993
0 0.231908 0.450540 0.006579 0.012590
0 0.693668 0.663669 0.004112 0.010791
0 0.688322 0.846223 0.003289 0.012590
0 0.235197 0.133993 0.003289 0.012590
0 0.780016 0.214029 0.004112 0.010791
0 0.112253 0.885791 0.004112 0.008993
0 0.759868 0.777878 0.003289 0.008993
0 0.789885 0.846223 0.004112 0.008993
0 0.084293 0.034173 0.005757 0.010791
0 0.217928 0.905576 0.004934 0.008993
0 0.218750 0.482914 0.009868 0.030575
0 0.784951 0.710432 0.004112 0.010791
0 0.397615 0.355216 0.005757 0.016187
0 0.766447 0.580935 0.004934 0.010791
0 0.232730 0.740108 0.006579 0.012590
0 0.604852 0.750899 0.004112 0.012590
0 0.556743 0.169065 0.004934 0.010791
0 0.552220 0.608813 0.005757 0.016187
0 0.803865 0.476619 0.005757 0.014388
0 0.757812 0.377698 0.005757 0.014389
0 0.468750 0.634892 0.006579 0.014388
0 0.613487 0.642086 0.004934 0.017986
0 0.450247 0.220324 0.005757 0.016187
0 0.290296 0.032374 0.006579 0.014388
0 0.744243 0.881295 0.008224 0.017986
0 0.839227 0.716727 0.010691 0.012590
0 0.060444 0.084532 0.007401 0.025180
0 0.069079 0.863309 0.004934 0.017986
