0 0.729441 0.939748 0.008224 0.016187
0 0.748766 0.714029 0.012335 0.021583
0 0.660773 0.276079 0.009046 0.023381
0 0.800576 0.447842 0.010691 0.025180
0 0.644326 0.978417 0.009046 0.028777
0 0.407072 0.500899 0.011513 0.037770
0 0.664062 0.304856 0.015625 0.030575
0 0.502056 0.017986 0.013980 0.032374
0 0.426809 0.983813 0.018092 0.028777
0 0.388158 0.769784 0.018092 0.039568
0 0.475329 0.716727 0.026316 0.055755
0 0.724918 0.038669 0.028783 0.052158
0 0.589638 0.767986 0.019737 0.039568
0 0.160362 0.748201 0.029605 0.053957
0 0.700247 0.245504 0.020559 0.041367
0 0.394326 0.318345 0.060033 0.176259
0 0.843339 0.137590 0.028783 0.037770
0 0.178454 0.754496 0.021382 0.055755
0 0.731908 0.252698 0.037829 0.048561
0 0.558799 0.103417 0.022204 0.059352
0 0.869655 0.660971 0.023849 0.034173
0 0.534951 0.869604 0.015625 0.044964
0 0.905428 0.022482 0.026316 0.044964
0 0.690789 0.812050 0.023026 0.066547
0 0.764803 0.858813 0.021382 0.044964
0 0.567845 0.293165 0.040296 0.050360
0 0.635280 0.669964 0.035362 0.120504
0 0.505345 0.111511 0.038651 0.061151
0 0.825658 0.972122 0.037829 0.052158
0 0.769737 0.182554 0.021382 0.052158
0 0.398438 0.840827 0.027138 0.041367
0 0.804688 0.062950 0.041941 0.064748
0 0.899260 0.350719 0.035362 0.050360
0 0.547286 0.703237 0.018915 0.050360
0 0.610609 0.418165 0.037007 0.055755
0 0.437911 0.674460 0.025493 0.039568
0 0.238898 0.190647 0.025493 0.057554
0 0.695724 0.116906 0.021382 0.053957
0 0.603207 0.940647 0.023849 0.061151
0 0.366365 0.854317 0.025493 0.061151
0 0.247533 0.844424 0.034539 0.059353
0 0.769737 0.247302 0.027960 0.044964
0 0.369655 0.127698 0.030428 0.057554
0 0.823191 0.334532 0.034540 0.057554
0 0.725740 0.730216 0.027138 0.061151
0 0.650082 0.235612 0.025493 0.046763
0 0.744243 0.749101 0.027960 0.052158
0 0.681743 0.495504 0.019737 0.052158
0 0.624589 0.043166 0.025493 0.050360
0 0.310444 0.897482 0.033717 0.068345
0 0.780016 0.331835 0.025493 0.052158
0 0.677632 0.221223 0.024671 0.053957
0 0.584704 0.659173 0.021382 0.055755
0 0.653783 0.042266 0.034540 0.084532
0 0.585938 0.590827 0.058388 0.098921
0 0.671464 0.783273 0.027138 0.059353
0 0.733964 0.587230 0.037007 0.059353
0 0.777961 0.685252 0.026316 0.050360
0 0.446957 0.508094 0.046875 0.127698
0 0.766859 0.387590 0.022204 0.059352
0 0.907484 0.851619 0.027138 0.073741
0 0.232730 0.368705 0.029605 0.068345
0 0.840461 0.058453 0.031250 0.073741
0 0.164062 0.594424 0.032072 0.052158
0 0.908306 0.142986 0.033717 0.080935
0 0.393914 0.615108 0.049342 0.118705
0 0.864309 0.782374 0.024671 0.061151
0 0.522615 0.285971 0.028783 0.061151
0 0.272204 0.915468 0.024671 0.043166
0 0.517681 0.767986 0.045230 0.097122
0 0.643914 0.341727 0.034540 0.071942
0 0.177220 0.459532 0.035362 0.084532
0 0.273026 0.868705 0.026316 0.053957
0 0.555921 0.644784 0.003289 0.008993
0 0.293174 0.142986 0.004112 0.008993
0 0.544819 0.840827 0.004112 0.008993
0 0.366365 0.535072 0.004112 0.012590
0 0.645559 0.874101 0.004934 0.010791
0 0.290707 0.776079 0.004112 0.008993
0 0.497944 0.995504 0.012335 0.008993
0 0.466283 0.396583 0.004934 0.012590
0 0.601974 0.335432 0.003289 0.012590
0 0.759457 0.925360 0.004112 0.008993
0 0.493010 0.673561 0.004112 0.008993
0 0.166118 0.970324 0.004934 0.016187
0 0.604030 0.808453 0.004112 0.016187
0 0.698191 0.603417 0.003289 0.008993
0 0.554688 0.907374 0.004112 0.008993
0 0.206826 0.735611 0.004112 0.010791
0 0.441612 0.191547 0.003289 0.008993
0 0.557977 0.422662 0.004112 0.010791
0 0.674342 0.853417 0.004934 0.012590
0 0.844984 0.156475 0.007401 0.014388
0 0.181743 0.133993 0.004934 0.008993
0 0.634457 0.936151 0.004112 0.008993
0 0.541530 0.461331 0.005757 0.012590
0 0.764803 0.016187 0.004934 0.010791
0 0.516036 0.978417 0.004112 0.010791
0 0.675576 0.157374 0.004112 0.012590
0 0.344161 0.635791 0.005757 0.012590
0 0.870066 0.163669 0.004934 0.010791
0 0.856497 0.637590 0.005757 0.012590
0 0.419408 0.428058 0.004934 0.014389
0 0.230263 0.005396 0.004934 0.010791
0 0.526727 0.210432 0.004112 0.010791
0 0.461760 0.594424 0.004112 0.016187
0 0.285773 0.303957 0.005757 0.010791
0 0.485197 0.752698 0.004934 0.016187
0 0.157484 0.076439 0.005757 0.016187
0 0.810855 0.006295 0.024671 0.012590
0 0.338816 0.932554 0.008224 0.008993
0 0.783717 0.622302 0.006579 0.014388
0 0.636513 0.401079 0.004934 0.014389
0 0.655428 0.428957 0.008224 0.012590
0 0.742188 0.321043 0.005757 0.012590
0 0.618421 0.258993 0.008224 0.017986
0 0.566201 0.196043 0.007401 0.014388
0 0.805921 0.508094 0.006579 0.012590
0 0.070724 0.219424 0.008224 0.014388
