0 0.595806 0.473921 0.007401 0.016187
0 0.395559 0.226619 0.008224 0.014389
0 0.628701 0.080935 0.009046 0.017986
0 0.709293 0.359712 0.010691 0.021583
0 0.681743 0.857014 0.009868 0.019784
0 0.605263 0.479317 0.008224 0.023381
0 0.581414 0.066547 0.031250 0.064748
0 0.361020 0.091727 0.016447 0.028777
0 0.726151 0.305755 0.016447 0.028777
0 0.604030 0.979317 0.013980 0.034173
0 0.615132 0.015288 0.023026 0.030575
0 0.486431 0.774281 0.030428 0.077338
0 0.075247 0.248201 0.013980 0.028777
0 0.692023 0.360611 0.017270 0.026978
0 0.764803 0.014389 0.031250 0.028777
0 0.571957 0.040468 0.043585 0.080935
0 0.506990 0.750899 0.013980 0.034173
0 0.669819 0.149281 0.015625 0.032374
0 0.174342 0.360611 0.041118 0.059352
0 0.293586 0.889389 0.019737 0.059353
0 0.070312 0.709532 0.035362 0.116906
0 0.699424 0.883993 0.032072 0.052158
0 0.733964 0.947842 0.033717 0.064748
0 0.349095 0.033273 0.055099 0.066547
0 0.639803 0.017986 0.023026 0.035971
0 0.433388 0.410072 0.031250 0.068345
0 0.338405 0.343525 0.022204 0.039568
0 0.928454 0.530576 0.034539 0.064748
0 0.741776 0.756295 0.024671 0.059353
0 0.122533 0.267986 0.027960 0.043166
0 0.675164 0.433453 0.021382 0.053957
0 0.451480 0.369604 0.039474 0.077338
0 0.439145 0.677158 0.019737 0.048561
0 0.191612 0.767986 0.042763 0.068345
0 0.465872 0.743705 0.030428 0.052158
0 0.916118 0.825540 0.031250 0.057554
0 0.659128 0.468525 0.025493 0.052158
0 0.079359 0.960432 0.033717 0.053957
0 0.479852 0.640288 0.022204 0.057554
0 0.824424 0.442446 0.033717 0.071942
0 0.209293 0.184353 0.030428 0.055755
0 0.643914 0.836331 0.023026 0.035971
0 0.671053 0.896583 0.029605 0.055755
0 0.335938 0.589029 0.035362 0.059353
0 0.387336 0.847122 0.026316 0.064748
0 0.488898 0.893885 0.022204 0.046763
0 0.764803 0.970324 0.044408 0.059353
0 0.416530 0.753597 0.027138 0.039568
0 0.177220 0.823741 0.027138 0.061151
0 0.481908 0.330036 0.024671 0.059352
0 0.449013 0.615108 0.029605 0.064748
0 0.314967 0.891187 0.039474 0.070144
0 0.122944 0.678058 0.027138 0.068345
0 0.518503 0.092626 0.035362 0.052158
0 0.521382 0.933453 0.027960 0.057554
0 0.252056 0.919964 0.030428 0.052158
0 0.794819 0.275180 0.035362 0.061151
0 0.604852 0.831835 0.027138 0.080935
0 0.252056 0.351619 0.032072 0.048561
0 0.382812 0.905576 0.020559 0.052158
0 0.664885 0.047662 0.030428 0.044964
0 0.356908 0.243705 0.041118 0.059353
0 0.215872 0.964928 0.051809 0.070144
0 0.569490 0.483813 0.027138 0.071942
0 0.347039 0.941547 0.029605 0.052158
0 0.634457 0.625899 0.035362 0.068345
0 0.690378 0.274281 0.028783 0.062950
0 0.122533 0.458633 0.034540 0.061151
0 0.568668 0.384892 0.040296 0.075540
0 0.840049 0.670863 0.030428 0.057554
0 0.467516 0.488309 0.041941 0.080935
0 0.477796 0.206835 0.029605 0.053957
0 0.207648 0.256295 0.041941 0.080935
0 0.193668 0.071043 0.063322 0.138489
0 0.437911 0.182554 0.035362 0.088129
0 0.341283 0.784173 0.003289 0.007194
0 0.807566 0.617806 0.003289 0.008993
0 0.777549 0.616906 0.004112 0.014388
0 0.406250 0.378597 0.003289 0.012590
0 0.777138 0.873201 0.003289 0.012590
0 0.856497 0.492806 0.004112 0.010791
0 0.154194 0.839928 0.004112 0.014388
0 0.560855 0.335432 0.003289 0.012590
0 0.633635 0.939748 0.004112 0.008993
0 0.789062 0.947842 0.004112 0.010791
0 0.551398 0.609712 0.004112 0.014388
0 0.645970 0.594424 0.005757 0.016187
0 0.117188 0.204137 0.004112 0.019784
0 0.825658 0.934353 0.004934 0.008993
0 0.476562 0.696942 0.004112 0.008993
0 0.527138 0.645683 0.003289 0.010791
0 0.745888 0.525180 0.004934 0.010791
0 0.410362 0.644784 0.004934 0.012590
0 0.237253 0.889389 0.004112 0.012590
0 0.366776 0.366007 0.004934 0.012590
0 0.693257 0.319245 0.004934 0.012590
0 0.363076 0.652878 0.005757 0.010791
0 0.700658 0.077338 0.004934 0.010791
0 0.573191 0.190647 0.003289 0.010791
0 0.549342 0.934353 0.003289 0.012590
0 0.634868 0.449640 0.004934 0.010791
0 0.917352 0.713130 0.004112 0.012590
0 0.175164 0.591727 0.004934 0.010791
0 0.665707 0.500000 0.004112 0.014388
0 0.148438 0.913669 0.004112 0.010791
0 0.794408 0.340827 0.004934 0.008993
0 0.445312 0.750899 0.005757 0.012590
0 0.612253 0.321942 0.007401 0.017986
0 0.574836 0.837230 0.006579 0.012590
0 0.306332 0.567446 0.005757 0.016187
0 0.131579 0.747302 0.006579 0.008993
0 0.750000 0.366007 0.004934 0.016187
0 0.390625 0.056655 0.004934 0.012590
0 0.227796 0.693345 0.004934 0.012590
0 0.620477 0.946942 0.005757 0.012590
0 0.319079 0.219424 0.004934 0.010791
0 0.519737 0.418165 0.004934 0.016187
0 0.826891 0.884892 0.004112 0.014388
0 0.564145 0.940647 0.006579 0.010791
0 0.510280 0.299460 0.004112 0.012590
0 0.343339 0.991007 0.012336 0.014388
0 0.323191 0.009892 0.004934 0.016187
0 0.717105 0.011691 0.006579 0.012590
0 0.504523 0.457734 0.004112 0.012590
0 0.633224 0.851619 0.008224 0.012590
0 0.592928 0.194245 0.004934 0.010791
0 0.667763 0.647482 0.006579 0.014388
0 0.685033 0.185252 0.006579 0.014388
0 0.825247 0.322842 0.005757 0.016187
0 0.604441 0.672662 0.004934 0.014388
0 0.605263 0.182554 0.006579 0.016187
0 0.429688 0.319245 0.007401 0.012590
0 0.431332 0.533273 0.005757 0.012590
0 0.442434 0.295863 0.008224 0.016187
0 0.796875 0.035971 0.006579 0.014388
0 0.287418 0.318345 0.005757 0.017986
0 0.582648 0.924460 0.007401 0.014388
0 0.729030 0.955036 0.020559 0.050360
0 0.741776 0.940647 0.018092 0.053957
0 0.056332 0.706835 0.015625 0.100719
