0 0.593750 0.569245 0.011513 0.023381
0 0.575658 0.839928 0.006579 0.021583
0 0.189967 0.404676 0.008224 0.021583
0 0.758224 0.363309 0.011513 0.017986
0 0.746299 0.749101 0.018915 0.034173
0 0.697780 0.851619 0.009046 0.030575
0 0.409539 0.088130 0.009868 0.021583
0 0.361431 0.735611 0.009046 0.028777
0 0.324424 0.767086 0.010691 0.034173
0 0.545641 0.616007 0.015625 0.034173
0 0.620477 0.387590 0.015625 0.026978
0 0.671053 0.983813 0.026316 0.028777
0 0.374589 0.305755 0.032072 0.064748
0 0.348273 0.269784 0.035362 0.075540
0 0.476562 0.940647 0.033717 0.057554
0 0.388158 0.949640 0.021382 0.053957
0 0.630345 0.017086 0.028783 0.034173
0 0.456826 0.982014 0.020559 0.032374
0 0.228207 0.091727 0.060033 0.093525
0 0.622533 0.282374 0.021382 0.053957
0 0.573191 0.034173 0.016447 0.046763
0 0.593750 0.093525 0.027960 0.050360
0 0.739309 0.474820 0.027960 0.057554
0 0.292763 0.294964 0.034540 0.057554
0 0.540296 0.551259 0.039474 0.066547
0 0.889803 0.922662 0.024671 0.046763
0 0.740543 0.789568 0.032072 0.086331
0 0.626645 0.224820 0.024671 0.061151
0 0.600740 0.701439 0.020559 0.050360
0 0.703125 0.250899 0.034540 0.062950
0 0.164474 0.852518 0.042763 0.050360
0 0.754112 0.021583 0.029605 0.043165
0 0.921464 0.063849 0.027138 0.062950
0 0.777961 0.248201 0.049342 0.082734
0 0.326480 0.050360 0.023026 0.075540
0 0.672697 0.455935 0.021382 0.055755
0 0.401727 0.423561 0.025493 0.073741
0 0.316201 0.432554 0.030428 0.059353
0 0.361020 0.900180 0.027961 0.055755
0 0.411595 0.598022 0.023849 0.077338
0 0.567434 0.453237 0.019737 0.057554
0 0.855263 0.254496 0.029605 0.044964
0 0.593750 0.041367 0.026316 0.061151
0 0.625411 0.815647 0.038651 0.073741
0 0.246711 0.560252 0.036184 0.062950
0 0.716694 0.485611 0.023849 0.075540
0 0.403372 0.261691 0.023849 0.070144
0 0.449424 0.644784 0.027138 0.052158
0 0.365543 0.946942 0.023849 0.052158
0 0.667352 0.255396 0.033717 0.057554
0 0.731497 0.580935 0.032072 0.064748
0 0.500822 0.713130 0.034540 0.073741
0 0.636513 0.130396 0.046053 0.073741
0 0.383224 0.885791 0.021382 0.055755
0 0.819079 0.232014 0.026316 0.071942
0 0.518914 0.441547 0.021382 0.062950
0 0.631579 0.413669 0.027960 0.064748
0 0.591283 0.823741 0.029605 0.068345
0 0.186678 0.649281 0.049342 0.118705
0 0.182977 0.941547 0.035362 0.066547
0 0.629523 0.698741 0.020559 0.062950
0 0.269326 0.246403 0.058388 0.093525
0 0.648438 0.569245 0.028783 0.084532
0 0.773026 0.515288 0.031250 0.080935
0 0.635691 0.633993 0.003289 0.008993
0 0.276316 0.524281 0.004934 0.012590
0 0.560855 0.733813 0.003289 0.010791
0 0.578536 0.223022 0.004112 0.010791
0 0.493010 0.857914 0.004112 0.010791
0 0.841694 0.638489 0.004112 0.010791
0 0.337993 0.746403 0.003289 0.010791
0 0.522615 0.383993 0.004112 0.008993
0 0.875822 0.329137 0.004934 0.010791
0 0.287007 0.461331 0.004934 0.008993
0 0.706003 0.400180 0.005757 0.012590
0 0.889391 0.992806 0.004112 0.010791
0 0.525905 0.959532 0.004112 0.008993
0 0.538651 0.309353 0.004934 0.010791
0 0.330592 0.357914 0.003289 0.010791
0 0.203947 0.740108 0.004934 0.008993
0 0.518092 0.148381 0.004934 0.008993
0 0.528372 0.857914 0.004112 0.014388
0 0.518092 0.903777 0.004934 0.012590
0 0.448191 0.463129 0.004934 0.012590
0 0.450658 0.812050 0.006579 0.012590
0 0.444490 0.293165 0.005757 0.010791
0 0.574013 0.062950 0.009868 0.014388
0 0.777961 0.071942 0.006579 0.014388
0 0.514391 0.830935 0.005757 0.010791
0 0.308799 0.501799 0.007401 0.010791
0 0.543586 0.148381 0.006579 0.012590
0 0.481086 0.264389 0.006579 0.017986
0 0.305921 0.685252 0.008224 0.010791
0 0.334704 0.804856 0.004934 0.012590
0 0.849918 0.071043 0.009046 0.012590
