0 0.444901 0.473921 0.013158 0.019784
0 0.790296 0.967626 0.008224 0.017986
0 0.731497 0.703237 0.007401 0.021583
0 0.489720 0.725719 0.009046 0.019784
0 0.444901 0.293165 0.009868 0.021583
0 0.585938 0.017086 0.010691 0.019784
0 0.530839 0.353417 0.009046 0.030575
0 0.634868 0.251799 0.011513 0.017986
0 0.333059 0.908273 0.011513 0.025180
0 0.886102 0.225719 0.025493 0.052158
0 0.442023 0.013489 0.035362 0.026978
0 0.411184 0.014389 0.021382 0.028777
0 0.725329 0.750899 0.019737 0.066547
0 0.891859 0.035072 0.068257 0.070144
0 0.406661 0.515288 0.025493 0.052158
0 0.300576 0.312050 0.025493 0.066547
0 0.357319 0.049460 0.025493 0.030575
0 0.811266 0.223921 0.020559 0.059353
0 0.640214 0.499101 0.028783 0.041367
0 0.352796 0.278777 0.021382 0.039568
0 0.619655 0.017086 0.025493 0.034173
0 0.301398 0.665468 0.043585 0.122302
0 0.253701 0.475719 0.063322 0.134892
0 0.752878 0.914568 0.041941 0.059353
0 0.485609 0.257194 0.030428 0.053957
0 0.652961 0.601619 0.042763 0.052158
0 0.117599 0.825540 0.034540 0.050360
0 0.198602 0.919964 0.027138 0.059352
0 0.886513 0.973022 0.023026 0.046763
0 0.399260 0.696043 0.030428 0.050360
0 0.373355 0.863309 0.027961 0.057554
0 0.829359 0.092626 0.030428 0.059352
0 0.078125 0.344424 0.041118 0.062950
0 0.687089 0.030575 0.030428 0.061151
0 0.596628 0.044964 0.032072 0.057554
0 0.708470 0.116007 0.043585 0.145683
0 0.602385 0.229317 0.030428 0.059353
0 0.634046 0.543165 0.024671 0.057554
0 0.342516 0.783273 0.033717 0.062950
0 0.326891 0.868705 0.023849 0.050360
0 0.247944 0.646583 0.030428 0.066547
0 0.225740 0.152878 0.045230 0.071942
0 0.637747 0.184353 0.025493 0.055755
0 0.416530 0.810252 0.028783 0.044964
0 0.516859 0.391187 0.025493 0.048561
0 0.534128 0.200540 0.030428 0.066547
0 0.423109 0.928957 0.017270 0.052158
0 0.398438 0.132194 0.046875 0.062950
0 0.680921 0.676259 0.026316 0.068345
0 0.107319 0.642986 0.033717 0.055755
0 0.303043 0.830036 0.032072 0.073741
0 0.513980 0.789568 0.026316 0.071942
0 0.261924 0.184353 0.023849 0.080935
0 0.800987 0.658273 0.039474 0.064748
0 0.419408 0.444245 0.024671 0.050360
0 0.327303 0.162770 0.031250 0.059352
0 0.364309 0.167266 0.031250 0.068345
0 0.543174 0.758993 0.028783 0.068345
0 0.602796 0.440647 0.031250 0.068345
0 0.122533 0.563849 0.029605 0.052158
0 0.905428 0.271583 0.029605 0.075540
0 0.354030 0.628597 0.035362 0.073741
0 0.706414 0.846223 0.029605 0.070144
0 0.374178 0.929856 0.059211 0.111511
0 0.147615 0.235612 0.033717 0.050360
0 0.770970 0.565647 0.043585 0.066547
0 0.566201 0.702338 0.046875 0.084532
0 0.414474 0.298561 0.036184 0.057554
0 0.536595 0.097122 0.028783 0.075540
0 0.344572 0.458633 0.042763 0.082734
0 0.496711 0.029676 0.026316 0.059353
0 0.458059 0.154676 0.037829 0.111511
0 0.758635 0.085432 0.041941 0.084532
0 0.784128 0.401978 0.037007 0.084532
0 0.509046 0.866007 0.003289 0.008993
0 0.604030 0.826439 0.004112 0.008993
0 0.493832 0.580935 0.004112 0.010791
0 0.588816 0.767986 0.003289 0.007194
0 0.332648 0.249101 0.004112 0.008993
0 0.687500 0.269784 0.004934 0.010791
0 0.518092 0.708633 0.003289 0.010791
0 0.658306 0.004496 0.004112 0.008993
0 0.404194 0.990108 0.004112 0.012590
0 0.837171 0.990108 0.034540 0.019784
0 0.579770 0.357014 0.003289 0.012590
0 0.667352 0.198741 0.004112 0.008993
0 0.276316 0.009892 0.004934 0.012590
0 0.669819 0.866906 0.004112 0.010791
0 0.638569 0.224820 0.005757 0.010791
0 0.358964 0.089928 0.004112 0.010791
0 0.623355 0.664568 0.003289 0.008993
0 0.784951 0.257194 0.004112 0.010791
0 0.578536 0.631295 0.004112 0.010791
0 0.061266 0.004496 0.018915 0.008993
0 0.476974 0.362410 0.004934 0.008993
0 0.349507 0.940647 0.006579 0.021583
0 0.154194 0.872302 0.004112 0.017986
0 0.266036 0.120504 0.004112 0.010791
0 0.500822 0.972122 0.004934 0.008993
0 0.416118 0.538669 0.004934 0.019784
0 0.572780 0.029676 0.004112 0.012590
0 0.461760 0.351619 0.007401 0.012590
0 0.800576 0.558453 0.007401 0.012590
0 0.299753 0.634892 0.037007 0.064748
0 0.382812 0.363309 0.007401 0.010791
0 0.310444 0.110612 0.004112 0.012590
0 0.819901 0.285971 0.004934 0.010791
0 0.826480 0.965827 0.006579 0.014388
0 0.685444 0.915468 0.005757 0.014389
0 0.348684 0.211331 0.006579 0.012590
0 0.751645 0.839928 0.006579 0.010791
0 0.671053 0.785072 0.006579 0.012590
0 0.780016 0.145683 0.005757 0.017986
0 0.908306 0.027878 0.032072 0.055755
0 0.878289 0.038669 0.034539 0.062950
