0 0.625000 0.982914 0.006579 0.016187
0 0.776727 0.115108 0.009046 0.017986
0 0.427632 0.532374 0.008224 0.021583
0 0.486431 0.247302 0.010691 0.019784
0 0.529194 0.199640 0.009046 0.017986
0 0.662418 0.396583 0.010691 0.023381
0 0.570724 0.074640 0.011513 0.023381
0 0.577714 0.706835 0.015625 0.025180
0 0.324013 0.308453 0.036184 0.070144
0 0.876234 0.526079 0.018914 0.041367
0 0.758224 0.986511 0.026316 0.023381
0 0.704359 0.416367 0.022204 0.066547
0 0.545641 0.673561 0.015625 0.030575
0 0.201069 0.033273 0.030428 0.062950
0 0.830181 0.537770 0.017270 0.039568
0 0.707648 0.983813 0.025493 0.028777
0 0.450247 0.232014 0.032072 0.046763
0 0.402961 0.017986 0.027961 0.035971
0 0.538240 0.245504 0.028783 0.048561
0 0.726562 0.869604 0.017270 0.044964
0 0.313734 0.037770 0.025493 0.050360
0 0.925164 0.327338 0.016447 0.046763
0 0.874589 0.609712 0.037007 0.050360
0 0.349918 0.222122 0.027138 0.037770
0 0.677632 0.633993 0.034540 0.066547
0 0.556332 0.797662 0.015625 0.048561
0 0.153372 0.031475 0.037007 0.055755
0 0.072780 0.762590 0.020559 0.061151
0 0.791941 0.073741 0.024671 0.053957
0 0.318668 0.109712 0.038651 0.068345
0 0.287418 0.068345 0.027138 0.057554
0 0.378701 0.175360 0.027138 0.048561
0 0.824013 0.437050 0.024671 0.053957
0 0.101974 0.091727 0.031250 0.050360
0 0.408717 0.934353 0.074013 0.091727
0 0.773438 0.735611 0.023849 0.053957
0 0.844161 0.367806 0.028783 0.041367
0 0.081826 0.591727 0.038651 0.061151
0 0.419819 0.249101 0.037007 0.055755
0 0.284951 0.555755 0.038651 0.075540
0 0.194490 0.264389 0.023849 0.050360
0 0.477385 0.962230 0.035362 0.075540
0 0.555510 0.101619 0.045230 0.062950
0 0.127467 0.129496 0.039474 0.075540
0 0.356497 0.140288 0.035362 0.064748
0 0.737664 0.767086 0.029605 0.048561
0 0.377878 0.064748 0.045230 0.064748
0 0.888158 0.944245 0.060855 0.082734
0 0.128701 0.071942 0.032072 0.050360
0 0.681743 0.578237 0.024671 0.048561
0 0.246299 0.297662 0.032072 0.059352
0 0.500822 0.570144 0.026316 0.053957
0 0.540296 0.285072 0.026316 0.048561
0 0.896793 0.409173 0.023849 0.048561
0 0.841283 0.209532 0.037829 0.052158
0 0.805921 0.804856 0.024671 0.059353
0 0.525905 0.125000 0.023849 0.059353
0 0.136924 0.800360 0.061678 0.100719
0 0.560444 0.414568 0.038651 0.062950
0 0.150493 0.542266 0.026316 0.048561
0 0.446135 0.639389 0.035362 0.084532
0 0.746711 0.698741 0.026316 0.048561
0 0.666118 0.043166 0.021382 0.064748
0 0.231086 0.158273 0.037829 0.068345
0 0.329770 0.937050 0.036184 0.071942
0 0.828125 0.629496 0.026316 0.057554
0 0.304688 0.166367 0.040296 0.077338
0 0.312089 0.374101 0.032072 0.050360
0 0.277961 0.383094 0.026316 0.061151
0 0.429688 0.325540 0.058388 0.086331
0 0.733553 0.484712 0.049342 0.109712
0 0.704770 0.852518 0.027960 0.075540
0 0.685444 0.157374 0.002467 0.012590
0 0.241365 0.574640 0.004112 0.008993
0 0.647615 0.393885 0.004112 0.010791
0 0.491365 0.062950 0.004112 0.010791
0 0.501645 0.666367 0.003289 0.008993
0 0.360197 0.464928 0.003289 0.008993
0 0.502467 0.907374 0.003289 0.008993
0 0.364309 0.551259 0.003289 0.008993
0 0.453947 0.877698 0.003289 0.010791
0 0.817023 0.745504 0.002467 0.008993
0 0.536595 0.033273 0.004112 0.008993
0 0.247533 0.873201 0.003289 0.008993
0 0.641859 0.873201 0.004112 0.008993
0 0.146793 0.625000 0.004112 0.012590
0 0.263158 0.839928 0.003289 0.014388
0 0.633635 0.562950 0.004112 0.010791
0 0.378701 0.986511 0.004112 0.008993
0 0.729852 0.169964 0.004112 0.008993
0 0.180510 0.477518 0.004112 0.008993
0 0.645970 0.088129 0.005757 0.010791
0 0.269326 0.772482 0.004112 0.012590
0 0.300576 0.774281 0.004112 0.012590
0 0.475740 0.108813 0.004112 0.012590
0 0.215872 0.482914 0.004112 0.008993
0 0.520970 0.738309 0.004112 0.008993
0 0.623355 0.776079 0.003289 0.008993
0 0.755757 0.215827 0.004934 0.010791
0 0.725329 0.046763 0.004934 0.010791
0 0.481908 0.681655 0.003289 0.010791
0 0.841283 0.734712 0.003289 0.012590
0 0.519326 0.884892 0.004112 0.010791
0 0.217105 0.619604 0.004934 0.008993
0 0.708059 0.434353 0.016447 0.030575
0 0.334293 0.353417 0.007401 0.012590
0 0.446957 0.510791 0.005757 0.010791
0 0.827714 0.099820 0.007401 0.012590
0 0.095806 0.689748 0.004112 0.016187
0 0.646382 0.434353 0.008224 0.037770
0 0.200247 0.086331 0.009046 0.014388
