0 0.296053 0.007194 0.021382 0.014389
0 0.722039 0.857914 0.009868 0.021583
0 0.793586 0.008993 0.018092 0.017986
0 0.745477 0.208633 0.028783 0.043165
0 0.619243 0.702338 0.009868 0.023381
0 0.774671 0.207734 0.008224 0.023381
0 0.537829 0.708633 0.009868 0.021583
0 0.467105 0.981115 0.011513 0.030575
0 0.498766 0.203237 0.010691 0.017986
0 0.692434 0.154676 0.011513 0.025180
0 0.538651 0.044065 0.013158 0.026978
0 0.456003 0.666367 0.015625 0.037770
0 0.760691 0.576439 0.019737 0.030575
0 0.475740 0.358813 0.066612 0.113309
0 0.350329 0.804856 0.041118 0.073741
0 0.200658 0.640288 0.032895 0.061151
0 0.421875 0.473022 0.019737 0.057554
0 0.837171 0.825540 0.036184 0.053957
0 0.722862 0.209532 0.065790 0.120504
0 0.625822 0.532374 0.026316 0.064748
0 0.452303 0.829137 0.026316 0.046763
0 0.719572 0.566547 0.024671 0.053957
0 0.601562 0.844424 0.020559 0.066547
0 0.758635 0.254496 0.035362 0.048561
0 0.788240 0.566547 0.025493 0.057554
0 0.191201 0.976619 0.041941 0.043165
0 0.531250 0.071942 0.029605 0.057554
0 0.906661 0.842626 0.033717 0.044964
0 0.557566 0.119604 0.019737 0.048561
0 0.193668 0.019784 0.025493 0.039568
0 0.729441 0.710432 0.021382 0.043166
0 0.833470 0.870504 0.032072 0.043166
0 0.343339 0.455036 0.027138 0.061151
0 0.830181 0.647482 0.027138 0.043166
0 0.572368 0.209532 0.059210 0.059352
0 0.754523 0.868705 0.028783 0.057554
0 0.569901 0.837230 0.034540 0.070144
0 0.541941 0.590827 0.031250 0.062950
0 0.361431 0.276978 0.027138 0.071942
0 0.659951 0.482914 0.028783 0.055755
0 0.284539 0.807554 0.023026 0.071942
0 0.535773 0.841727 0.037007 0.061151
0 0.657895 0.053058 0.026316 0.052158
0 0.616776 0.152878 0.029605 0.057554
0 0.857319 0.595324 0.048520 0.064748
0 0.403783 0.474820 0.021382 0.053957
0 0.877467 0.696043 0.023026 0.050360
0 0.530016 0.250000 0.028783 0.057554
0 0.141859 0.164568 0.027138 0.062950
0 0.498355 0.724820 0.029605 0.071942
0 0.370066 0.059353 0.026316 0.057554
0 0.572780 0.453237 0.025493 0.057554
0 0.837171 0.481115 0.027960 0.048561
0 0.488076 0.538669 0.032072 0.062950
0 0.448191 0.508094 0.036184 0.070144
0 0.238487 0.816547 0.029605 0.050360
0 0.222862 0.340827 0.027960 0.062950
0 0.450247 0.076439 0.030428 0.059352
0 0.897204 0.514389 0.044408 0.093525
0 0.099095 0.113309 0.069901 0.136691
0 0.241365 0.643885 0.032072 0.064748
0 0.662418 0.110612 0.033717 0.066547
0 0.395559 0.274281 0.039474 0.088129
0 0.221628 0.589928 0.025493 0.053957
0 0.557977 0.629496 0.028783 0.071942
0 0.205592 0.516187 0.049342 0.097122
0 0.433799 0.320144 0.032072 0.086331
0 0.218339 0.901079 0.037007 0.089928
0 0.668174 0.167266 0.004112 0.010791
0 0.817845 0.955036 0.004112 0.010791
0 0.779605 0.937950 0.003289 0.008993
0 0.306332 0.179856 0.004112 0.010791
0 0.598273 0.352518 0.004112 0.010791
0 0.183388 0.088129 0.003289 0.010791
0 0.539062 0.961331 0.004112 0.008993
0 0.682977 0.805755 0.004112 0.010791
0 0.229852 0.546763 0.005757 0.014388
0 0.553454 0.254496 0.003289 0.012590
0 0.580592 0.518885 0.003289 0.012590
0 0.660773 0.937950 0.004112 0.008993
0 0.765625 0.917266 0.003289 0.010791
0 0.648026 0.171763 0.004934 0.008993
0 0.509868 0.192446 0.008224 0.021583
0 0.316612 0.542266 0.004934 0.012590
0 0.661595 0.738309 0.004112 0.008993
0 0.557566 0.082734 0.004934 0.014388
0 0.912007 0.561151 0.004934 0.014388
0 0.517681 0.671763 0.005757 0.008993
0 0.168997 0.153777 0.004112 0.012590
0 0.832648 0.062050 0.004112 0.012590
0 0.727796 0.010791 0.006579 0.014389
0 0.628289 0.991007 0.004934 0.014388
0 0.470395 0.647482 0.004934 0.014388
0 0.459704 0.562950 0.004934 0.014388
0 0.597039 0.898381 0.004934 0.016187
0 0.553043 0.887590 0.007401 0.012590
0 0.886513 0.211331 0.006579 0.016187
0 0.643092 0.219424 0.006579 0.017986
0 0.622533 0.744604 0.006579 0.014388
0 0.916530 0.786870 0.009046 0.012590
0 0.670641 0.704137 0.009046 0.012590
