0 0.532895 0.401079 0.009868 0.014389
0 0.666530 0.063849 0.005757 0.016187
0 0.576891 0.141187 0.010691 0.016187
0 0.597039 0.496403 0.011513 0.028777
0 0.657895 0.806655 0.008224 0.016187
0 0.636102 0.279676 0.009046 0.023381
0 0.557977 0.828237 0.012335 0.023381
0 0.602796 0.988309 0.019737 0.019784
0 0.739720 0.443345 0.013980 0.019784
0 0.438322 0.721223 0.009868 0.028777
0 0.463405 0.230216 0.013980 0.028777
0 0.697368 0.030575 0.013158 0.035971
0 0.737664 0.713130 0.023026 0.052158
0 0.479852 0.257194 0.012335 0.028777
0 0.365954 0.987410 0.021382 0.025180
0 0.717516 0.016187 0.033717 0.032374
0 0.388980 0.911870 0.031250 0.053957
0 0.511513 0.355216 0.014803 0.034173
0 0.595395 0.303957 0.016447 0.028777
0 0.785773 0.199640 0.025493 0.061151
0 0.601562 0.410072 0.015625 0.032374
0 0.755345 0.694245 0.023849 0.053957
0 0.560033 0.117806 0.026316 0.037770
0 0.665296 0.789568 0.019737 0.028777
0 0.550164 0.265288 0.026316 0.066547
0 0.178043 0.039568 0.053454 0.079137
0 0.648438 0.729317 0.020559 0.034173
0 0.424342 0.825540 0.029605 0.086331
0 0.344161 0.858813 0.027138 0.041367
0 0.724095 0.060252 0.053454 0.059353
0 0.356086 0.888489 0.032895 0.071942
0 0.140625 0.020683 0.027960 0.041367
0 0.628289 0.322842 0.024671 0.048561
0 0.526316 0.250899 0.029605 0.077338
0 0.337171 0.050360 0.021382 0.050360
0 0.678043 0.026978 0.030428 0.053957
0 0.717516 0.182554 0.025493 0.055755
0 0.759868 0.196942 0.024671 0.044964
0 0.704359 0.229317 0.025493 0.044964
0 0.751645 0.749101 0.029605 0.059353
0 0.173109 0.497302 0.025493 0.062950
0 0.524671 0.372302 0.024671 0.053957
0 0.365543 0.747302 0.018914 0.048561
0 0.568668 0.730216 0.022204 0.061151
0 0.305099 0.564748 0.041118 0.064748
0 0.763569 0.971223 0.033717 0.053957
0 0.392681 0.874101 0.023849 0.039568
0 0.219984 0.293165 0.023849 0.053957
0 0.847451 0.906475 0.025493 0.043166
0 0.511102 0.929856 0.041941 0.053957
0 0.452303 0.282374 0.029605 0.071942
0 0.444079 0.958633 0.027960 0.068345
0 0.206003 0.089928 0.061678 0.089928
0 0.741365 0.285072 0.037007 0.066547
0 0.113898 0.347122 0.028783 0.053957
0 0.478618 0.692446 0.024671 0.046763
0 0.292763 0.783273 0.037829 0.073741
0 0.859786 0.791367 0.027138 0.053957
0 0.182566 0.312050 0.024671 0.055755
0 0.709704 0.611511 0.024671 0.046763
0 0.666941 0.973022 0.049342 0.050360
0 0.279605 0.175360 0.024671 0.048561
0 0.234786 0.428957 0.025493 0.044964
0 0.348684 0.298561 0.031250 0.068345
0 0.506579 0.279676 0.027960 0.055755
0 0.730674 0.231115 0.025493 0.055755
0 0.673109 0.821043 0.022204 0.048561
0 0.725740 0.917266 0.027138 0.079137
0 0.738898 0.583633 0.038651 0.062950
0 0.137747 0.088129 0.038651 0.089928
0 0.334293 0.139388 0.025493 0.052158
0 0.258224 0.785971 0.034540 0.075540
0 0.605263 0.198741 0.026316 0.052158
0 0.483141 0.110612 0.046875 0.080935
0 0.696135 0.784173 0.043585 0.129496
0 0.393503 0.039568 0.037007 0.079137
0 0.464227 0.848022 0.028783 0.066547
0 0.597862 0.602518 0.024671 0.068345
0 0.208882 0.221223 0.046053 0.093525
0 0.589638 0.886691 0.023026 0.061151
0 0.743010 0.825540 0.050165 0.104317
0 0.444079 0.547662 0.054276 0.124101
0 0.356497 0.075540 0.037007 0.079137
0 0.696135 0.346223 0.048520 0.116906
0 0.782895 0.419065 0.041118 0.082734
0 0.372944 0.319245 0.030428 0.052158
0 0.918997 0.919964 0.004112 0.008993
0 0.745066 0.209532 0.004934 0.012590
0 0.546464 0.754496 0.004112 0.008993
0 0.674753 0.272482 0.004112 0.008993
0 0.558799 0.896583 0.004112 0.012590
0 0.717105 0.507194 0.003289 0.014388
0 0.522204 0.053058 0.004934 0.008993
0 0.643503 0.258993 0.004112 0.010791
0 0.848273 0.872302 0.004112 0.010791
0 0.191612 0.840827 0.003289 0.012590
0 0.731497 0.676259 0.005757 0.010791
0 0.217516 0.979317 0.004112 0.008993
0 0.487253 0.799460 0.004112 0.012590
0 0.573602 0.295863 0.004112 0.012590
0 0.656661 0.466727 0.007401 0.016187
0 0.454359 0.224820 0.005757 0.014389
0 0.580181 0.138489 0.007401 0.014388
0 0.472862 0.008993 0.006579 0.010791
0 0.780428 0.074640 0.004934 0.012590
0 0.593750 0.233813 0.006579 0.010791
0 0.675164 0.635791 0.006579 0.012590
0 0.605674 0.758993 0.005757 0.014388
0 0.506168 0.065647 0.005757 0.012590
0 0.452303 0.206835 0.004934 0.014388
0 0.648849 0.318345 0.004934 0.014389
0 0.558388 0.604317 0.006579 0.010791
0 0.527138 0.043165 0.004934 0.017986
0 0.520148 0.731115 0.005757 0.012590
0 0.718750 0.272482 0.008224 0.012590
0 0.604441 0.375000 0.006579 0.016187
0 0.482730 0.149281 0.018092 0.021583
0 0.483141 0.489209 0.005757 0.014388
0 0.512747 0.149281 0.009046 0.014388
0 0.768914 0.013489 0.006579 0.012590
0 0.354030 0.021583 0.005757 0.017986
