0 0.695724 0.162770 0.008224 0.016187
0 0.695312 0.778777 0.007401 0.017986
0 0.601974 0.005396 0.011513 0.010791
0 0.358553 0.266187 0.009868 0.021583
0 0.326891 0.697842 0.010691 0.017986
0 0.241776 0.724820 0.008224 0.017986
0 0.721628 0.776079 0.009046 0.023381
0 0.343339 0.371403 0.010691 0.016187
0 0.377467 0.959532 0.008224 0.026978
0 0.568668 0.371403 0.012335 0.023381
0 0.484786 0.403777 0.009046 0.019784
0 0.469161 0.984712 0.010691 0.023381
0 0.530016 0.351619 0.012335 0.026978
0 0.552632 0.380396 0.014803 0.023381
0 0.409128 0.938849 0.012336 0.025180
0 0.560033 0.142986 0.013158 0.023381
0 0.590049 0.979317 0.030428 0.034173
0 0.375000 0.899281 0.013158 0.039568
0 0.625411 0.251799 0.027138 0.057554
0 0.499589 0.776978 0.025493 0.068345
0 0.412418 0.312950 0.017270 0.053957
0 0.601974 0.459532 0.023026 0.034173
0 0.606497 0.875000 0.023849 0.030575
0 0.570312 0.398381 0.015625 0.034173
0 0.223684 0.305755 0.021382 0.064748
0 0.376645 0.496403 0.026316 0.061151
0 0.827714 0.772482 0.025493 0.041367
0 0.669819 0.804856 0.025493 0.037770
0 0.204770 0.557554 0.019737 0.039568
0 0.286595 0.068345 0.027138 0.057554
0 0.422697 0.769784 0.029605 0.043166
0 0.650493 0.164568 0.024671 0.052158
0 0.655839 0.592626 0.025493 0.048561
0 0.664062 0.842626 0.030428 0.052158
0 0.587582 0.849820 0.020559 0.044964
0 0.377467 0.642986 0.021382 0.044964
0 0.520148 0.502698 0.025493 0.066547
0 0.414885 0.041367 0.046875 0.075540
0 0.700247 0.505396 0.033717 0.071942
0 0.559622 0.437050 0.032072 0.053957
0 0.629523 0.586331 0.028783 0.053957
0 0.336349 0.964928 0.036184 0.070144
0 0.576480 0.021583 0.027960 0.043165
0 0.561266 0.322842 0.027138 0.066547
0 0.793586 0.224820 0.031250 0.057554
0 0.614309 0.412770 0.023026 0.052158
0 0.277138 0.945144 0.037829 0.106115
0 0.583470 0.494604 0.025493 0.064748
0 0.927632 0.616007 0.052632 0.109712
0 0.437500 0.304856 0.034539 0.084532
0 0.670230 0.673561 0.039474 0.062950
0 0.919408 0.494604 0.034539 0.061151
0 0.164474 0.426259 0.065790 0.097122
0 0.712582 0.705036 0.025493 0.046763
0 0.506168 0.103417 0.030428 0.080935
0 0.798931 0.430755 0.032072 0.062950
0 0.898438 0.057554 0.058388 0.097122
0 0.500822 0.926259 0.062500 0.104317
0 0.720395 0.864209 0.032895 0.073741
0 0.736842 0.318345 0.044408 0.079137
0 0.861431 0.848921 0.030428 0.053957
0 0.240954 0.579137 0.050987 0.086331
0 0.807566 0.046763 0.029605 0.093525
0 0.259457 0.698741 0.027138 0.052158
0 0.602796 0.929856 0.036184 0.086331
0 0.809622 0.135791 0.030428 0.055755
0 0.685855 0.192446 0.029605 0.061151
0 0.085938 0.625000 0.037007 0.062950
0 0.215461 0.962230 0.039474 0.068345
0 0.083059 0.794065 0.029605 0.062950
0 0.643092 0.417266 0.039474 0.075540
0 0.516859 0.416367 0.038651 0.077338
0 0.581414 0.254496 0.036184 0.066547
0 0.233553 0.753597 0.027961 0.061151
0 0.210115 0.799460 0.004112 0.012590
0 0.601151 0.285072 0.003289 0.008993
0 0.407895 0.988309 0.003289 0.008993
0 0.532484 0.785072 0.004112 0.008993
0 0.782072 0.799460 0.003289 0.012590
0 0.785773 0.142986 0.004112 0.008993
0 0.522615 0.339029 0.004112 0.012590
0 0.358553 0.130396 0.004934 0.012590
0 0.660362 0.302158 0.003289 0.010791
0 0.933799 0.763489 0.004112 0.008993
0 0.602385 0.157374 0.004112 0.008993
0 0.543997 0.932554 0.004112 0.008993
0 0.675164 0.954137 0.004934 0.012590
0 0.687911 0.243705 0.004112 0.008993
0 0.630345 0.964928 0.004112 0.012590
0 0.464227 0.872302 0.004112 0.007194
0 0.333470 0.093525 0.004112 0.010791
0 0.778372 0.168165 0.007401 0.008993
0 0.271793 0.464029 0.004112 0.010791
0 0.759868 0.964029 0.003289 0.010791
0 0.634868 0.876799 0.003289 0.012590
0 0.660362 0.915468 0.003289 0.010791
0 0.627878 0.739209 0.004112 0.010791
0 0.381990 0.332734 0.004112 0.010791
0 0.956414 0.626799 0.006579 0.044964
0 0.564556 0.578237 0.004112 0.008993
0 0.724918 0.538669 0.004112 0.012590
0 0.367188 0.785072 0.004112 0.008993
0 0.459704 0.729317 0.004934 0.008993
0 0.453947 0.850719 0.004934 0.010791
0 0.552220 0.882194 0.005757 0.012590
0 0.228207 0.866906 0.004112 0.010791
0 0.494655 0.203237 0.005757 0.010791
0 0.831414 0.085432 0.004934 0.008993
0 0.822368 0.614209 0.004934 0.008993
0 0.314145 0.700540 0.006579 0.008993
0 0.496299 0.652878 0.004112 0.010791
0 0.121711 0.098022 0.008224 0.012590
0 0.146793 0.972122 0.007401 0.008993
0 0.729030 0.252698 0.005757 0.012590
0 0.526316 0.709532 0.008224 0.023381
0 0.259868 0.652878 0.006579 0.014388
0 0.217928 0.824640 0.006579 0.016187
0 0.131990 0.014389 0.009046 0.025180
