0 0.865954 0.219424 0.008224 0.017986
0 0.598684 0.561151 0.008224 0.025180
0 0.278783 0.008993 0.023026 0.017986
0 0.368010 0.010791 0.010691 0.017986
0 0.801809 0.127698 0.009868 0.025180
0 0.642270 0.009892 0.013158 0.019784
0 0.316612 0.279676 0.011513 0.026978
0 0.415707 0.622302 0.013980 0.025180
0 0.495066 0.483813 0.013158 0.025180
0 0.503289 0.011691 0.021382 0.023381
0 0.304276 0.282374 0.014803 0.025180
0 0.483553 0.312950 0.016447 0.028777
0 0.849918 0.857914 0.043586 0.082734
0 0.661595 0.689748 0.020559 0.055755
0 0.348273 0.585432 0.040296 0.052158
0 0.427632 0.654676 0.018092 0.028777
0 0.200658 0.831835 0.023026 0.034173
0 0.717105 0.979317 0.019737 0.034173
0 0.093750 0.446043 0.019737 0.064748
0 0.398438 0.037770 0.035362 0.068345
0 0.781250 0.125899 0.032895 0.039568
0 0.552220 0.883094 0.027138 0.046763
0 0.361431 0.911870 0.028783 0.071942
0 0.749178 0.181655 0.021382 0.050360
0 0.597451 0.691547 0.043585 0.120504
0 0.488487 0.705935 0.021382 0.037770
0 0.407072 0.816547 0.018092 0.043166
0 0.816201 0.319245 0.037007 0.059352
0 0.902549 0.748201 0.027138 0.043166
0 0.525905 0.504496 0.032072 0.062950
0 0.358141 0.665468 0.020559 0.050360
0 0.552632 0.815647 0.023026 0.059353
0 0.657484 0.160072 0.020559 0.035971
0 0.564967 0.392986 0.042763 0.062950
0 0.797286 0.256295 0.033717 0.066547
0 0.520970 0.444245 0.028783 0.043165
0 0.148849 0.355216 0.042763 0.055755
0 0.511102 0.561151 0.040296 0.061151
0 0.909128 0.537770 0.023849 0.043166
0 0.615543 0.375899 0.030428 0.061151
0 0.680510 0.022482 0.027138 0.044964
0 0.647615 0.115108 0.022204 0.039568
0 0.512747 0.668165 0.032072 0.062950
0 0.886924 0.320144 0.045230 0.057554
0 0.705592 0.378597 0.021382 0.048561
0 0.255345 0.925360 0.032072 0.052158
0 0.436678 0.250000 0.032895 0.064748
0 0.622944 0.758993 0.020559 0.046763
0 0.434211 0.142986 0.029605 0.055755
0 0.482319 0.882194 0.022204 0.044964
0 0.464638 0.776079 0.037829 0.066547
0 0.689145 0.317446 0.026316 0.052158
0 0.386102 0.644784 0.032072 0.062950
0 0.773438 0.398381 0.023849 0.059352
0 0.190378 0.934353 0.045230 0.073741
0 0.666530 0.934353 0.033717 0.059353
0 0.395559 0.584532 0.024671 0.061151
0 0.844161 0.478417 0.025493 0.046763
0 0.821957 0.489209 0.022204 0.050360
0 0.350740 0.792266 0.055099 0.120504
0 0.735197 0.949640 0.027960 0.053957
0 0.438734 0.932554 0.046875 0.091727
0 0.483141 0.642986 0.025493 0.044964
0 0.919819 0.933453 0.033717 0.057554
0 0.458059 0.606115 0.026316 0.053957
0 0.576891 0.506295 0.027138 0.073741
0 0.771793 0.192446 0.027138 0.043165
0 0.225740 0.288669 0.035362 0.066547
0 0.432155 0.559353 0.025493 0.050360
0 0.268092 0.632194 0.037829 0.055755
0 0.751645 0.702338 0.026316 0.052158
0 0.178865 0.165468 0.028783 0.068345
0 0.648849 0.455036 0.019737 0.053957
0 0.486020 0.516187 0.023026 0.057554
0 0.452303 0.203237 0.026316 0.057554
0 0.735197 0.288669 0.029605 0.059352
0 0.099095 0.061151 0.061678 0.089928
0 0.440378 0.049460 0.023849 0.070144
0 0.513980 0.728417 0.032895 0.061151
0 0.412829 0.512590 0.026316 0.082734
0 0.120066 0.440647 0.052632 0.093525
0 0.562089 0.702338 0.032072 0.084532
0 0.215049 0.722122 0.050165 0.120504
0 0.335526 0.041367 0.034540 0.075540
0 0.317434 0.874101 0.041118 0.089928
0 0.534128 0.150180 0.053454 0.134892
0 0.738076 0.774281 0.004112 0.008993
0 0.587171 0.572842 0.004934 0.016187
0 0.397204 0.779676 0.003289 0.008993
0 0.630757 0.242806 0.004934 0.010791
0 0.297697 0.631295 0.003289 0.007194
0 0.782484 0.151978 0.030428 0.048561
0 0.516447 0.307554 0.004934 0.010791
0 0.825247 0.543165 0.004112 0.007194
0 0.536595 0.327338 0.004112 0.010791
0 0.646793 0.986511 0.004112 0.008993
0 0.171875 0.725719 0.003289 0.012590
0 0.680921 0.989209 0.003289 0.010791
0 0.046464 0.779676 0.007401 0.019784
0 0.196957 0.118705 0.005757 0.014389
0 0.532895 0.647482 0.008224 0.014388
0 0.624589 0.339029 0.005757 0.016187
0 0.507812 0.392086 0.004112 0.010791
0 0.800987 0.544065 0.004934 0.008993
0 0.171875 0.018885 0.004934 0.016187
0 0.628289 0.500899 0.004934 0.008993
0 0.842105 0.196043 0.004934 0.010791
0 0.804688 0.751799 0.004112 0.010791
0 0.414885 0.091727 0.004112 0.014388
0 0.166941 0.038669 0.004934 0.012590
0 0.567845 0.241007 0.007401 0.014389
0 0.553865 0.285971 0.005757 0.014389
0 0.167352 0.078237 0.007401 0.016187
0 0.671464 0.744604 0.005757 0.010791
0 0.774671 0.679856 0.006579 0.010791
0 0.634457 0.160971 0.004112 0.012590
0 0.423109 0.794065 0.004112 0.012590
0 0.610609 0.518885 0.005757 0.012590
0 0.646382 0.857014 0.004934 0.012590
0 0.468750 0.448741 0.004934 0.016187
0 0.075658 0.006295 0.019737 0.012590
0 0.664062 0.771583 0.004112 0.017986
0 0.659539 0.330935 0.008224 0.014389
0 0.322780 0.770683 0.007401 0.016187
0 0.571957 0.197842 0.005757 0.025180
