0 0.769326 0.116007 0.009046 0.019784
0 0.759868 0.105216 0.006579 0.019784
0 0.553865 0.241007 0.012335 0.021583
0 0.535773 0.987410 0.030428 0.021583
0 0.773026 0.348022 0.011513 0.019784
0 0.522615 0.193345 0.010691 0.034173
0 0.337993 0.391187 0.027960 0.044964
0 0.688734 0.448741 0.010691 0.030576
0 0.249589 0.690647 0.017270 0.039568
0 0.869655 0.293165 0.028783 0.057554
0 0.363487 0.174460 0.029605 0.050360
0 0.831826 0.891187 0.022204 0.030575
0 0.746711 0.920863 0.016447 0.039568
0 0.782484 0.368705 0.017270 0.050360
0 0.465049 0.582734 0.028783 0.043166
0 0.640214 0.018885 0.020559 0.037770
0 0.202303 0.981115 0.024671 0.034173
0 0.372122 0.694245 0.037007 0.064748
0 0.388980 0.503597 0.029605 0.057554
0 0.272204 0.829137 0.026316 0.046763
0 0.415707 0.363309 0.025493 0.053957
0 0.393092 0.624101 0.018092 0.046763
0 0.386102 0.205935 0.023849 0.044964
0 0.599507 0.260791 0.024671 0.039568
0 0.497533 0.849820 0.044408 0.091727
0 0.201480 0.789568 0.023026 0.064748
0 0.615132 0.886691 0.032895 0.046763
0 0.712582 0.232914 0.025493 0.055755
0 0.485609 0.648381 0.023849 0.055755
0 0.395148 0.711331 0.022204 0.052158
0 0.185444 0.224820 0.033717 0.071942
0 0.399671 0.240108 0.026316 0.070144
0 0.702303 0.696942 0.042763 0.066547
0 0.920230 0.642086 0.026316 0.057554
0 0.289062 0.080935 0.023849 0.071942
0 0.801809 0.352518 0.027960 0.057554
0 0.659951 0.038669 0.033717 0.066547
0 0.579359 0.900180 0.033717 0.052158
0 0.827303 0.955935 0.049342 0.088129
0 0.756168 0.811151 0.032072 0.050360
0 0.754523 0.060252 0.025493 0.044964
0 0.315789 0.599820 0.024671 0.052158
0 0.203536 0.857914 0.025493 0.057554
0 0.221628 0.511691 0.035362 0.052158
0 0.338816 0.198741 0.042763 0.080935
0 0.758635 0.387590 0.028783 0.062950
0 0.545230 0.838130 0.062500 0.129496
0 0.333059 0.820144 0.024671 0.043166
0 0.164062 0.517086 0.033717 0.059353
0 0.593750 0.669065 0.037829 0.071942
0 0.391859 0.152878 0.023849 0.061151
0 0.327303 0.930755 0.024671 0.084532
0 0.111431 0.631295 0.032072 0.082734
0 0.353207 0.439748 0.032072 0.059352
0 0.153783 0.110612 0.052632 0.098921
0 0.471217 0.780576 0.054276 0.104317
0 0.532484 0.034173 0.030428 0.064748
0 0.696135 0.616906 0.040296 0.089928
0 0.631579 0.782374 0.044408 0.093525
0 0.182155 0.333633 0.045230 0.088129
0 0.731908 0.475719 0.037829 0.077338
0 0.564145 0.188849 0.034540 0.071942
0 0.443668 0.419964 0.004112 0.012590
0 0.335526 0.540468 0.003289 0.012590
0 0.399671 0.189748 0.004934 0.016187
0 0.399260 0.044964 0.004112 0.010791
0 0.789885 0.264389 0.005757 0.010791
0 0.208470 0.162770 0.004112 0.012590
0 0.797697 0.926259 0.003289 0.010791
0 0.145559 0.322842 0.003289 0.012590
0 0.608964 0.581835 0.004112 0.012590
0 0.694490 0.985611 0.004112 0.010791
0 0.441612 0.535072 0.003289 0.008993
0 0.425987 0.786870 0.004934 0.008993
0 0.467105 0.130396 0.003289 0.012590
0 0.313322 0.114209 0.004934 0.012590
0 0.608141 0.093525 0.004112 0.010791
0 0.680510 0.399281 0.004112 0.010791
0 0.389391 0.892086 0.004112 0.010791
0 0.486431 0.825540 0.023849 0.039568
0 0.271382 0.940647 0.004934 0.010791
0 0.365954 0.887590 0.004934 0.008993
0 0.159128 0.343525 0.007401 0.017986
0 0.216283 0.005396 0.008224 0.010791
0 0.909951 0.918165 0.005757 0.012590
0 0.609375 0.954137 0.008224 0.012590
0 0.494655 0.162770 0.007401 0.016187
0 0.881579 0.764389 0.006579 0.010791
0 0.739720 0.190647 0.007401 0.014388
