0 0.697368 0.054856 0.006579 0.016187
0 0.593750 0.518885 0.009868 0.019784
0 0.743421 0.623201 0.008224 0.023381
0 0.732730 0.990108 0.016447 0.016187
0 0.476151 0.723022 0.009868 0.021583
0 0.618421 0.116906 0.008224 0.025180
0 0.716694 0.640288 0.009046 0.014388
0 0.813322 0.560252 0.009868 0.019784
0 0.788651 0.171763 0.008224 0.030575
0 0.182566 0.010791 0.034540 0.021583
0 0.520970 0.160971 0.010691 0.026978
0 0.661595 0.519784 0.015625 0.021583
0 0.559211 0.160072 0.013158 0.025180
0 0.531661 0.094424 0.015625 0.030575
0 0.818257 0.838130 0.013158 0.021583
0 0.715461 0.920863 0.009868 0.028777
0 0.115954 0.982914 0.023026 0.030575
0 0.223273 0.363309 0.035362 0.053957
0 0.791941 0.719424 0.014803 0.032374
0 0.648438 0.773381 0.022204 0.043166
0 0.610197 0.981115 0.046053 0.034173
0 0.497533 0.537770 0.016447 0.043166
0 0.487664 0.825540 0.031250 0.068345
0 0.502056 0.306655 0.020559 0.041367
0 0.460115 0.693345 0.025493 0.055755
0 0.702714 0.090827 0.013980 0.030575
0 0.478207 0.250000 0.013980 0.039568
0 0.782895 0.208633 0.016447 0.039568
0 0.532484 0.180755 0.022204 0.037770
0 0.418174 0.617806 0.027138 0.041367
0 0.312089 0.422662 0.032072 0.050360
0 0.398849 0.116906 0.037829 0.053957
0 0.123766 0.921763 0.048520 0.116906
0 0.804276 0.320144 0.024671 0.053957
0 0.825658 0.709532 0.021382 0.062950
0 0.784951 0.015288 0.022204 0.030575
0 0.696957 0.692446 0.022204 0.071942
0 0.654605 0.596223 0.044408 0.055755
0 0.801398 0.370504 0.041941 0.064748
0 0.910773 0.441547 0.043586 0.077338
0 0.702303 0.019784 0.037829 0.039568
0 0.545641 0.904676 0.033717 0.068345
0 0.083882 0.940647 0.046053 0.100719
0 0.641036 0.484712 0.033717 0.052158
0 0.281250 0.541367 0.031250 0.057554
0 0.853207 0.118705 0.027138 0.046763
0 0.624178 0.081835 0.019737 0.052158
0 0.689145 0.339029 0.031250 0.070144
0 0.428454 0.100719 0.031250 0.046763
0 0.268503 0.734712 0.030428 0.055755
0 0.547697 0.978417 0.027960 0.039568
0 0.752467 0.099820 0.026316 0.048561
0 0.496711 0.414568 0.041118 0.156475
0 0.215049 0.302158 0.040296 0.075540
0 0.526727 0.321043 0.028783 0.048561
0 0.682977 0.106115 0.028783 0.053957
0 0.529605 0.580935 0.034540 0.057554
0 0.620066 0.818345 0.029605 0.043166
0 0.208470 0.242806 0.041941 0.053957
0 0.212993 0.672662 0.052632 0.068345
0 0.470806 0.791367 0.027138 0.050360
0 0.156250 0.082734 0.023026 0.050360
0 0.317023 0.354317 0.032072 0.061151
0 0.845806 0.047662 0.020559 0.048561
0 0.342516 0.464928 0.030428 0.062950
0 0.680510 0.759892 0.043585 0.070144
0 0.276727 0.182554 0.028783 0.055755
0 0.267270 0.920863 0.044408 0.068345
0 0.277961 0.133094 0.029605 0.053957
0 0.759457 0.657374 0.028783 0.048561
0 0.349095 0.163669 0.038651 0.061151
0 0.261102 0.976619 0.035362 0.046763
0 0.862664 0.781475 0.026316 0.048561
0 0.658306 0.135791 0.028783 0.062950
0 0.660773 0.371403 0.033717 0.066547
0 0.187911 0.348022 0.041941 0.102518
0 0.117599 0.613309 0.031250 0.068345
0 0.581003 0.959532 0.028783 0.077338
0 0.407895 0.353417 0.042763 0.098921
0 0.060855 0.946043 0.004934 0.039568
0 0.260280 0.071942 0.002467 0.010791
0 0.662829 0.256295 0.003289 0.012590
0 0.516859 0.020684 0.004112 0.008993
0 0.574424 0.492806 0.004112 0.010791
0 0.581826 0.714928 0.004112 0.008993
0 0.540707 0.948741 0.009046 0.016187
0 0.409539 0.909173 0.003289 0.008993
0 0.501645 0.873201 0.003289 0.012590
0 0.210526 0.917266 0.003289 0.010791
0 0.479441 0.488309 0.004934 0.012590
0 0.549342 0.003597 0.006579 0.007194
0 0.259046 0.585432 0.004934 0.012590
0 0.602385 0.420863 0.004112 0.010791
0 0.192434 0.574640 0.003289 0.016187
0 0.439967 0.035971 0.004934 0.010791
0 0.622944 0.298561 0.004112 0.010791
0 0.576069 0.774281 0.004112 0.016187
0 0.581414 0.194245 0.004934 0.010791
0 0.230263 0.548561 0.004934 0.010791
0 0.406250 0.566547 0.006579 0.010791
0 0.479030 0.872302 0.005757 0.010791
0 0.708059 0.172662 0.004934 0.010791
0 0.376234 0.483813 0.005757 0.014388
0 0.491776 0.071043 0.004934 0.016187
0 0.692845 0.602518 0.005757 0.010791
0 0.180099 0.893885 0.006579 0.010791
0 0.708882 0.625899 0.006579 0.014388
0 0.719572 0.666367 0.006579 0.016187
0 0.548109 0.031475 0.009046 0.016187
0 0.725740 0.420863 0.007401 0.014389
0 0.853618 0.267086 0.004934 0.019784
0 0.837993 0.003597 0.011513 0.007194
0 0.670230 0.683453 0.008224 0.017986
0 0.734786 0.698741 0.007401 0.016187
0 0.768092 0.489209 0.006579 0.021583
0 0.106497 0.894784 0.025493 0.062950
