0 0.327303 0.990108 0.024671 0.019784
0 0.562911 0.176259 0.013980 0.021583
0 0.726562 0.024281 0.030428 0.044964
0 0.686678 0.013489 0.029605 0.026978
0 0.653783 0.710432 0.013158 0.028777
0 0.680099 0.039568 0.034540 0.039568
0 0.136924 0.883094 0.028783 0.046763
0 0.133224 0.985611 0.026316 0.025180
0 0.680510 0.580036 0.028783 0.037770
0 0.315789 0.370504 0.032895 0.100719
0 0.300987 0.939748 0.023026 0.044964
0 0.738898 0.050360 0.025493 0.043165
0 0.724095 0.693345 0.020559 0.052158
0 0.617599 0.256295 0.024671 0.037770
0 0.340049 0.607914 0.027138 0.050360
0 0.238487 0.498201 0.044408 0.071942
0 0.314967 0.443345 0.047697 0.066547
0 0.279194 0.320144 0.028783 0.043166
0 0.204770 0.937050 0.026316 0.035971
0 0.554276 0.287770 0.034540 0.043166
0 0.575247 0.428058 0.023849 0.050360
0 0.293174 0.364209 0.032072 0.077338
0 0.176398 0.474820 0.030428 0.057554
0 0.291941 0.840827 0.027961 0.052158
0 0.715049 0.253597 0.017270 0.043166
0 0.688322 0.528777 0.034540 0.075540
0 0.654194 0.630396 0.032072 0.059353
0 0.246299 0.598022 0.032072 0.044964
0 0.597039 0.908273 0.041118 0.061151
0 0.746711 0.565647 0.029605 0.044964
0 0.452303 0.347122 0.027960 0.061151
0 0.421053 0.935252 0.032895 0.053957
0 0.475329 0.241007 0.036184 0.064748
0 0.550987 0.892086 0.023026 0.046763
0 0.677632 0.093525 0.023026 0.057554
0 0.284128 0.475719 0.023849 0.041367
0 0.115954 0.178058 0.057566 0.107914
0 0.739720 0.522482 0.030428 0.059353
0 0.801809 0.137590 0.026316 0.062950
0 0.801398 0.897482 0.040296 0.071942
0 0.837582 0.974820 0.028783 0.046763
0 0.531661 0.042266 0.040296 0.070144
0 0.851974 0.215827 0.039474 0.086331
0 0.305510 0.613309 0.032072 0.071942
0 0.915296 0.809353 0.031250 0.064748
0 0.759868 0.841727 0.036184 0.075540
0 0.153372 0.794065 0.025493 0.062950
0 0.391036 0.848022 0.051809 0.106115
0 0.371299 0.772482 0.032072 0.084532
0 0.481086 0.307554 0.037829 0.075540
0 0.418174 0.226619 0.033717 0.071942
0 0.341694 0.212230 0.056743 0.122302
0 0.884046 0.852518 0.003289 0.007194
0 0.104030 0.075540 0.004112 0.014388
0 0.240954 0.329137 0.003289 0.010791
0 0.803043 0.748201 0.004112 0.007194
0 0.543997 0.150180 0.004112 0.008993
0 0.591694 0.516187 0.004112 0.010791
0 0.326891 0.513489 0.004112 0.008993
0 0.408306 0.080036 0.004112 0.008993
0 0.598273 0.837230 0.004112 0.012590
0 0.282484 0.727518 0.004112 0.012590
0 0.483141 0.576439 0.005757 0.012590
0 0.749589 0.014389 0.022204 0.021583
0 0.686266 0.789568 0.004112 0.014388
0 0.282484 0.544065 0.004112 0.008993
0 0.645970 0.341727 0.004112 0.010791
0 0.869655 0.319245 0.004112 0.008993
0 0.334704 0.866007 0.003289 0.008993
0 0.685855 0.184353 0.003289 0.012590
0 0.555921 0.425360 0.004934 0.012590
0 0.572368 0.468525 0.004934 0.012590
0 0.817023 0.642986 0.004112 0.008993
0 0.313322 0.691547 0.004934 0.008993
0 0.608553 0.135791 0.008224 0.012590
0 0.091694 0.756295 0.004112 0.008993
0 0.880757 0.934353 0.004934 0.008993
0 0.837993 0.673561 0.004934 0.008993
0 0.518092 0.004496 0.016447 0.008993
0 0.895970 0.680755 0.005757 0.008993
0 0.488076 0.536870 0.004112 0.012590
