0 0.163240 0.242806 0.007401 0.017986
0 0.349507 0.092626 0.013158 0.030575
0 0.689967 0.115108 0.008224 0.021583
0 0.214638 0.246403 0.013158 0.028777
0 0.473684 0.012590 0.018092 0.025180
0 0.296875 0.058453 0.009868 0.023381
0 0.324013 0.702338 0.013158 0.030575
0 0.654605 0.732914 0.013158 0.030575
0 0.075658 0.610611 0.026316 0.048561
0 0.486842 0.911870 0.026316 0.043166
0 0.214227 0.027878 0.037007 0.052158
0 0.599507 0.529676 0.029605 0.066547
0 0.723684 0.015288 0.029605 0.030575
0 0.475740 0.551259 0.032072 0.052158
0 0.807155 0.142086 0.018915 0.032374
0 0.734786 0.415468 0.017270 0.035971
0 0.215461 0.086331 0.042763 0.107914
0 0.923931 0.931655 0.018914 0.035971
0 0.809211 0.454137 0.018092 0.030576
0 0.303043 0.878597 0.037007 0.048561
0 0.354441 0.166367 0.023026 0.041367
0 0.259046 0.978417 0.034540 0.039568
0 0.411595 0.857014 0.037007 0.052158
0 0.501234 0.720324 0.038651 0.073741
0 0.731908 0.078237 0.021382 0.041367
0 0.801398 0.339029 0.027138 0.052158
0 0.793586 0.409173 0.026316 0.044964
0 0.245477 0.027878 0.033717 0.055755
0 0.698602 0.891187 0.025493 0.044964
0 0.881168 0.664568 0.032072 0.052158
0 0.312500 0.930755 0.027961 0.048561
0 0.710938 0.792266 0.022204 0.059353
0 0.385691 0.292266 0.021382 0.044964
0 0.885280 0.182554 0.028783 0.041367
0 0.475740 0.150180 0.023849 0.048561
0 0.415296 0.202338 0.024671 0.048561
0 0.759868 0.123201 0.036184 0.048561
0 0.342516 0.930755 0.028783 0.062950
0 0.859375 0.585432 0.039474 0.055755
0 0.585526 0.670863 0.062500 0.100719
0 0.476562 0.709532 0.022204 0.044964
0 0.281661 0.517086 0.022204 0.066547
0 0.400082 0.919964 0.030428 0.062950
0 0.470395 0.597122 0.027960 0.053957
0 0.154194 0.425360 0.023849 0.044964
0 0.605674 0.946942 0.030428 0.062950
0 0.357319 0.210432 0.032072 0.050360
0 0.275082 0.302158 0.043585 0.089928
0 0.315789 0.240108 0.029605 0.048561
0 0.499589 0.276978 0.040296 0.115108
0 0.565378 0.282374 0.035362 0.075540
0 0.444901 0.717626 0.026316 0.061151
0 0.523849 0.400180 0.027960 0.048561
0 0.719572 0.329137 0.042763 0.057554
0 0.179688 0.361511 0.046875 0.075540
0 0.786595 0.236511 0.033717 0.070144
0 0.080181 0.125899 0.035362 0.071942
0 0.709293 0.970324 0.023849 0.055755
0 0.853618 0.779676 0.027961 0.062950
0 0.314556 0.631295 0.032072 0.061151
0 0.786184 0.786870 0.054276 0.102518
0 0.149671 0.890288 0.036184 0.097122
0 0.816201 0.090827 0.028783 0.084532
0 0.289474 0.382194 0.031250 0.088129
0 0.328125 0.109712 0.031250 0.071942
0 0.682566 0.946043 0.041118 0.089928
0 0.537007 0.765288 0.003289 0.008993
0 0.228618 0.559353 0.006579 0.025180
0 0.241365 0.633993 0.004112 0.008993
0 0.134046 0.482014 0.004934 0.010791
0 0.259457 0.366007 0.005757 0.012590
0 0.604441 0.994604 0.006579 0.007194
0 0.746299 0.217626 0.004112 0.014388
0 0.443257 0.012590 0.004934 0.010791
0 0.192434 0.876799 0.003289 0.008993
0 0.253701 0.189748 0.004112 0.008993
0 0.779194 0.196043 0.004112 0.010791
0 0.603618 0.837230 0.003289 0.008993
0 0.584293 0.990108 0.028783 0.019784
0 0.244243 0.421763 0.004934 0.012590
0 0.747944 0.548561 0.004112 0.014388
0 0.302220 0.534173 0.004112 0.010791
0 0.681743 0.446942 0.004934 0.012590
0 0.597862 0.275180 0.003289 0.014389
0 0.712171 0.020683 0.008224 0.016187
0 0.392681 0.110612 0.004112 0.008993
0 0.503289 0.610611 0.004934 0.008993
0 0.401727 0.052158 0.004112 0.010791
0 0.466694 0.085432 0.005757 0.008993
0 0.668174 0.725719 0.004112 0.008993
0 0.686678 0.004496 0.004934 0.008993
0 0.331003 0.891187 0.004112 0.012590
0 0.652961 0.277878 0.006579 0.012590
0 0.834704 0.744604 0.003289 0.014388
0 0.226974 0.595324 0.004934 0.017986
0 0.489720 0.163669 0.005757 0.014388
0 0.602796 0.483813 0.004934 0.014388
0 0.445724 0.615108 0.006579 0.010791
0 0.516859 0.326439 0.007401 0.016187
0 0.405428 0.549460 0.006579 0.012590
0 0.583882 0.725719 0.006579 0.016187
0 0.765214 0.569245 0.007401 0.016187
0 0.590872 0.821043 0.005757 0.012590
0 0.826480 0.006295 0.008224 0.012590
0 0.725740 0.857014 0.005757 0.016187
0 0.655839 0.859712 0.007401 0.010791
0 0.853207 0.548561 0.005757 0.017986
0 0.524671 0.066547 0.006579 0.017986
