0 0.300987 0.832734 0.009868 0.021583
0 0.610609 0.085432 0.009046 0.023381
0 0.555510 0.265288 0.009046 0.023381
0 0.451069 0.012590 0.037007 0.025180
0 0.490954 0.009892 0.018092 0.019784
0 0.523849 0.363309 0.018092 0.039568
0 0.763569 0.436151 0.012335 0.026978
0 0.670641 0.582734 0.022204 0.021583
0 0.345806 0.945144 0.010691 0.026978
0 0.292352 0.982014 0.037007 0.028777
0 0.914885 0.984712 0.025493 0.026978
0 0.615954 0.414568 0.014803 0.026978
0 0.762747 0.365108 0.028783 0.071942
0 0.636924 0.311151 0.028783 0.050360
0 0.308388 0.882194 0.021382 0.030575
0 0.363898 0.583633 0.025493 0.062950
0 0.448191 0.457734 0.014803 0.044964
0 0.714227 0.688849 0.027138 0.057554
0 0.659951 0.092626 0.028783 0.048561
0 0.586349 0.665468 0.036184 0.068345
0 0.278372 0.025180 0.028783 0.050360
0 0.415707 0.879496 0.025493 0.046763
0 0.452714 0.542266 0.025493 0.062950
0 0.493010 0.484712 0.025493 0.052158
0 0.883224 0.732914 0.019737 0.044964
0 0.248766 0.394784 0.032072 0.055755
0 0.204359 0.023381 0.032072 0.046763
0 0.884868 0.593525 0.052632 0.057554
0 0.483553 0.394784 0.023026 0.037770
0 0.514391 0.331835 0.028783 0.080935
0 0.543586 0.835432 0.029605 0.062950
0 0.212171 0.617806 0.027960 0.066547
0 0.500411 0.105216 0.022204 0.070144
0 0.509046 0.644784 0.021382 0.044964
0 0.741365 0.947842 0.022204 0.061151
0 0.643092 0.622302 0.039474 0.061151
0 0.314145 0.031475 0.026316 0.062950
0 0.464227 0.383993 0.017270 0.052158
0 0.663240 0.050360 0.027138 0.039568
0 0.446135 0.156475 0.028783 0.057554
0 0.152961 0.491007 0.026316 0.050360
0 0.613487 0.686151 0.023026 0.052158
0 0.539885 0.583633 0.033717 0.059353
0 0.426398 0.544065 0.027138 0.066547
0 0.123355 0.482914 0.039474 0.131295
0 0.733553 0.879496 0.029605 0.053957
0 0.761102 0.133993 0.027138 0.055755
0 0.222039 0.727518 0.024671 0.041367
0 0.466694 0.328237 0.028783 0.055755
0 0.871299 0.648381 0.030428 0.059353
0 0.217516 0.108813 0.032072 0.070144
0 0.564967 0.327338 0.042763 0.082734
0 0.401316 0.598921 0.032895 0.064748
0 0.759868 0.028777 0.046053 0.057554
0 0.212582 0.250000 0.045230 0.068345
0 0.803043 0.385791 0.037007 0.091727
0 0.218339 0.854317 0.027138 0.068345
0 0.409539 0.949640 0.024671 0.086331
0 0.436266 0.602518 0.027138 0.046763
0 0.902961 0.914568 0.027961 0.052158
0 0.342105 0.805755 0.031250 0.064748
0 0.580592 0.766187 0.070724 0.107914
0 0.230263 0.940647 0.054276 0.097122
0 0.435444 0.956835 0.027138 0.053957
0 0.641859 0.136691 0.027138 0.071942
0 0.568257 0.089029 0.023026 0.073741
0 0.263980 0.163669 0.037829 0.097122
0 0.636513 0.954137 0.037829 0.070144
0 0.413240 0.650180 0.033717 0.055755
0 0.482319 0.057554 0.040296 0.079137
0 0.713405 0.574640 0.040296 0.073741
0 0.516859 0.026079 0.004112 0.008993
0 0.392270 0.198741 0.003289 0.008993
0 0.527138 0.618705 0.004934 0.010791
0 0.505345 0.677158 0.004112 0.012590
0 0.467105 0.671763 0.003289 0.008993
0 0.270148 0.428058 0.004112 0.010791
0 0.226562 0.004496 0.012336 0.008993
0 0.741776 0.375899 0.004934 0.010791
0 0.560444 0.571942 0.005757 0.010791
0 0.882812 0.434353 0.004112 0.012590
0 0.442845 0.071942 0.004112 0.010791
0 0.776316 0.494604 0.003289 0.010791
0 0.861842 0.248201 0.004934 0.014389
0 0.776727 0.245504 0.004112 0.008993
0 0.211760 0.562950 0.004112 0.010791
0 0.590872 0.736511 0.013980 0.026978
0 0.622944 0.823741 0.004112 0.010791
0 0.653783 0.407374 0.003289 0.008993
0 0.810444 0.677158 0.004112 0.008993
0 0.835115 0.002698 0.005757 0.005396
0 0.710115 0.075540 0.004112 0.010791
0 0.488898 0.262590 0.004112 0.010791
0 0.766036 0.680755 0.004112 0.008993
0 0.759457 0.831835 0.004112 0.008993
0 0.582237 0.212230 0.004934 0.010791
0 0.847451 0.459532 0.004112 0.012590
0 0.586349 0.489209 0.004934 0.010791
0 0.442845 0.992806 0.009046 0.014388
0 0.847039 0.419065 0.004934 0.017986
0 0.410773 0.832734 0.004112 0.010791
0 0.647615 0.892086 0.005757 0.010791
0 0.454770 0.437050 0.004934 0.010791
0 0.253701 0.315647 0.004112 0.012590
0 0.607730 0.886691 0.004934 0.014388
0 0.909128 0.071942 0.004112 0.014388
0 0.773438 0.750000 0.004112 0.010791
0 0.699836 0.986511 0.003289 0.012590
0 0.722862 0.450540 0.004934 0.008993
0 0.268503 0.709532 0.004112 0.008993
0 0.517681 0.544065 0.005757 0.016187
0 0.610609 0.847122 0.007401 0.017986
0 0.381990 0.992806 0.012336 0.010791
0 0.388158 0.335432 0.008224 0.016187
0 0.385691 0.358813 0.004934 0.016187
0 0.925164 0.777878 0.004934 0.008993
0 0.466283 0.155576 0.004934 0.012590
0 0.200658 0.467626 0.006579 0.014388
0 0.497944 0.259892 0.004112 0.016187
0 0.849095 0.439748 0.005757 0.012590
0 0.731908 0.617806 0.006579 0.008993
0 0.233141 0.697842 0.005757 0.021583
0 0.482319 0.888489 0.005757 0.010791
0 0.691612 0.732014 0.006579 0.014388
0 0.315789 0.352518 0.006579 0.010791
0 0.667763 0.844424 0.004934 0.012590
0 0.673520 0.472122 0.006579 0.016187
0 0.334293 0.381295 0.005757 0.014389
0 0.239720 0.190647 0.007401 0.017986
0 0.352796 0.140288 0.008224 0.014388
0 0.263158 0.493705 0.008224 0.023381
