0 0.402961 0.432554 0.009868 0.019784
0 0.516036 0.973921 0.009046 0.016187
0 0.523849 0.838130 0.008224 0.017986
0 0.524260 0.162770 0.007401 0.016187
0 0.632401 0.860611 0.009868 0.023381
0 0.196135 0.316547 0.012335 0.021583
0 0.423931 0.011691 0.025493 0.023381
0 0.598273 0.798561 0.010691 0.028777
0 0.603618 0.656475 0.014803 0.032374
0 0.211760 0.537770 0.022204 0.021583
0 0.806332 0.986511 0.027138 0.026978
0 0.539474 0.035971 0.011513 0.039568
0 0.410362 0.984712 0.026316 0.026978
0 0.308799 0.966727 0.023849 0.041367
0 0.858141 0.286871 0.030428 0.052158
0 0.289062 0.853417 0.028783 0.048561
0 0.340872 0.526978 0.032072 0.053957
0 0.458059 0.735611 0.021382 0.043166
0 0.326891 0.662770 0.022204 0.055755
0 0.326891 0.472122 0.020559 0.041367
0 0.374178 0.588130 0.024671 0.039568
0 0.603207 0.950540 0.023849 0.062950
0 0.171875 0.335432 0.031250 0.048561
0 0.828536 0.259892 0.061678 0.098921
0 0.800164 0.085432 0.037829 0.059352
0 0.437911 0.723022 0.022204 0.046763
0 0.731908 0.045863 0.036184 0.055755
0 0.337993 0.018885 0.032895 0.037770
0 0.347862 0.223921 0.024671 0.048561
0 0.352385 0.338129 0.022204 0.046763
0 0.794408 0.387590 0.018092 0.048561
0 0.542763 0.875000 0.029605 0.055755
0 0.700247 0.958633 0.028783 0.053957
0 0.316201 0.917266 0.041941 0.064748
0 0.471628 0.086331 0.030428 0.050360
0 0.805921 0.330036 0.021382 0.062950
0 0.501234 0.116007 0.037007 0.109712
0 0.159128 0.801259 0.056743 0.077338
0 0.705181 0.154676 0.027138 0.046763
0 0.354441 0.498201 0.024671 0.050360
0 0.316201 0.062050 0.032072 0.062950
0 0.778372 0.468525 0.038651 0.066547
0 0.261924 0.641187 0.033717 0.062950
0 0.627056 0.761691 0.023849 0.055755
0 0.527549 0.316547 0.048520 0.093525
0 0.888158 0.232014 0.046053 0.068345
0 0.566612 0.599820 0.046053 0.080935
0 0.566201 0.821043 0.032072 0.059353
0 0.662418 0.458633 0.033717 0.064748
0 0.262747 0.847122 0.027138 0.046763
0 0.447780 0.194245 0.045230 0.097122
0 0.650082 0.780576 0.028783 0.053957
0 0.428043 0.767086 0.020559 0.044964
0 0.285362 0.974820 0.027960 0.043165
0 0.759868 0.795863 0.023026 0.059353
0 0.771793 0.608813 0.063322 0.109712
0 0.430921 0.834532 0.034539 0.071942
0 0.203947 0.718525 0.027961 0.059353
0 0.531661 0.622302 0.033717 0.068345
0 0.262336 0.300360 0.037829 0.053957
0 0.200658 0.811151 0.037829 0.075540
0 0.480263 0.797662 0.054276 0.109712
0 0.096217 0.947842 0.065790 0.104317
0 0.669819 0.858813 0.056743 0.080935
0 0.232730 0.595324 0.037829 0.071942
0 0.721217 0.340827 0.034540 0.073741
0 0.695724 0.483813 0.032895 0.089928
0 0.590872 0.345324 0.028783 0.089928
0 0.548520 0.129496 0.032895 0.079137
0 0.221628 0.862410 0.043586 0.091727
0 0.490543 0.687050 0.030428 0.061151
0 0.381168 0.035072 0.032072 0.070144
0 0.578536 0.929856 0.030428 0.079137
0 0.842105 0.366007 0.041118 0.062950
0 0.584293 0.781475 0.004112 0.008993
0 0.639803 0.475719 0.004934 0.008993
0 0.883224 0.147482 0.003289 0.010791
0 0.513569 0.283273 0.007401 0.016187
0 0.343750 0.642986 0.004934 0.008993
0 0.123355 0.628597 0.004934 0.008993
0 0.618010 0.692446 0.004112 0.010791
0 0.659951 0.709532 0.004112 0.008993
0 0.475740 0.430755 0.004112 0.012590
0 0.695312 0.312950 0.004112 0.007194
0 0.314556 0.581835 0.004112 0.008993
0 0.587582 0.696942 0.004112 0.008993
0 0.589638 0.442446 0.004934 0.010791
0 0.561266 0.071942 0.004112 0.010791
0 0.310855 0.989209 0.023026 0.017986
0 0.599918 0.463129 0.004112 0.008993
0 0.565789 0.267986 0.003289 0.014389
0 0.682977 0.057554 0.004112 0.010791
0 0.498766 0.475719 0.004112 0.012590
0 0.619243 0.200540 0.006579 0.016187
0 0.416118 0.120504 0.004934 0.010791
0 0.188734 0.932554 0.005757 0.008993
0 0.623355 0.610611 0.003289 0.012590
0 0.449013 0.092626 0.004934 0.012590
0 0.459293 0.712230 0.017270 0.014388
0 0.571135 0.491007 0.007401 0.017986
0 0.717105 0.603417 0.004934 0.012590
0 0.724918 0.213129 0.005757 0.016187
0 0.488487 0.375899 0.004934 0.010791
0 0.374589 0.854317 0.007401 0.017986
0 0.375822 0.312050 0.003289 0.023381
0 0.763980 0.521583 0.004934 0.010791
0 0.488076 0.913669 0.005757 0.010791
0 0.641036 0.226619 0.005757 0.017986
0 0.675164 0.048561 0.004934 0.014388
0 0.710115 0.687050 0.004112 0.014388
0 0.364720 0.778777 0.007401 0.010791
0 0.623766 0.435252 0.007401 0.010791
0 0.628289 0.939748 0.006579 0.012590
0 0.380757 0.861511 0.008224 0.014388
0 0.828947 0.142086 0.008224 0.014388
0 0.515214 0.905576 0.005757 0.012590
0 0.371299 0.710432 0.005757 0.014388
0 0.851974 0.035971 0.008224 0.014388
0 0.377056 0.348921 0.005757 0.014389
0 0.442023 0.618705 0.007401 0.010791
0 0.055099 0.989209 0.008224 0.017986
0 0.461760 0.866007 0.005757 0.019784
