0 0.308799 0.492806 0.010691 0.017986
0 0.535773 0.668165 0.007401 0.019784
0 0.408717 0.291367 0.008224 0.017986
0 0.538240 0.620504 0.007401 0.021583
0 0.754523 0.168165 0.009046 0.016187
0 0.310855 0.952338 0.011513 0.019784
0 0.558799 0.625899 0.010691 0.017986
0 0.193668 0.785072 0.012335 0.023381
0 0.600329 0.738309 0.016447 0.026978
0 0.764803 0.216727 0.016447 0.023381
0 0.511102 0.633993 0.009046 0.030575
0 0.492599 0.357014 0.013158 0.019784
0 0.489309 0.322842 0.013158 0.023381
0 0.677632 0.414568 0.009868 0.026978
0 0.282072 0.987410 0.018092 0.021583
0 0.554688 0.806655 0.013980 0.023381
0 0.661184 0.814748 0.013158 0.032374
0 0.762336 0.190647 0.029605 0.039568
0 0.411595 0.016187 0.041941 0.032374
0 0.058388 0.328237 0.011513 0.034173
0 0.247944 0.307554 0.012336 0.028777
0 0.533306 0.067446 0.012335 0.030575
0 0.512747 0.529676 0.028783 0.048561
0 0.474507 0.412770 0.018092 0.059352
0 0.222862 0.633094 0.026316 0.050360
0 0.337582 0.715827 0.032072 0.071942
0 0.161595 0.935252 0.030428 0.050360
0 0.181743 0.088129 0.032895 0.043165
0 0.186678 0.687050 0.039474 0.053957
0 0.872122 0.263489 0.017270 0.041367
0 0.138569 0.732914 0.037007 0.052158
0 0.557566 0.654676 0.026316 0.050360
0 0.900493 0.727518 0.023026 0.062950
0 0.816612 0.321942 0.027960 0.043166
0 0.287418 0.632194 0.022204 0.052158
0 0.574836 0.724820 0.059210 0.075540
0 0.131579 0.687050 0.047697 0.053957
0 0.374178 0.959532 0.044408 0.073741
0 0.247944 0.952338 0.043586 0.070144
0 0.766859 0.143885 0.025493 0.050360
0 0.076480 0.330036 0.029605 0.052158
0 0.287829 0.067446 0.023026 0.052158
0 0.502056 0.304856 0.020559 0.044964
0 0.626234 0.329137 0.025493 0.079137
0 0.750000 0.651978 0.024671 0.059353
0 0.492599 0.106115 0.031250 0.053957
0 0.596628 0.960432 0.023849 0.039568
0 0.254112 0.209532 0.024671 0.055755
0 0.881579 0.806655 0.026316 0.059353
0 0.384868 0.340827 0.018092 0.066547
0 0.714638 0.226619 0.054276 0.089928
0 0.416530 0.499101 0.022204 0.059353
0 0.703125 0.973022 0.034540 0.050360
0 0.535773 0.110612 0.030428 0.052158
0 0.524260 0.944245 0.032072 0.057554
0 0.358553 0.662770 0.027961 0.052158
0 0.104441 0.613309 0.027961 0.050360
0 0.162007 0.480216 0.046053 0.064748
0 0.859786 0.974820 0.040296 0.046763
0 0.547697 0.158273 0.023026 0.053957
0 0.853618 0.446942 0.039474 0.070144
0 0.332648 0.313849 0.022204 0.080935
0 0.527549 0.577338 0.020559 0.053957
0 0.521382 0.714029 0.032895 0.061151
0 0.400493 0.232914 0.029605 0.077338
0 0.593339 0.785971 0.045230 0.082734
0 0.381579 0.641187 0.023026 0.044964
0 0.162007 0.649281 0.029605 0.057554
0 0.908717 0.339029 0.039474 0.070144
0 0.702714 0.111511 0.018915 0.053957
0 0.563322 0.575540 0.032895 0.061151
0 0.657484 0.519784 0.027138 0.068345
0 0.630345 0.668165 0.030428 0.066547
0 0.284128 0.370504 0.051809 0.154676
0 0.497122 0.972122 0.033717 0.055755
0 0.447368 0.545863 0.026316 0.070144
0 0.731908 0.687950 0.021382 0.041367
0 0.629112 0.846223 0.027960 0.048561
0 0.333059 0.508094 0.029605 0.066547
0 0.245477 0.857014 0.028783 0.073741
0 0.912829 0.678058 0.036184 0.079137
0 0.710115 0.383993 0.030428 0.095324
0 0.830181 0.189748 0.035362 0.116906
0 0.247533 0.672662 0.026316 0.053957
0 0.490543 0.874101 0.028783 0.071942
0 0.830592 0.927158 0.039474 0.084532
0 0.578536 0.666367 0.004112 0.016187
0 0.163240 0.362410 0.005757 0.008993
0 0.229030 0.750000 0.004112 0.010791
0 0.777138 0.671763 0.003289 0.026978
0 0.638980 0.232914 0.003289 0.008993
0 0.504523 0.651978 0.004112 0.008993
0 0.272204 0.427158 0.032895 0.044964
0 0.810855 0.247302 0.003289 0.012590
0 0.560033 0.845324 0.003289 0.010791
0 0.578536 0.631295 0.004112 0.007194
0 0.685855 0.086331 0.003289 0.010791
0 0.565789 0.003597 0.004934 0.007194
0 0.122944 0.918165 0.004112 0.012590
0 0.639391 0.785971 0.004112 0.010791
0 0.670641 0.628597 0.004112 0.008993
0 0.781661 0.146583 0.004112 0.012590
0 0.396793 0.169964 0.004112 0.008993
0 0.847039 0.071942 0.004934 0.028777
0 0.248355 0.471223 0.003289 0.010791
0 0.613076 0.876799 0.005757 0.016187
0 0.449013 0.684353 0.004934 0.008993
0 0.904605 0.161871 0.003289 0.010791
0 0.259457 0.797662 0.004112 0.008993
0 0.292352 0.809353 0.004112 0.007194
0 0.777549 0.921763 0.004112 0.008993
0 0.503701 0.794065 0.004112 0.012590
0 0.718339 0.794964 0.004112 0.010791
0 0.698191 0.917266 0.003289 0.014388
0 0.644737 0.742806 0.004934 0.010791
0 0.138569 0.597122 0.004112 0.010791
0 0.437089 0.309353 0.005757 0.010791
0 0.812500 0.994604 0.006579 0.007194
0 0.638569 0.437950 0.004112 0.012590
0 0.369655 0.613309 0.007401 0.010791
0 0.656250 0.427158 0.008224 0.012590
0 0.595806 0.651978 0.005757 0.019784
0 0.787829 0.571942 0.006579 0.014388
0 0.533306 0.542266 0.005757 0.016187
0 0.449836 0.613309 0.004934 0.010791
0 0.789062 0.674460 0.005757 0.014388
0 0.679688 0.673561 0.005757 0.012590
0 0.613487 0.217626 0.006579 0.014388
0 0.674753 0.657374 0.004112 0.016187
0 0.694901 0.557554 0.008224 0.014388
0 0.552632 0.386691 0.006579 0.014389
0 0.463816 0.005396 0.018092 0.010791
0 0.656250 0.688849 0.006579 0.014388
0 0.446546 0.749101 0.006579 0.012590
0 0.537829 0.857914 0.008224 0.010791
0 0.680510 0.837230 0.005757 0.016187
