0 0.620066 0.186151 0.008224 0.016187
0 0.368832 0.561151 0.030428 0.053957
0 0.876645 0.970324 0.006579 0.016187
0 0.619655 0.822842 0.007401 0.019784
0 0.716283 0.823741 0.011513 0.028777
0 0.720806 0.990108 0.023849 0.016187
0 0.733141 0.505396 0.007401 0.025180
0 0.691201 0.463129 0.007401 0.016187
0 0.473684 0.272482 0.008224 0.019784
0 0.729441 0.223022 0.008224 0.025180
0 0.881168 0.006295 0.023849 0.012590
0 0.543174 0.061151 0.010691 0.025180
0 0.535773 0.010791 0.038651 0.021583
0 0.617599 0.906475 0.009868 0.017986
0 0.914062 0.531475 0.010691 0.023381
0 0.164474 0.284173 0.014803 0.028777
0 0.386513 0.151978 0.011513 0.019784
0 0.284128 0.743705 0.017270 0.023381
0 0.724095 0.910072 0.048520 0.111511
0 0.593339 0.234712 0.012335 0.023381
0 0.343750 0.982914 0.036184 0.030575
0 0.212993 0.799460 0.031250 0.041367
0 0.633635 0.569245 0.013980 0.037770
0 0.351562 0.740108 0.032072 0.048561
0 0.597451 0.582734 0.022204 0.043166
0 0.398026 0.205935 0.013158 0.034173
0 0.449424 0.593525 0.020559 0.043166
0 0.834293 0.776079 0.032072 0.044964
0 0.751234 0.211331 0.030428 0.059353
0 0.743010 0.839029 0.027138 0.055755
0 0.365132 0.023381 0.023026 0.046763
0 0.654194 0.625000 0.030428 0.059353
0 0.471217 0.363309 0.024671 0.039568
0 0.921053 0.292266 0.024671 0.044964
0 0.383224 0.571942 0.029605 0.057554
0 0.195724 0.375000 0.029605 0.055755
0 0.342516 0.547662 0.030428 0.055755
0 0.189556 0.448741 0.037007 0.073741
0 0.371299 0.133094 0.025493 0.043166
0 0.376234 0.333633 0.045230 0.109712
0 0.401727 0.393885 0.038651 0.097122
0 0.789885 0.637590 0.035362 0.062950
0 0.752467 0.623201 0.052632 0.084532
0 0.773026 0.853417 0.023026 0.048561
0 0.874589 0.071043 0.027138 0.052158
0 0.335526 0.705935 0.036184 0.055755
0 0.108964 0.838130 0.027138 0.061151
0 0.264803 0.380396 0.044408 0.073741
0 0.386513 0.861511 0.047697 0.104317
0 0.727796 0.338129 0.060855 0.107914
0 0.329359 0.451439 0.032072 0.057554
0 0.423931 0.557554 0.046875 0.125899
0 0.077714 0.204137 0.025493 0.070144
0 0.762747 0.153777 0.050165 0.106115
0 0.805099 0.129496 0.047697 0.075540
0 0.882812 0.518885 0.020559 0.055755
0 0.785362 0.569245 0.047697 0.080935
0 0.091694 0.422662 0.030428 0.057554
0 0.577303 0.858813 0.031250 0.073741
0 0.280839 0.677158 0.030428 0.106115
0 0.782484 0.249101 0.037007 0.059353
0 0.657072 0.876799 0.067434 0.102518
0 0.868010 0.557554 0.030428 0.064748
0 0.782895 0.383094 0.036184 0.075540
0 0.644737 0.384892 0.060855 0.115108
0 0.599918 0.406475 0.030428 0.050360
0 0.378289 0.683453 0.029605 0.061151
0 0.174342 0.917266 0.039474 0.082734
0 0.492599 0.080036 0.034540 0.062950
0 0.627467 0.973921 0.024671 0.052158
0 0.362664 0.624101 0.032895 0.075540
0 0.170641 0.508993 0.046875 0.093525
0 0.138158 0.071043 0.036184 0.084532
0 0.214638 0.937950 0.003289 0.008993
0 0.867188 0.731115 0.004112 0.008993
0 0.589227 0.628597 0.004112 0.012590
0 0.847451 0.678957 0.004112 0.008993
0 0.185855 0.614209 0.003289 0.008993
0 0.587582 0.703237 0.004112 0.014388
0 0.370888 0.491007 0.004934 0.010791
0 0.313734 0.993705 0.004112 0.008993
0 0.323191 0.516187 0.003289 0.010791
0 0.297697 0.538669 0.004934 0.012590
0 0.456414 0.125899 0.004934 0.010791
0 0.391036 0.985611 0.005757 0.010791
0 0.762747 0.790468 0.004112 0.008993
0 0.595806 0.665468 0.004112 0.010791
0 0.666530 0.592626 0.004112 0.012590
0 0.728207 0.678058 0.004112 0.010791
0 0.642270 0.163669 0.004934 0.010791
0 0.230263 0.076439 0.006579 0.019784
0 0.784951 0.080935 0.004112 0.010791
0 0.218750 0.101619 0.006579 0.008993
0 0.684622 0.444245 0.007401 0.010791
0 0.213405 0.971223 0.004112 0.010791
0 0.340872 0.954137 0.005757 0.012590
0 0.866365 0.660971 0.005757 0.008993
0 0.616776 0.865108 0.004934 0.010791
0 0.510280 0.166367 0.007401 0.016187
0 0.371299 0.396583 0.005757 0.016187
0 0.472039 0.258094 0.006579 0.019784
0 0.499178 0.400180 0.008224 0.012590
0 0.615132 0.495504 0.006579 0.016187
0 0.925164 0.155576 0.006579 0.012590
0 0.272204 0.949640 0.004934 0.014388
0 0.919408 0.428957 0.006579 0.019784
0 0.723273 0.616007 0.007401 0.019784
0 0.568257 0.955935 0.006579 0.016187
