0 0.228618 0.629496 0.008224 0.021583
0 0.239309 0.465827 0.008224 0.017986
0 0.704359 0.991906 0.007401 0.016187
0 0.194079 0.807554 0.006579 0.017986
0 0.797286 0.563849 0.013980 0.016187
0 0.233553 0.600719 0.013158 0.025180
0 0.494243 0.888489 0.009868 0.021583
0 0.652961 0.105216 0.006579 0.016187
0 0.490954 0.839029 0.011513 0.023381
0 0.791941 0.645683 0.009868 0.021583
0 0.469161 0.222122 0.009046 0.016187
0 0.516036 0.290468 0.009046 0.026978
0 0.843339 0.371403 0.010691 0.019784
0 0.797697 0.714928 0.011513 0.019784
0 0.622533 0.010791 0.029605 0.021583
0 0.439556 0.040468 0.015625 0.023381
0 0.733553 0.547662 0.013158 0.023381
0 0.613076 0.660971 0.037007 0.041367
0 0.370477 0.013489 0.020559 0.026978
0 0.738076 0.220324 0.027138 0.030576
0 0.755345 0.475719 0.017270 0.037770
0 0.600740 0.609712 0.040296 0.053957
0 0.247533 0.544964 0.021382 0.068345
0 0.502878 0.637590 0.023849 0.037770
0 0.496711 0.199640 0.013158 0.032374
0 0.634046 0.698741 0.032895 0.048561
0 0.451891 0.693345 0.022204 0.041367
0 0.611431 0.148381 0.028783 0.052158
0 0.240543 0.225719 0.025493 0.055755
0 0.877878 0.029676 0.030428 0.059353
0 0.472451 0.021583 0.027138 0.043165
0 0.739309 0.048561 0.019737 0.046763
0 0.585115 0.417266 0.025493 0.043166
0 0.701069 0.018885 0.040296 0.037770
0 0.591694 0.177158 0.032072 0.048561
0 0.860609 0.958633 0.030428 0.043165
0 0.801398 0.422662 0.030428 0.050360
0 0.377878 0.414568 0.030428 0.048561
0 0.146793 0.446043 0.027138 0.050360
0 0.226151 0.085432 0.034540 0.088129
0 0.208470 0.132194 0.035362 0.052158
0 0.689145 0.961331 0.026316 0.070144
0 0.556743 0.937050 0.023026 0.050360
0 0.641036 0.146583 0.025493 0.062950
0 0.658717 0.217626 0.057566 0.082734
0 0.594984 0.809353 0.028783 0.057554
0 0.280839 0.688849 0.032072 0.053957
0 0.383224 0.297662 0.023026 0.055755
0 0.606086 0.093525 0.052632 0.068345
0 0.072780 0.425360 0.022204 0.055755
0 0.095395 0.350719 0.034540 0.071942
0 0.548520 0.383094 0.039474 0.086331
0 0.569901 0.081835 0.019737 0.052158
0 0.814145 0.610611 0.055921 0.095324
0 0.205592 0.038669 0.027961 0.066547
0 0.280839 0.194245 0.025493 0.053957
0 0.739309 0.928957 0.023026 0.062950
0 0.846628 0.037770 0.037007 0.075540
0 0.479030 0.806655 0.022204 0.059353
0 0.296875 0.300360 0.021382 0.046763
0 0.201891 0.702338 0.032072 0.062950
0 0.656661 0.910971 0.025493 0.044964
0 0.610197 0.208633 0.032895 0.071942
0 0.180099 0.893885 0.034540 0.071942
0 0.138980 0.350719 0.054276 0.089928
0 0.822780 0.513489 0.041941 0.070144
0 0.628289 0.386691 0.032895 0.086331
0 0.335526 0.473022 0.050987 0.107914
0 0.453947 0.066547 0.029605 0.050360
0 0.769737 0.752698 0.049342 0.088129
0 0.466283 0.384892 0.027960 0.082734
0 0.682566 0.309353 0.032895 0.079137
0 0.391036 0.555755 0.004112 0.010791
0 0.560855 0.600719 0.003289 0.010791
0 0.374178 0.232014 0.003289 0.010791
0 0.760280 0.833633 0.004112 0.008993
0 0.694490 0.651978 0.004112 0.008993
0 0.403783 0.232914 0.003289 0.008993
0 0.509046 0.904676 0.003289 0.010791
0 0.724507 0.733813 0.003289 0.014388
0 0.602385 0.560252 0.004112 0.008993
0 0.641859 0.549460 0.004112 0.008993
0 0.623355 0.892986 0.003289 0.012590
0 0.655839 0.036870 0.004112 0.008993
0 0.236020 0.759892 0.003289 0.008993
0 0.275082 0.830036 0.004112 0.008993
0 0.504112 0.394784 0.003289 0.008993
0 0.254523 0.385791 0.004112 0.008993
0 0.830592 0.412770 0.003289 0.008993
0 0.674753 0.725719 0.005757 0.016187
0 0.203947 0.408273 0.004934 0.010791
0 0.803454 0.485611 0.006579 0.010791
0 0.693668 0.250899 0.005757 0.008993
0 0.731086 0.126799 0.004934 0.008993
0 0.570312 0.637590 0.004112 0.012590
0 0.809622 0.019784 0.005757 0.025180
0 0.491776 0.244604 0.003289 0.010791
0 0.665707 0.259892 0.007401 0.012590
0 0.678043 0.099820 0.004112 0.012590
0 0.395559 0.927158 0.004934 0.008993
0 0.665707 0.131295 0.005757 0.010791
0 0.060855 0.432554 0.006579 0.037770
0 0.699836 0.382194 0.004934 0.008993
0 0.219984 0.378597 0.005757 0.008993
0 0.222039 0.215827 0.006579 0.014388
0 0.716283 0.714928 0.004934 0.008993
0 0.799342 0.987410 0.004934 0.010791
0 0.326891 0.098921 0.005757 0.010791
0 0.716283 0.100719 0.004934 0.010791
0 0.332237 0.231115 0.004934 0.008993
0 0.513980 0.412770 0.004934 0.012590
0 0.797697 0.538669 0.004934 0.012590
0 0.366365 0.701439 0.005757 0.010791
0 0.750822 0.784173 0.006579 0.017986
0 0.418997 0.282374 0.005757 0.010791
0 0.221217 0.644784 0.004934 0.012590
0 0.497122 0.039568 0.005757 0.014389
0 0.458059 0.206835 0.006579 0.010791
0 0.702303 0.232914 0.004934 0.016187
0 0.576891 0.588130 0.005757 0.017986
0 0.785773 0.229317 0.005757 0.012590
0 0.791530 0.164568 0.005757 0.012590
0 0.247122 0.586331 0.007401 0.017986
0 0.763158 0.303957 0.006579 0.014389
0 0.638158 0.477518 0.006579 0.012590
0 0.723273 0.878597 0.007401 0.012590
0 0.634046 0.581835 0.006579 0.016187
0 0.899671 0.902878 0.008224 0.014388
0 0.818257 0.014389 0.004934 0.014389
