0 0.099918 0.861511 0.009046 0.014388
0 0.297286 0.007194 0.022204 0.014389
0 0.705592 0.989209 0.018092 0.017986
0 0.418997 0.667266 0.012336 0.021583
0 0.696135 0.335432 0.013980 0.023381
0 0.847039 0.567446 0.013158 0.023381
0 0.301809 0.473022 0.029605 0.050360
0 0.641859 0.982914 0.041941 0.034173
0 0.292763 0.929856 0.018092 0.035971
0 0.099095 0.525180 0.032072 0.086331
0 0.362253 0.478417 0.023849 0.053957
0 0.282895 0.656475 0.032895 0.050360
0 0.729441 0.340827 0.037829 0.044964
0 0.349918 0.896583 0.022204 0.059352
0 0.439145 0.935252 0.021382 0.061151
0 0.901727 0.146583 0.030428 0.059353
0 0.365543 0.953237 0.027138 0.057554
0 0.189556 0.836331 0.040296 0.050360
0 0.635691 0.803058 0.032895 0.055755
0 0.219161 0.821942 0.022204 0.053957
0 0.654194 0.864209 0.020559 0.052158
0 0.374178 0.189748 0.023026 0.052158
0 0.508635 0.483813 0.028783 0.064748
0 0.242599 0.573741 0.029605 0.057554
0 0.713405 0.455036 0.022204 0.057554
0 0.272615 0.706835 0.038651 0.082734
0 0.765625 0.168165 0.023026 0.059353
0 0.833059 0.342626 0.023026 0.041367
0 0.735197 0.572842 0.032895 0.052158
0 0.583059 0.859712 0.023026 0.064748
0 0.309622 0.195144 0.023849 0.055755
0 0.564967 0.272482 0.046053 0.077338
0 0.796464 0.239209 0.027138 0.053957
0 0.730674 0.031475 0.040296 0.062950
0 0.273849 0.491007 0.027960 0.057554
0 0.729852 0.521583 0.033717 0.046763
0 0.662829 0.428957 0.041118 0.066547
0 0.585938 0.589029 0.040296 0.070144
0 0.127467 0.408273 0.029605 0.061151
0 0.472862 0.408273 0.031250 0.071942
0 0.229030 0.252698 0.038651 0.070144
0 0.150905 0.125899 0.027138 0.057554
0 0.242188 0.767086 0.025493 0.048561
0 0.226562 0.650180 0.035362 0.066547
0 0.613898 0.564748 0.023849 0.071942
0 0.395148 0.566547 0.025493 0.079137
0 0.500411 0.597122 0.033717 0.057554
0 0.328125 0.483813 0.027961 0.086331
0 0.403783 0.942446 0.031250 0.061151
0 0.830592 0.661870 0.036184 0.068345
0 0.398026 0.162770 0.034540 0.080935
0 0.372944 0.902878 0.028783 0.061151
0 0.578947 0.779676 0.029605 0.055755
0 0.643503 0.584532 0.027138 0.071942
0 0.453947 0.758993 0.054276 0.089928
0 0.783717 0.433453 0.052632 0.118705
0 0.640214 0.314748 0.004112 0.010791
0 0.258635 0.008993 0.004112 0.010791
0 0.261102 0.220324 0.004112 0.012590
0 0.629112 0.342626 0.003289 0.008993
0 0.822780 0.302158 0.004112 0.007194
0 0.592105 0.505396 0.003289 0.007194
0 0.648438 0.144784 0.004112 0.008993
0 0.531250 0.956835 0.003289 0.010791
0 0.353618 0.628597 0.003289 0.008993
0 0.486020 0.197842 0.003289 0.010791
0 0.412418 0.876799 0.004112 0.008993
0 0.413651 0.531475 0.003289 0.012590
0 0.678454 0.988309 0.003289 0.008993
0 0.492188 0.667266 0.002467 0.010791
0 0.261102 0.238309 0.004112 0.012590
0 0.514803 0.203237 0.004934 0.010791
0 0.574013 0.696043 0.003289 0.010791
0 0.749589 0.721223 0.004112 0.010791
0 0.703125 0.932554 0.003289 0.008993
0 0.278372 0.750000 0.004112 0.010791
0 0.543997 0.592626 0.004112 0.016187
0 0.391447 0.231115 0.004934 0.008993
0 0.675576 0.515288 0.004112 0.012590
0 0.620477 0.071043 0.005757 0.012590
0 0.855674 0.548561 0.004112 0.014388
0 0.511513 0.749101 0.004934 0.008993
0 0.724095 0.278777 0.004112 0.010791
0 0.743832 0.649281 0.005757 0.010791
0 0.824013 0.908273 0.004934 0.014388
0 0.460115 0.635791 0.004112 0.008993
0 0.811678 0.583633 0.003289 0.012590
0 0.460938 0.537770 0.004112 0.010791
0 0.470806 0.556655 0.004112 0.008993
0 0.771793 0.858813 0.004112 0.008993
0 0.232730 0.703237 0.003289 0.010791
0 0.778783 0.814748 0.003289 0.010791
0 0.497944 0.433453 0.004112 0.010791
0 0.742599 0.142986 0.004934 0.008993
0 0.345806 0.669964 0.004112 0.008993
0 0.392681 0.800360 0.004112 0.010791
0 0.574013 0.122302 0.003289 0.010791
0 0.836760 0.463129 0.004112 0.012590
0 0.544819 0.764389 0.004112 0.010791
0 0.479030 0.976619 0.004112 0.010791
0 0.218339 0.714029 0.004112 0.010791
0 0.527138 0.777878 0.004934 0.012590
0 0.429688 0.495504 0.005757 0.008993
0 0.193668 0.642986 0.004112 0.008993
0 0.458059 0.993705 0.009868 0.008993
0 0.535773 0.783273 0.007401 0.016187
0 0.783717 0.694245 0.004934 0.014388
0 0.194079 0.053957 0.006579 0.010791
0 0.421875 0.312950 0.006579 0.014389
0 0.303865 0.839928 0.009046 0.010791
