0 0.520148 0.713130 0.007401 0.016187
0 0.595806 0.438849 0.009046 0.017986
0 0.276316 0.366007 0.009868 0.023381
0 0.436266 0.214029 0.009046 0.035971
0 0.591283 0.967626 0.009868 0.017986
0 0.689145 0.369604 0.011513 0.023381
0 0.596217 0.793165 0.013158 0.035971
0 0.662418 0.538669 0.015625 0.030575
0 0.391036 0.524281 0.013980 0.026978
0 0.600740 0.307554 0.028783 0.057554
0 0.386924 0.444245 0.028783 0.043165
0 0.546464 0.915468 0.017270 0.025180
0 0.514803 0.862410 0.011513 0.026978
0 0.176398 0.014389 0.033717 0.028777
0 0.699836 0.963130 0.029605 0.055755
0 0.423520 0.408273 0.013158 0.032374
0 0.641447 0.985611 0.023026 0.025180
0 0.448191 0.283273 0.026316 0.059352
0 0.406661 0.420863 0.015625 0.046763
0 0.752878 0.983813 0.027138 0.028777
0 0.820312 0.979317 0.030428 0.030575
0 0.577303 0.829137 0.027960 0.068345
0 0.384868 0.487410 0.026316 0.053957
0 0.275082 0.982014 0.030428 0.032374
0 0.498766 0.722122 0.025493 0.037770
0 0.349507 0.138489 0.021382 0.064748
0 0.314145 0.018885 0.024671 0.037770
0 0.097451 0.085432 0.056743 0.077338
0 0.798520 0.026978 0.052632 0.053957
0 0.785362 0.826439 0.072368 0.073741
0 0.555099 0.818345 0.018092 0.035971
0 0.761513 0.439748 0.041118 0.062950
0 0.777961 0.548561 0.023026 0.046763
0 0.340872 0.390288 0.032072 0.053957
0 0.207237 0.486511 0.039474 0.048561
0 0.619655 0.756295 0.025493 0.052158
0 0.334293 0.578237 0.022204 0.052158
0 0.292352 0.152878 0.028783 0.061151
0 0.640214 0.718525 0.037007 0.073741
0 0.442845 0.557554 0.023849 0.053957
0 0.636924 0.017086 0.030428 0.034173
0 0.612253 0.527878 0.038651 0.070144
0 0.678043 0.430755 0.028783 0.062950
0 0.134868 0.524281 0.031250 0.062950
0 0.456414 0.111511 0.031250 0.046763
0 0.570312 0.780576 0.025493 0.039568
0 0.247944 0.351619 0.027138 0.062950
0 0.786184 0.101619 0.026316 0.062950
0 0.384457 0.353417 0.025493 0.070144
0 0.840872 0.535072 0.083059 0.098921
0 0.407484 0.294065 0.030428 0.055755
0 0.547697 0.732014 0.023026 0.061151
0 0.529194 0.276079 0.025493 0.044964
0 0.735609 0.866906 0.035362 0.064748
0 0.226974 0.952338 0.036184 0.059353
0 0.671875 0.841727 0.024671 0.068345
0 0.357319 0.891187 0.023849 0.059353
0 0.226562 0.903777 0.023849 0.048561
0 0.289885 0.786870 0.035362 0.055755
0 0.532895 0.849820 0.023026 0.066547
0 0.719572 0.926259 0.034540 0.064748
0 0.660362 0.100719 0.052632 0.071942
0 0.169819 0.390288 0.045230 0.064748
0 0.337582 0.835432 0.032072 0.066547
0 0.678454 0.271583 0.041118 0.071942
0 0.523438 0.750899 0.035362 0.062950
0 0.617599 0.809353 0.037829 0.075540
0 0.391859 0.958633 0.023849 0.064748
0 0.659128 0.613309 0.027138 0.061151
0 0.861020 0.053058 0.029605 0.070144
0 0.913651 0.729317 0.034539 0.066547
0 0.786184 0.506295 0.029605 0.059353
0 0.139391 0.617806 0.025493 0.066547
0 0.533717 0.610611 0.029605 0.066547
0 0.183799 0.260791 0.030428 0.068345
0 0.265214 0.151978 0.035362 0.070144
0 0.372533 0.600719 0.036184 0.079137
0 0.490954 0.080935 0.032895 0.068345
0 0.699836 0.514389 0.031250 0.050360
0 0.466694 0.049460 0.022204 0.084532
0 0.419408 0.611511 0.031250 0.061151
0 0.609786 0.630396 0.040296 0.070144
0 0.343339 0.056655 0.046875 0.088129
0 0.209293 0.217626 0.035362 0.093525
0 0.317023 0.281475 0.030428 0.088129
0 0.755757 0.530576 0.034540 0.075540
0 0.474507 0.339928 0.004934 0.010791
0 0.835938 0.679856 0.004112 0.010791
0 0.649671 0.250000 0.003289 0.010791
0 0.379934 0.716727 0.003289 0.008993
0 0.743832 0.265288 0.004112 0.008993
0 0.241776 0.808453 0.003289 0.012590
0 0.358141 0.738309 0.004112 0.012590
0 0.314145 0.214029 0.004934 0.010791
0 0.449836 0.672662 0.004934 0.010791
0 0.356497 0.492806 0.005757 0.010791
0 0.322780 0.976619 0.004112 0.010791
0 0.479441 0.668165 0.003289 0.008993
0 0.422697 0.193345 0.003289 0.008993
0 0.572368 0.358813 0.003289 0.008993
0 0.715461 0.193345 0.003289 0.008993
0 0.664885 0.191547 0.004112 0.008993
0 0.866776 0.962230 0.003289 0.010791
0 0.579770 0.971223 0.003289 0.010791
0 0.847039 0.366007 0.004934 0.008993
0 0.582648 0.007194 0.005757 0.010791
0 0.597039 0.100719 0.006579 0.010791
0 0.695312 0.883993 0.004112 0.008993
0 0.423931 0.755396 0.004112 0.010791
0 0.502878 0.617806 0.005757 0.008993
0 0.627467 0.966727 0.004934 0.008993
0 0.397615 0.566547 0.004112 0.010791
0 0.690378 0.809353 0.005757 0.010791
0 0.636924 0.585432 0.004112 0.012590
0 0.595395 0.916367 0.004934 0.016187
0 0.900905 0.605216 0.005757 0.008993
0 0.634868 0.449640 0.006579 0.010791
0 0.449013 0.593525 0.004934 0.014388
0 0.488076 0.559353 0.005757 0.010791
0 0.823602 0.304856 0.005757 0.012590
0 0.550987 0.239209 0.004934 0.014389
0 0.094572 0.302158 0.008224 0.010791
0 0.581826 0.233813 0.005757 0.014388
0 0.908717 0.948741 0.004934 0.012590
0 0.267681 0.889389 0.010691 0.048561
0 0.422697 0.975719 0.006579 0.012590
0 0.261513 0.835432 0.004934 0.012590
0 0.408306 0.965827 0.009046 0.014388
0 0.828947 0.841727 0.006579 0.014388
0 0.611842 0.933453 0.006579 0.010791
0 0.667763 0.743705 0.009868 0.016187
0 0.372122 0.258094 0.007401 0.019784
