0 0.192845 0.183453 0.007401 0.017986
0 0.758224 0.081835 0.006579 0.016187
0 0.350740 0.009892 0.027138 0.019784
0 0.523849 0.398381 0.008224 0.019784
0 0.728618 0.830935 0.009868 0.017986
0 0.591283 0.051259 0.008224 0.019784
0 0.604441 0.609712 0.009868 0.021583
0 0.633224 0.989209 0.011513 0.017986
0 0.456003 0.018885 0.012335 0.023381
0 0.362253 0.478417 0.012336 0.021583
0 0.666118 0.820144 0.013158 0.028777
0 0.493832 0.155576 0.013980 0.023381
0 0.470806 0.421763 0.009046 0.026978
0 0.481908 0.194245 0.009868 0.025180
0 0.700247 0.725719 0.012335 0.019784
0 0.578536 0.781475 0.015625 0.026978
0 0.707237 0.383094 0.016447 0.032374
0 0.249178 0.639389 0.024671 0.055755
0 0.414062 0.034173 0.022204 0.043165
0 0.228618 0.638489 0.026316 0.061151
0 0.745888 0.982014 0.034540 0.035971
0 0.079359 0.057554 0.033717 0.068345
0 0.901727 0.826439 0.032072 0.080935
0 0.524260 0.250000 0.028783 0.075540
0 0.323191 0.284173 0.024671 0.046763
0 0.712582 0.864209 0.020559 0.052158
0 0.208882 0.687950 0.031250 0.044964
0 0.148849 0.466727 0.041118 0.073741
0 0.754112 0.512590 0.024671 0.061151
0 0.708882 0.461331 0.024671 0.052158
0 0.526727 0.718525 0.035362 0.091727
0 0.098684 0.022482 0.032895 0.044964
0 0.827303 0.979317 0.029605 0.037770
0 0.475740 0.978417 0.030428 0.039568
0 0.311266 0.980216 0.023849 0.032374
0 0.138158 0.020683 0.024671 0.041367
0 0.773849 0.356115 0.024671 0.046763
0 0.706826 0.970324 0.018915 0.055755
0 0.773026 0.052158 0.026316 0.068345
0 0.502056 0.632194 0.020559 0.052158
0 0.442845 0.060252 0.020559 0.044964
0 0.729441 0.493705 0.041118 0.084532
0 0.535773 0.631295 0.028783 0.071942
0 0.377467 0.066547 0.046053 0.082734
0 0.476974 0.545863 0.023026 0.066547
0 0.671053 0.469424 0.046053 0.082734
0 0.878701 0.560252 0.032072 0.070144
0 0.444079 0.334532 0.027960 0.057554
0 0.323602 0.929856 0.025493 0.064748
0 0.378289 0.823741 0.029605 0.061151
0 0.227385 0.240108 0.032072 0.059353
0 0.498355 0.223921 0.036184 0.055755
0 0.273849 0.785072 0.024671 0.044964
0 0.678865 0.134892 0.035362 0.068345
0 0.223684 0.976619 0.026316 0.043165
0 0.228618 0.406475 0.029605 0.068345
0 0.532484 0.146583 0.030428 0.055755
0 0.110197 0.629496 0.026316 0.043166
0 0.229030 0.800360 0.038651 0.071942
0 0.394737 0.714928 0.027960 0.066547
0 0.414062 0.813849 0.038651 0.059353
0 0.217105 0.286871 0.031250 0.052158
0 0.189145 0.128597 0.026316 0.052158
0 0.728618 0.764389 0.032895 0.068345
0 0.168174 0.091727 0.028783 0.053957
0 0.377467 0.571942 0.029605 0.079137
0 0.671875 0.272482 0.026316 0.048561
0 0.086349 0.749101 0.050987 0.113309
0 0.408306 0.970324 0.027138 0.055755
0 0.578947 0.535072 0.021382 0.052158
0 0.395148 0.526978 0.043585 0.079137
0 0.098273 0.232014 0.033717 0.068345
0 0.352385 0.840827 0.032072 0.091727
0 0.265625 0.340827 0.029605 0.059352
0 0.644326 0.274281 0.028783 0.080935
0 0.190789 0.834532 0.027960 0.064748
0 0.483964 0.896583 0.043585 0.113309
0 0.756168 0.830935 0.040296 0.075540
0 0.432977 0.583633 0.028783 0.073741
0 0.430099 0.062050 0.004934 0.016187
0 0.382812 0.618705 0.010691 0.017986
0 0.729030 0.555755 0.004112 0.010791
0 0.683799 0.312950 0.004112 0.010791
0 0.246711 0.150180 0.003289 0.012590
0 0.460526 0.365108 0.003289 0.010791
0 0.719572 0.080036 0.003289 0.012590
0 0.381168 0.915468 0.004112 0.010791
0 0.780016 0.799460 0.005757 0.016187
0 0.683388 0.584532 0.004934 0.010791
0 0.751234 0.892986 0.004112 0.008993
0 0.822780 0.114209 0.004112 0.008993
0 0.547286 0.363309 0.004112 0.010791
0 0.406250 0.428957 0.004934 0.012590
0 0.522204 0.666367 0.006579 0.019784
0 0.271793 0.160072 0.004112 0.010791
0 0.666118 0.650180 0.006579 0.008993
0 0.768503 0.212230 0.005757 0.010791
0 0.567845 0.407374 0.004112 0.012590
0 0.439556 0.884892 0.004112 0.010791
0 0.632812 0.766187 0.004112 0.010791
0 0.637747 0.883993 0.005757 0.008993
0 0.384046 0.345324 0.004934 0.010791
0 0.542352 0.505396 0.004112 0.010791
0 0.406250 0.764389 0.004934 0.010791
0 0.884868 0.385791 0.004934 0.012590
0 0.566201 0.843525 0.004112 0.010791
0 0.518914 0.068345 0.004934 0.014388
0 0.698191 0.891187 0.004934 0.012590
0 0.569079 0.064748 0.004934 0.010791
0 0.366365 0.011691 0.023849 0.019784
0 0.786184 0.241007 0.008224 0.010791
0 0.268503 0.064748 0.004112 0.014388
0 0.236431 0.532374 0.007401 0.014388
0 0.661595 0.191547 0.004112 0.016187
0 0.458470 0.589928 0.009046 0.014388
0 0.406661 0.889389 0.005757 0.016187
0 0.834704 0.080036 0.004934 0.016187
0 0.395970 0.478417 0.005757 0.014388
0 0.506168 0.174460 0.007401 0.014388
0 0.260691 0.710432 0.004934 0.014388
0 0.594572 0.899281 0.006579 0.010791
0 0.444490 0.680755 0.005757 0.012590
0 0.417763 0.517086 0.006579 0.016187
0 0.687089 0.780576 0.005757 0.014388
0 0.189556 0.736511 0.007401 0.012590
0 0.261513 0.262590 0.004934 0.014389
0 0.730674 0.669065 0.005757 0.017986
0 0.448191 0.141187 0.008224 0.012590
0 0.547697 0.783273 0.006579 0.023381
