0 0.906250 0.109712 0.008224 0.014388
0 0.518503 0.192446 0.009046 0.017986
0 0.360197 0.117806 0.008224 0.016187
0 0.880757 0.666367 0.031250 0.052158
0 0.777549 0.107014 0.009046 0.019784
0 0.380345 0.212230 0.010691 0.021583
0 0.540296 0.346223 0.009868 0.019784
0 0.229441 0.008993 0.019737 0.017986
0 0.604441 0.870504 0.011513 0.032374
0 0.631579 0.666367 0.008224 0.030575
0 0.206003 0.009892 0.023849 0.019784
0 0.233553 0.142086 0.009868 0.025180
0 0.397204 0.143885 0.011513 0.021583
0 0.429688 0.620504 0.012335 0.025180
0 0.391447 0.759892 0.014803 0.030575
0 0.149260 0.986511 0.023849 0.023381
0 0.384046 0.986511 0.029605 0.023381
0 0.178865 0.925360 0.015625 0.023381
0 0.904605 0.642086 0.049342 0.089928
0 0.754112 0.571043 0.032895 0.070144
0 0.676809 0.579137 0.046053 0.100719
0 0.746299 0.534173 0.033717 0.061151
0 0.474507 0.575540 0.026316 0.050360
0 0.186678 0.366906 0.023026 0.046763
0 0.426809 0.036870 0.024671 0.066547
0 0.620066 0.107014 0.018092 0.037770
0 0.131990 0.653777 0.025493 0.044964
0 0.726151 0.392986 0.044408 0.070144
0 0.409951 0.703237 0.022204 0.046763
0 0.076069 0.016187 0.025493 0.032374
0 0.136102 0.388489 0.032072 0.061151
0 0.256168 0.612410 0.020559 0.052158
0 0.136102 0.929856 0.030428 0.057554
0 0.117188 0.102518 0.040296 0.053957
0 0.194490 0.519784 0.023849 0.053957
0 0.475329 0.412770 0.024671 0.041367
0 0.828536 0.066547 0.028783 0.064748
0 0.537007 0.616906 0.024671 0.053957
0 0.414474 0.593525 0.021382 0.046763
0 0.767270 0.055755 0.024671 0.050360
0 0.092105 0.380396 0.032895 0.059352
0 0.920230 0.892086 0.026316 0.061151
0 0.914885 0.801259 0.032072 0.059353
0 0.449013 0.537770 0.054276 0.147482
0 0.498355 0.455036 0.029605 0.061151
0 0.216694 0.065647 0.020559 0.044964
0 0.346217 0.053957 0.029605 0.050360
0 0.847451 0.041367 0.025493 0.057554
0 0.731908 0.323741 0.044408 0.053957
0 0.517270 0.232014 0.029605 0.068345
0 0.326480 0.900180 0.026316 0.052158
0 0.418174 0.661870 0.038651 0.064748
0 0.245477 0.582734 0.028783 0.079137
0 0.305510 0.811151 0.040296 0.064748
0 0.861431 0.135791 0.043586 0.052158
0 0.188322 0.962230 0.031250 0.061151
0 0.497122 0.531475 0.040296 0.102518
0 0.395559 0.494604 0.026316 0.057554
0 0.528372 0.763489 0.027138 0.059353
0 0.426398 0.261691 0.035362 0.070144
0 0.684211 0.706835 0.042763 0.064748
0 0.728618 0.821043 0.024671 0.066547
0 0.593750 0.232014 0.027960 0.061151
0 0.777549 0.264389 0.030428 0.050360
0 0.534539 0.386691 0.024671 0.057554
0 0.473273 0.329137 0.035362 0.057554
0 0.375000 0.676259 0.039474 0.071942
0 0.925987 0.208633 0.027961 0.064748
0 0.707648 0.501799 0.051809 0.086331
0 0.203536 0.580036 0.038651 0.084532
0 0.656661 0.750899 0.028783 0.073741
0 0.755345 0.482914 0.038651 0.077338
0 0.534539 0.540468 0.041118 0.098921
0 0.796053 0.719424 0.050987 0.079137
0 0.343339 0.321942 0.035362 0.075540
0 0.898438 0.232014 0.004112 0.010791
0 0.634868 0.261691 0.003289 0.008993
0 0.094161 0.535072 0.004112 0.008993
0 0.467516 0.700540 0.004112 0.012590
0 0.098684 0.596223 0.004934 0.008993
0 0.573191 0.852518 0.003289 0.007194
0 0.148438 0.799460 0.004112 0.008993
0 0.519326 0.673561 0.004112 0.008993
0 0.664062 0.276079 0.004112 0.008993
0 0.561266 0.842626 0.004112 0.008993
0 0.388158 0.439748 0.004934 0.008993
0 0.801398 0.865108 0.004112 0.010791
0 0.325658 0.538669 0.004934 0.016187
0 0.529605 0.892986 0.004934 0.008993
0 0.372122 0.740108 0.004112 0.008993
0 0.729030 0.668165 0.004112 0.008993
0 0.648438 0.428058 0.005757 0.010791
0 0.518914 0.098921 0.004934 0.010791
0 0.325658 0.931655 0.006579 0.010791
0 0.240132 0.022482 0.004934 0.012590
0 0.642681 0.506295 0.004112 0.012590
0 0.741365 0.251799 0.004112 0.010791
0 0.597451 0.505396 0.005757 0.010791
0 0.234375 0.968525 0.004934 0.012590
0 0.337171 0.828237 0.004934 0.012590
0 0.532072 0.971223 0.003289 0.010791
0 0.572780 0.250000 0.005757 0.010791
0 0.637747 0.003597 0.010691 0.007194
0 0.547697 0.931655 0.004934 0.010791
0 0.270148 0.909173 0.007401 0.019784
0 0.341283 0.742806 0.004934 0.010791
0 0.460115 0.821043 0.005757 0.008993
0 0.462582 0.947842 0.005757 0.014388
0 0.297697 0.415468 0.004934 0.014389
0 0.535362 0.231115 0.006579 0.016187
0 0.557977 0.019784 0.004112 0.014389
0 0.206003 0.444245 0.012335 0.017986
0 0.370066 0.774281 0.008224 0.012590
0 0.372122 0.467626 0.005757 0.010791
0 0.214227 0.622302 0.010691 0.014388
0 0.604441 0.509892 0.004934 0.019784
0 0.406661 0.094425 0.005757 0.008993
0 0.203125 0.698741 0.004934 0.016187
0 0.399260 0.164568 0.007401 0.012590
0 0.676398 0.212230 0.005757 0.017986
0 0.360609 0.008993 0.007401 0.014388
0 0.602385 0.490108 0.007401 0.023381
0 0.469984 0.031475 0.009046 0.016187
0 0.258224 0.884892 0.009868 0.014388
0 0.173931 0.832734 0.005757 0.021583
0 0.628289 0.725719 0.006579 0.023381
