0 0.790707 0.777878 0.033717 0.059353
0 0.763980 0.392086 0.008224 0.021583
0 0.638980 0.144784 0.008224 0.019784
0 0.377467 0.760791 0.006579 0.017986
0 0.681332 0.674460 0.009046 0.017986
0 0.560444 0.870504 0.007401 0.014388
0 0.480674 0.677158 0.030428 0.059353
0 0.605263 0.606115 0.008224 0.017986
0 0.770559 0.355216 0.008224 0.019784
0 0.617188 0.212230 0.007401 0.017986
0 0.293174 0.007194 0.018914 0.014389
0 0.428865 0.645683 0.010691 0.021583
0 0.543997 0.419065 0.012335 0.021583
0 0.519326 0.008993 0.018915 0.017986
0 0.451480 0.646583 0.008224 0.023381
0 0.712582 0.743705 0.018915 0.026978
0 0.402549 0.552158 0.012336 0.021583
0 0.523849 0.107014 0.009868 0.016187
0 0.526316 0.083633 0.009868 0.026978
0 0.122533 0.566547 0.013158 0.021583
0 0.350329 0.455036 0.013158 0.025180
0 0.465461 0.009892 0.019737 0.019784
0 0.773026 0.036871 0.034540 0.037770
0 0.175576 0.748201 0.028783 0.071942
0 0.085115 0.982914 0.033717 0.030575
0 0.074424 0.177158 0.030428 0.102518
0 0.566612 0.615108 0.023026 0.028777
0 0.551809 0.800360 0.019737 0.046763
0 0.524260 0.825540 0.037007 0.050360
0 0.327303 0.250000 0.018092 0.039568
0 0.872533 0.019784 0.041118 0.039568
0 0.874178 0.631295 0.057566 0.064748
0 0.432977 0.591727 0.038651 0.043166
0 0.558799 0.974820 0.051809 0.050360
0 0.324013 0.423561 0.018092 0.037770
0 0.812500 0.770683 0.029605 0.055755
0 0.311678 0.551259 0.032895 0.062950
0 0.268914 0.071942 0.024671 0.061151
0 0.581003 0.892986 0.022204 0.041367
0 0.518914 0.868705 0.026316 0.057554
0 0.077714 0.264389 0.035362 0.075540
0 0.257812 0.622302 0.037007 0.064748
0 0.388569 0.805755 0.025493 0.064748
0 0.765214 0.785971 0.025493 0.053957
0 0.278783 0.597122 0.031250 0.061151
0 0.537418 0.932554 0.033717 0.077338
0 0.926809 0.575540 0.019737 0.061151
0 0.656661 0.610611 0.028783 0.048561
0 0.404605 0.141187 0.023026 0.055755
0 0.695724 0.034173 0.032895 0.061151
0 0.436266 0.367806 0.025493 0.059352
0 0.650905 0.887590 0.032072 0.055755
0 0.520559 0.146583 0.024671 0.066547
0 0.734375 0.931655 0.031250 0.046763
0 0.187089 0.396583 0.030428 0.070144
0 0.867599 0.477518 0.027961 0.066547
0 0.743010 0.088129 0.030428 0.061151
0 0.122122 0.977518 0.023849 0.037770
0 0.729030 0.054856 0.023849 0.041367
0 0.279194 0.803058 0.037007 0.070144
0 0.558388 0.557554 0.029605 0.057554
0 0.612253 0.524281 0.035362 0.084532
0 0.701069 0.159173 0.027138 0.073741
0 0.488076 0.138489 0.027138 0.075540
0 0.157895 0.919964 0.032895 0.066547
0 0.471217 0.647482 0.026316 0.061151
0 0.489309 0.703237 0.031250 0.057554
0 0.523026 0.702338 0.032895 0.062950
0 0.422697 0.724820 0.023026 0.043166
0 0.417352 0.907374 0.022204 0.059353
0 0.555921 0.144784 0.029605 0.055755
0 0.130757 0.935252 0.031250 0.046763
0 0.304688 0.647482 0.030428 0.071942
0 0.492599 0.062050 0.034540 0.059353
0 0.784951 0.125000 0.027138 0.044964
0 0.395559 0.589928 0.031250 0.064748
0 0.713816 0.700540 0.027960 0.070144
0 0.321546 0.846223 0.064145 0.120504
0 0.363487 0.571043 0.031250 0.070144
0 0.368010 0.803058 0.025493 0.062950
0 0.126645 0.658273 0.024671 0.053957
0 0.659951 0.957734 0.060033 0.084532
0 0.776727 0.511691 0.030428 0.055755
0 0.565789 0.427158 0.032895 0.070144
0 0.370477 0.193345 0.020559 0.048561
0 0.623355 0.918165 0.026316 0.048561
0 0.596217 0.285971 0.029605 0.071942
0 0.373355 0.871403 0.042763 0.073741
0 0.467928 0.323741 0.039474 0.068345
0 0.735609 0.188849 0.048520 0.111511
0 0.687089 0.727518 0.033717 0.073741
0 0.418174 0.231115 0.045230 0.106115
0 0.309622 0.216727 0.040296 0.084532
0 0.658717 0.039568 0.031250 0.061151
0 0.106908 0.126799 0.054276 0.120504
0 0.643092 0.328237 0.041118 0.091727
0 0.606908 0.145683 0.006579 0.010791
0 0.581003 0.109712 0.004112 0.010791
0 0.803865 0.714928 0.004112 0.008993
0 0.799753 0.293165 0.004112 0.010791
0 0.423520 0.536870 0.003289 0.008993
0 0.611020 0.740108 0.003289 0.008993
0 0.539062 0.098022 0.004112 0.008993
0 0.804688 0.081835 0.004112 0.008993
0 0.697780 0.878597 0.004112 0.008993
0 0.301398 0.748201 0.004112 0.010791
0 0.492188 0.616906 0.004112 0.010791
0 0.676809 0.179856 0.004934 0.014388
0 0.678865 0.499101 0.004112 0.008993
0 0.757401 0.544964 0.004934 0.014388
0 0.544819 0.694245 0.004112 0.010791
0 0.757812 0.669065 0.004112 0.010791
0 0.757401 0.563849 0.004934 0.012590
0 0.392270 0.142086 0.004934 0.017986
0 0.622944 0.410072 0.004112 0.010791
0 0.700247 0.113309 0.004112 0.010791
0 0.150082 0.975719 0.005757 0.016187
0 0.447368 0.333633 0.006579 0.016187
0 0.641036 0.802158 0.004112 0.014388
0 0.576480 0.721223 0.004934 0.010791
0 0.149260 0.029676 0.004112 0.008993
0 0.518503 0.994604 0.005757 0.010791
0 0.697368 0.981115 0.004934 0.008993
0 0.609375 0.428957 0.004934 0.016187
0 0.704770 0.593525 0.004934 0.010791
0 0.710938 0.923561 0.004112 0.016187
0 0.832648 0.863309 0.004112 0.007194
0 0.689145 0.633094 0.004934 0.010791
0 0.398438 0.688849 0.005757 0.017986
0 0.474507 0.211331 0.004934 0.012590
0 0.902549 0.883094 0.004112 0.010791
0 0.469572 0.388489 0.004934 0.014389
0 0.422697 0.158273 0.004934 0.010791
0 0.604441 0.780576 0.004934 0.010791
0 0.550576 0.636691 0.004112 0.014388
0 0.226562 0.846223 0.004112 0.008993
0 0.761513 0.831835 0.004934 0.008993
0 0.666118 0.384892 0.004934 0.010791
0 0.638569 0.636691 0.005757 0.014388
0 0.362253 0.912770 0.005757 0.012590
0 0.497533 0.203237 0.004934 0.010791
0 0.343750 0.053058 0.004934 0.008993
0 0.234786 0.602518 0.004112 0.010791
0 0.592105 0.090827 0.006579 0.016187
0 0.664062 0.346223 0.005757 0.016187
0 0.618832 0.183453 0.007401 0.017986
0 0.664474 0.236511 0.004934 0.012590
0 0.563322 0.005396 0.008224 0.010791
0 0.446546 0.305755 0.008224 0.014389
0 0.430921 0.469424 0.004934 0.010791
0 0.476974 0.411871 0.006579 0.017986
0 0.483141 0.413669 0.005757 0.014389
0 0.059622 0.185252 0.007401 0.043165
0 0.535773 0.041367 0.004112 0.014388
0 0.256579 0.191547 0.004934 0.012590
0 0.210526 0.967626 0.006579 0.021583
0 0.620066 0.686151 0.006579 0.008993
0 0.391447 0.060252 0.004934 0.012590
0 0.726562 0.329137 0.005757 0.014389
0 0.679276 0.192446 0.006579 0.021583
0 0.491776 0.004496 0.013158 0.008993
0 0.691612 0.506295 0.006579 0.016187
0 0.435855 0.741906 0.004934 0.012590
0 0.528783 0.658273 0.004934 0.014388
0 0.629112 0.005396 0.006579 0.010791
0 0.750000 0.442446 0.008224 0.014389
0 0.590461 0.927158 0.004934 0.012590
0 0.722862 0.826439 0.004934 0.012590
0 0.677632 0.525180 0.006579 0.014388
0 0.492599 0.778777 0.004934 0.017986
0 0.310855 0.980216 0.004934 0.014388
0 0.791118 0.666367 0.006579 0.012590
0 0.862664 0.578237 0.008224 0.012590
0 0.729852 0.776978 0.005757 0.014388
0 0.058799 0.271583 0.010691 0.057554
