0 0.129112 0.302158 0.009868 0.017986
0 0.488898 0.417266 0.009046 0.021583
0 0.308388 0.956835 0.008224 0.021583
0 0.399260 0.700540 0.010691 0.019784
0 0.749178 0.172662 0.008224 0.021583
0 0.162829 0.687950 0.008224 0.019784
0 0.170230 0.026079 0.009868 0.019784
0 0.206003 0.436151 0.010691 0.019784
0 0.234786 0.215827 0.010691 0.032374
0 0.688734 0.121403 0.012335 0.026978
0 0.815378 0.547662 0.015625 0.023381
0 0.083882 0.843525 0.013158 0.025180
0 0.227385 0.303957 0.010691 0.028777
0 0.525082 0.884892 0.025493 0.050360
0 0.604030 0.236511 0.018915 0.026978
0 0.392270 0.657374 0.013158 0.030575
0 0.579770 0.985611 0.023026 0.025180
0 0.377056 0.528777 0.022204 0.053957
0 0.598273 0.132194 0.012335 0.037770
0 0.696135 0.984712 0.020559 0.026978
0 0.490132 0.980216 0.042763 0.035971
0 0.581003 0.157374 0.020559 0.041367
0 0.588816 0.219424 0.021382 0.043165
0 0.688322 0.367806 0.026316 0.048561
0 0.574013 0.259892 0.044408 0.116906
0 0.491776 0.241906 0.023026 0.059353
0 0.236020 0.484712 0.029605 0.037770
0 0.484375 0.553957 0.029605 0.057554
0 0.563734 0.833633 0.025493 0.048561
0 0.221628 0.911870 0.033717 0.064748
0 0.450658 0.565647 0.019737 0.052158
0 0.752878 0.500000 0.041941 0.061151
0 0.524260 0.495504 0.037007 0.062950
0 0.330181 0.638489 0.025493 0.043166
0 0.870066 0.572842 0.029605 0.048561
0 0.189556 0.718525 0.032072 0.080935
0 0.247944 0.252698 0.028783 0.077338
0 0.419819 0.201439 0.025493 0.050360
0 0.236842 0.839928 0.024671 0.050360
0 0.717105 0.073741 0.029605 0.061151
0 0.502056 0.099820 0.023849 0.070144
0 0.365954 0.923561 0.024671 0.066547
0 0.651316 0.642086 0.029605 0.046763
0 0.606086 0.825540 0.027960 0.053957
0 0.182977 0.776978 0.023849 0.046763
0 0.289062 0.258993 0.055099 0.093525
0 0.705181 0.467626 0.027138 0.057554
0 0.721217 0.875899 0.027960 0.039568
0 0.622122 0.967626 0.045230 0.064748
0 0.302632 0.626799 0.023026 0.066547
0 0.331003 0.960432 0.025493 0.043165
0 0.516036 0.375899 0.032072 0.050360
0 0.667352 0.202338 0.027138 0.048561
0 0.205592 0.338129 0.029605 0.057554
0 0.391859 0.120504 0.055099 0.100719
0 0.293586 0.959532 0.019737 0.044964
0 0.198602 0.643885 0.018915 0.046763
0 0.545641 0.542266 0.030428 0.052158
0 0.586760 0.595324 0.028783 0.068345
0 0.740954 0.959532 0.027960 0.055755
0 0.462171 0.889389 0.021382 0.048561
0 0.414474 0.761691 0.027960 0.066547
0 0.289474 0.849820 0.026316 0.055755
0 0.560855 0.700540 0.027960 0.052158
0 0.401727 0.178058 0.028783 0.050360
0 0.370477 0.613309 0.038651 0.111511
0 0.536595 0.133094 0.037007 0.064748
0 0.729441 0.443345 0.026316 0.088129
0 0.293586 0.145683 0.054276 0.104317
0 0.507812 0.196043 0.033717 0.050360
0 0.238898 0.645683 0.045230 0.079137
0 0.419819 0.697842 0.022204 0.068345
0 0.571135 0.785971 0.038651 0.082734
0 0.629934 0.188849 0.037829 0.075540
0 0.751645 0.706835 0.042763 0.097122
0 0.445312 0.180755 0.048520 0.084532
0 0.211349 0.217626 0.034540 0.082734
0 0.320724 0.221223 0.047697 0.086331
0 0.330181 0.114209 0.023849 0.070144
0 0.840461 0.736511 0.034540 0.062950
0 0.872944 0.651978 0.035362 0.091727
0 0.213405 0.081835 0.046875 0.102518
0 0.541118 0.795863 0.031250 0.084532
0 0.579359 0.009892 0.004112 0.008993
0 0.474507 0.808453 0.003289 0.012590
0 0.670641 0.839029 0.004112 0.008993
0 0.820724 0.632194 0.003289 0.008993
0 0.534539 0.197842 0.004934 0.010791
0 0.812911 0.252698 0.004112 0.008993
0 0.151727 0.910971 0.004112 0.008993
0 0.715049 0.817446 0.004112 0.008993
0 0.387747 0.292266 0.004112 0.008993
0 0.470806 0.069245 0.004112 0.008993
0 0.354030 0.720324 0.004112 0.008993
0 0.687911 0.261691 0.004112 0.012590
0 0.447368 0.965827 0.004934 0.010791
0 0.766036 0.022482 0.004112 0.012590
0 0.644737 0.797662 0.003289 0.012590
0 0.771793 0.035072 0.004112 0.008993
0 0.626645 0.580036 0.003289 0.012590
0 0.548520 0.327338 0.004934 0.010791
0 0.495066 0.644784 0.004934 0.008993
0 0.695312 0.884892 0.004112 0.010791
0 0.684622 0.938849 0.004112 0.010791
0 0.548931 0.992806 0.004112 0.010791
0 0.691201 0.535971 0.004112 0.010791
0 0.731497 0.595324 0.005757 0.010791
0 0.423520 0.538669 0.004934 0.008993
0 0.345395 0.642086 0.006579 0.025180
0 0.721628 0.991007 0.020559 0.010791
0 0.475740 0.375000 0.004112 0.012590
0 0.694079 0.580935 0.004934 0.010791
0 0.613487 0.122302 0.006579 0.014389
0 0.725329 0.304856 0.004934 0.012590
0 0.555921 0.053957 0.004934 0.010791
0 0.706826 0.691547 0.005757 0.012590
0 0.219984 0.504496 0.007401 0.016187
0 0.798520 0.437050 0.004934 0.014389
0 0.895970 0.333633 0.005757 0.012590
0 0.489309 0.902878 0.004934 0.014388
0 0.524260 0.722122 0.007401 0.012590
0 0.652961 0.206835 0.008224 0.017986
0 0.084293 0.483813 0.005757 0.014388
0 0.332237 0.285072 0.006579 0.016187
0 0.827714 0.410971 0.009046 0.012590
0 0.703947 0.164568 0.006579 0.016187
0 0.222862 0.938849 0.019737 0.028777
0 0.680921 0.778777 0.006579 0.010791
0 0.831826 0.504496 0.007401 0.012590
0 0.481497 0.847122 0.007401 0.017986
0 0.380757 0.392986 0.006579 0.019784
