0 0.245477 0.505396 0.009046 0.021583
0 0.525082 0.524281 0.010691 0.019784
0 0.422286 0.006295 0.017270 0.012590
0 0.310855 0.297662 0.008224 0.016187
0 0.652138 0.092626 0.013158 0.019784
0 0.615954 0.122302 0.009868 0.025180
0 0.595395 0.755396 0.014803 0.025180
0 0.142270 0.986511 0.027960 0.026978
0 0.632401 0.010791 0.024671 0.021583
0 0.201891 0.838130 0.013980 0.035971
0 0.791530 0.455935 0.013980 0.026978
0 0.509046 0.557554 0.027960 0.057554
0 0.202303 0.102518 0.016447 0.028777
0 0.175987 0.892986 0.021382 0.062950
0 0.468339 0.017086 0.022204 0.034173
0 0.201891 0.915468 0.037007 0.115108
0 0.493832 0.983813 0.020559 0.032374
0 0.483964 0.278777 0.028783 0.039568
0 0.282895 0.980216 0.021382 0.028777
0 0.427220 0.062950 0.028783 0.046763
0 0.492188 0.577338 0.032072 0.046763
0 0.157895 0.631295 0.019737 0.032374
0 0.319079 0.697842 0.036184 0.050360
0 0.377056 0.200540 0.025493 0.048561
0 0.449013 0.653777 0.021382 0.059353
0 0.426398 0.633094 0.028783 0.075540
0 0.390214 0.033273 0.041941 0.062950
0 0.504112 0.161871 0.032895 0.057554
0 0.416530 0.937950 0.022204 0.048561
0 0.707648 0.877698 0.028783 0.064748
0 0.555510 0.373201 0.023849 0.066547
0 0.553043 0.617806 0.028783 0.055755
0 0.153372 0.892986 0.028783 0.062950
0 0.924342 0.976619 0.029605 0.039568
0 0.374178 0.615108 0.031250 0.071942
0 0.557566 0.965827 0.021382 0.050360
0 0.445724 0.812050 0.016447 0.044964
0 0.597451 0.312950 0.040296 0.082734
0 0.522204 0.239209 0.029605 0.061151
0 0.171464 0.021583 0.043585 0.043165
0 0.554276 0.706835 0.036184 0.068345
0 0.865543 0.470324 0.074836 0.095324
0 0.384868 0.250899 0.027960 0.059353
0 0.371299 0.915468 0.022204 0.064748
0 0.392681 0.092626 0.035362 0.062950
0 0.803454 0.793165 0.042763 0.071942
0 0.654194 0.851619 0.028783 0.059353
0 0.750822 0.210432 0.024671 0.057554
0 0.604030 0.857014 0.022204 0.062950
0 0.710526 0.705935 0.041118 0.073741
0 0.680510 0.880396 0.032072 0.059353
0 0.741365 0.420863 0.022204 0.050360
0 0.559211 0.428957 0.024671 0.052158
0 0.549342 0.487410 0.024671 0.050360
0 0.296875 0.805755 0.032895 0.043166
0 0.558388 0.241906 0.019737 0.062950
0 0.746299 0.856115 0.028783 0.057554
0 0.655428 0.342626 0.027960 0.059352
0 0.758224 0.137590 0.032895 0.062950
0 0.488487 0.652878 0.026316 0.057554
0 0.689145 0.973921 0.026316 0.052158
0 0.439967 0.763489 0.027960 0.044964
0 0.714227 0.367806 0.030428 0.070144
0 0.269737 0.839029 0.027960 0.048561
0 0.634868 0.491007 0.024671 0.046763
0 0.137336 0.927158 0.026316 0.041367
0 0.594161 0.942446 0.033717 0.075540
0 0.706414 0.818345 0.036184 0.061151
0 0.741776 0.745504 0.034540 0.070144
0 0.412007 0.706835 0.039474 0.075540
0 0.356497 0.230216 0.028783 0.061151
0 0.609786 0.668165 0.032072 0.066547
0 0.754934 0.283273 0.050987 0.084532
0 0.189967 0.274281 0.029605 0.062950
0 0.321546 0.626799 0.052632 0.088129
0 0.455181 0.918165 0.041941 0.077338
0 0.814556 0.918165 0.038651 0.098921
0 0.630757 0.966727 0.027960 0.062950
0 0.593750 0.410072 0.032895 0.064748
0 0.270970 0.306655 0.035362 0.102518
0 0.447368 0.705935 0.027960 0.052158
0 0.358964 0.810252 0.030428 0.070144
0 0.098273 0.699640 0.043586 0.093525
0 0.166118 0.959532 0.046053 0.059353
0 0.319079 0.946043 0.049342 0.100719
0 0.482730 0.474820 0.031250 0.071942
0 0.171464 0.181655 0.033717 0.064748
0 0.754934 0.624101 0.032895 0.082734
0 0.406661 0.375000 0.035362 0.080935
0 0.381168 0.692446 0.028783 0.071942
0 0.541941 0.994604 0.004934 0.007194
0 0.662418 0.970324 0.002467 0.008993
0 0.467105 0.110612 0.003289 0.012590
0 0.518503 0.401079 0.004112 0.010791
0 0.486431 0.810252 0.004112 0.008993
0 0.611020 0.785072 0.003289 0.008993
0 0.238898 0.770683 0.004112 0.008993
0 0.615132 0.392986 0.004934 0.012590
0 0.915707 0.373201 0.005757 0.026978
0 0.429276 0.232914 0.004934 0.012590
0 0.694901 0.531475 0.004934 0.012590
0 0.810444 0.644784 0.004112 0.008993
0 0.514391 0.312050 0.004112 0.008993
0 0.768503 0.862410 0.004112 0.008993
0 0.698191 0.365108 0.004934 0.014389
0 0.584293 0.180755 0.004112 0.012590
0 0.673109 0.624101 0.004112 0.010791
0 0.500000 0.748201 0.004934 0.010791
0 0.633635 0.848022 0.004112 0.008993
0 0.647615 0.284173 0.004112 0.010791
0 0.843750 0.246403 0.004934 0.010791
0 0.534128 0.109712 0.004112 0.010791
0 0.599095 0.523381 0.004112 0.010791
0 0.889803 0.111511 0.004934 0.010791
0 0.575247 0.697842 0.005757 0.014388
0 0.635691 0.245504 0.004934 0.008993
0 0.447780 0.142086 0.004112 0.014388
0 0.317845 0.264389 0.004112 0.010791
0 0.735609 0.460432 0.004112 0.010791
0 0.289474 0.607914 0.004934 0.010791
0 0.658717 0.658273 0.004934 0.010791
0 0.510691 0.097122 0.003289 0.014388
0 0.574013 0.476619 0.004934 0.010791
0 0.761513 0.232914 0.006579 0.016187
0 0.259868 0.437950 0.004934 0.012590
0 0.350740 0.026978 0.005757 0.010791
0 0.531250 0.024281 0.004934 0.016187
0 0.695724 0.654676 0.004934 0.010791
0 0.414885 0.333633 0.005757 0.012590
0 0.764803 0.530576 0.006579 0.010791
0 0.856497 0.061151 0.005757 0.010791
0 0.717105 0.567446 0.004934 0.012590
0 0.706003 0.777878 0.005757 0.019784
0 0.256990 0.938849 0.004112 0.010791
0 0.932977 0.310252 0.004112 0.012590
0 0.673931 0.106115 0.004112 0.014388
0 0.432155 0.373201 0.005757 0.012590
0 0.540296 0.767086 0.006579 0.012590
0 0.421875 0.443345 0.004934 0.012590
0 0.616365 0.237410 0.005757 0.010791
0 0.698602 0.557554 0.005757 0.014388
0 0.795230 0.332734 0.008224 0.010791
0 0.760280 0.058453 0.005757 0.012590
0 0.586349 0.657374 0.004934 0.016187
0 0.551809 0.162770 0.006579 0.012590
0 0.636102 0.588130 0.007401 0.014388
0 0.213405 0.093525 0.005757 0.014388
0 0.123355 0.157374 0.008224 0.012590
0 0.552632 0.005396 0.016447 0.010791
0 0.403372 0.451439 0.007401 0.017986
0 0.267270 0.238309 0.008224 0.016187
