0 0.575247 0.941547 0.007401 0.019784
0 0.574424 0.008094 0.020559 0.016187
0 0.444490 0.103417 0.012335 0.019784
0 0.207237 0.750899 0.013158 0.023381
0 0.499589 0.008993 0.023849 0.017986
0 0.671464 0.755396 0.012335 0.021583
0 0.203947 0.040468 0.009868 0.019784
0 0.639803 0.592626 0.009868 0.023381
0 0.582648 0.713130 0.012335 0.026978
0 0.712171 0.984712 0.036184 0.030576
0 0.225329 0.477518 0.044408 0.124101
0 0.377467 0.792266 0.014803 0.048561
0 0.812911 0.040468 0.033717 0.052158
0 0.739309 0.978417 0.023026 0.039568
0 0.522615 0.563849 0.023849 0.062950
0 0.608141 0.017086 0.027138 0.034173
0 0.886924 0.052158 0.028783 0.053957
0 0.318257 0.597122 0.026316 0.053957
0 0.757401 0.910971 0.026316 0.037770
0 0.472862 0.419964 0.026316 0.077338
0 0.504934 0.210432 0.039474 0.057554
0 0.738076 0.498201 0.050165 0.089928
0 0.664474 0.120504 0.024671 0.071942
0 0.231086 0.737410 0.029605 0.046763
0 0.189967 0.517086 0.036184 0.062950
0 0.522615 0.753597 0.030428 0.043166
0 0.152549 0.756295 0.023849 0.059353
0 0.693668 0.891187 0.028783 0.048561
0 0.265625 0.781475 0.047697 0.062950
0 0.555921 0.951439 0.019737 0.061151
0 0.199013 0.373201 0.032895 0.041367
0 0.429688 0.304856 0.027138 0.048561
0 0.446135 0.327338 0.022204 0.043166
0 0.181743 0.728417 0.032895 0.064748
0 0.079359 0.696043 0.028783 0.064748
0 0.403372 0.777878 0.022204 0.048561
0 0.388980 0.538669 0.029605 0.070144
0 0.831414 0.794964 0.029605 0.057554
0 0.760691 0.407374 0.023026 0.048561
0 0.729030 0.360611 0.020559 0.052158
0 0.856086 0.562950 0.034539 0.061151
0 0.303043 0.304856 0.033717 0.073741
0 0.534951 0.776978 0.025493 0.050360
0 0.414885 0.657374 0.030428 0.062950
0 0.414885 0.204137 0.017270 0.055755
0 0.652549 0.189748 0.028783 0.062950
0 0.695312 0.231115 0.032072 0.062950
0 0.213816 0.318345 0.052632 0.097122
0 0.455181 0.479317 0.035362 0.077338
0 0.684211 0.586331 0.050987 0.079137
0 0.197780 0.577338 0.032072 0.068345
0 0.516447 0.166367 0.029605 0.066547
0 0.828947 0.962230 0.037829 0.075540
0 0.788651 0.614209 0.036184 0.073741
0 0.529194 0.647482 0.050165 0.107914
0 0.118010 0.701439 0.038651 0.068345
0 0.762336 0.819245 0.037829 0.091727
0 0.145148 0.258094 0.028783 0.066547
0 0.441612 0.219424 0.039474 0.093525
0 0.320724 0.125899 0.026316 0.079137
0 0.153783 0.531475 0.029605 0.055755
0 0.232319 0.061151 0.041941 0.075540
0 0.666941 0.256295 0.031250 0.070144
0 0.222039 0.398381 0.026316 0.044964
0 0.344572 0.849820 0.047697 0.088129
0 0.725740 0.642986 0.004112 0.012590
0 0.539062 0.014389 0.004112 0.010791
0 0.560855 0.515288 0.003289 0.012590
0 0.623766 0.253597 0.005757 0.017986
0 0.528783 0.378597 0.003289 0.012590
0 0.536595 0.577338 0.005757 0.014388
0 0.917763 0.399281 0.008224 0.043166
0 0.422697 0.079137 0.023026 0.061151
0 0.441201 0.026978 0.030428 0.053957
0 0.586760 0.717626 0.005757 0.017986
0 0.416941 0.543165 0.004934 0.014388
0 0.567023 0.096223 0.004112 0.008993
0 0.564145 0.565647 0.004934 0.012590
0 0.857319 0.010791 0.004112 0.010791
0 0.698191 0.719424 0.004934 0.010791
0 0.602385 0.682554 0.004112 0.016187
0 0.448191 0.824640 0.004934 0.008993
0 0.603207 0.796763 0.004112 0.007194
0 0.674753 0.728417 0.004112 0.010791
0 0.569079 0.772482 0.004934 0.008993
0 0.595806 0.539568 0.005757 0.014388
0 0.387747 0.322842 0.005757 0.012590
0 0.396793 0.349820 0.004112 0.012590
0 0.535362 0.337230 0.004934 0.012590
0 0.372944 0.440647 0.005757 0.010791
0 0.359786 0.246403 0.005757 0.010791
0 0.582648 0.209532 0.004112 0.012590
0 0.652549 0.890288 0.005757 0.010791
0 0.401316 0.822842 0.004934 0.012590
0 0.771793 0.589029 0.005757 0.016187
0 0.598684 0.559353 0.004934 0.010791
0 0.443668 0.565647 0.005757 0.012590
0 0.672286 0.329137 0.004112 0.010791
0 0.569901 0.416367 0.004934 0.016187
0 0.633635 0.294065 0.005757 0.034173
0 0.673109 0.991007 0.005757 0.010791
0 0.751234 0.390288 0.007401 0.017986
0 0.262747 0.331835 0.005757 0.016187
0 0.685444 0.439748 0.005757 0.012590
0 0.516447 0.449640 0.004934 0.014389
0 0.533717 0.047662 0.006579 0.016187
0 0.426398 0.442446 0.009046 0.014389
0 0.345395 0.639389 0.009868 0.016187
