0 0.320312 0.005396 0.018914 0.010791
0 0.755345 0.535072 0.009046 0.016187
0 0.688322 0.955935 0.009868 0.019784
0 0.358553 0.303058 0.009868 0.019784
0 0.733141 0.470324 0.009046 0.019784
0 0.631990 0.022482 0.060033 0.044964
0 0.466283 0.494604 0.011513 0.032374
0 0.776727 0.026079 0.012335 0.030575
0 0.687911 0.466727 0.017270 0.019784
0 0.502467 0.442446 0.014803 0.032374
0 0.709293 0.730216 0.012335 0.032374
0 0.238076 0.721223 0.022204 0.035971
0 0.564145 0.334532 0.023026 0.061151
0 0.761924 0.031475 0.022204 0.052158
0 0.789062 0.017986 0.018915 0.035971
0 0.862253 0.962230 0.027138 0.064748
0 0.898438 0.609712 0.027138 0.057554
0 0.375411 0.805755 0.028783 0.043166
0 0.827714 0.876799 0.033717 0.044964
0 0.591694 0.049460 0.020559 0.041367
0 0.685033 0.421763 0.019737 0.044964
0 0.435033 0.685252 0.031250 0.046763
0 0.184622 0.811151 0.025493 0.061151
0 0.806743 0.707734 0.026316 0.059353
0 0.734786 0.633094 0.038651 0.053957
0 0.685444 0.326439 0.020559 0.055755
0 0.464638 0.221223 0.039474 0.086331
0 0.215049 0.112410 0.040296 0.073741
0 0.159128 0.394784 0.071546 0.095324
0 0.224918 0.601619 0.028783 0.041367
0 0.321135 0.355216 0.022204 0.048561
0 0.652961 0.392986 0.031250 0.073741
0 0.631579 0.303058 0.026316 0.041367
0 0.706003 0.767086 0.027138 0.048561
0 0.453947 0.852518 0.036184 0.061151
0 0.390625 0.266187 0.031250 0.057554
0 0.502878 0.071942 0.025493 0.043166
0 0.295641 0.908273 0.033717 0.050360
0 0.318257 0.287770 0.023026 0.043166
0 0.512747 0.592626 0.035362 0.059353
0 0.185855 0.538669 0.037829 0.059353
0 0.188322 0.723921 0.037829 0.070144
0 0.840461 0.618705 0.027960 0.057554
0 0.693257 0.709532 0.027960 0.070144
0 0.342516 0.034173 0.041941 0.068345
0 0.440789 0.309353 0.042763 0.075540
0 0.752056 0.843525 0.035362 0.064748
0 0.835938 0.184353 0.025493 0.048561
0 0.197780 0.160971 0.037007 0.059353
0 0.381168 0.063849 0.051809 0.084532
0 0.412418 0.429856 0.068257 0.107914
0 0.602796 0.161871 0.050987 0.093525
0 0.576891 0.791367 0.058388 0.104317
0 0.874178 0.887590 0.041118 0.073741
0 0.333059 0.593525 0.034539 0.093525
0 0.796464 0.906475 0.033717 0.107914
0 0.804276 0.080036 0.024671 0.073741
0 0.266447 0.271583 0.029605 0.075540
0 0.717516 0.241007 0.041941 0.093525
0 0.560444 0.674460 0.038651 0.086331
0 0.257401 0.896583 0.046053 0.088130
0 0.672286 0.450540 0.004112 0.008993
0 0.367599 0.219424 0.003289 0.010791
0 0.639803 0.283273 0.004934 0.016187
0 0.428865 0.112410 0.004112 0.008993
0 0.722862 0.445144 0.004934 0.008993
0 0.505757 0.135791 0.003289 0.008993
0 0.221628 0.370504 0.004112 0.010791
0 0.226562 0.037770 0.004112 0.010791
0 0.221217 0.657374 0.003289 0.008993
0 0.220395 0.795863 0.004934 0.008993
0 0.250000 0.448741 0.004934 0.012590
0 0.728618 0.483813 0.004934 0.010791
0 0.410773 0.948741 0.005757 0.012590
0 0.285362 0.809353 0.003289 0.010791
0 0.125000 0.966727 0.004934 0.008993
0 0.455181 0.544964 0.004112 0.010791
0 0.485609 0.344424 0.004112 0.008993
0 0.256579 0.146583 0.004934 0.008993
0 0.416530 0.723022 0.004112 0.007194
0 0.571135 0.858813 0.004112 0.008993
0 0.578947 0.876799 0.003289 0.008993
0 0.426809 0.589928 0.003289 0.014388
0 0.116365 0.836331 0.004112 0.010791
0 0.399260 0.894784 0.004112 0.008993
0 0.124178 0.069245 0.004934 0.008993
0 0.523438 0.230216 0.004112 0.010791
0 0.428454 0.244604 0.004934 0.010791
0 0.618421 0.337230 0.008224 0.012590
0 0.175987 0.313849 0.004934 0.008993
0 0.776316 0.117806 0.004934 0.012590
0 0.343339 0.846223 0.004112 0.012590
0 0.733141 0.791367 0.005757 0.010791
0 0.467105 0.554856 0.004934 0.012590
0 0.856497 0.668165 0.004112 0.012590
0 0.838405 0.120504 0.004112 0.017986
0 0.604441 0.607014 0.004934 0.016187
0 0.659128 0.437050 0.012335 0.017986
0 0.653783 0.020683 0.029605 0.041367
