0 0.747944 0.188849 0.010691 0.017986
0 0.309211 0.012590 0.059211 0.025180
0 0.653372 0.651978 0.010691 0.016187
0 0.720395 0.798561 0.013158 0.017986
0 0.687911 0.646583 0.010691 0.030575
0 0.251234 0.531475 0.048520 0.134892
0 0.425987 0.031475 0.024671 0.055755
0 0.852385 0.036871 0.041941 0.055755
0 0.651727 0.985611 0.027138 0.028777
0 0.502467 0.256295 0.034540 0.066547
0 0.463816 0.399281 0.018092 0.039568
0 0.516036 0.459532 0.025493 0.055755
0 0.759046 0.160971 0.029605 0.037770
0 0.264803 0.219424 0.036184 0.043165
0 0.564967 0.392086 0.027960 0.086331
0 0.206826 0.105216 0.025493 0.048561
0 0.425576 0.141187 0.033717 0.070144
0 0.618421 0.377698 0.026316 0.043166
0 0.181332 0.722122 0.032072 0.055755
0 0.211760 0.723022 0.030428 0.061151
0 0.609786 0.256295 0.023849 0.052158
0 0.638569 0.932554 0.025493 0.055755
0 0.796875 0.444245 0.042763 0.057554
0 0.725329 0.111511 0.029605 0.050360
0 0.196546 0.303957 0.067434 0.154676
0 0.415296 0.775180 0.036184 0.064748
0 0.715461 0.062050 0.027960 0.055755
0 0.821957 0.482914 0.028783 0.055755
0 0.645559 0.021583 0.044408 0.043165
0 0.451480 0.577338 0.027960 0.071942
0 0.268914 0.651079 0.024671 0.071942
0 0.325658 0.557554 0.054276 0.115108
0 0.579359 0.034173 0.030428 0.061151
0 0.909539 0.140288 0.041118 0.061151
0 0.544819 0.734712 0.022204 0.070144
0 0.270970 0.393885 0.040296 0.068345
0 0.257812 0.713130 0.023849 0.044964
0 0.229852 0.973022 0.041941 0.050360
0 0.541941 0.028777 0.037829 0.057554
0 0.652961 0.203237 0.024671 0.064748
0 0.530428 0.949640 0.046053 0.100719
0 0.665296 0.274281 0.041118 0.098921
0 0.371711 0.131295 0.041118 0.075540
0 0.456826 0.773381 0.046875 0.097122
0 0.189967 0.421763 0.036184 0.066547
0 0.878701 0.770683 0.027138 0.070144
0 0.364720 0.820144 0.027138 0.068345
0 0.292352 0.497302 0.028783 0.091727
0 0.467928 0.698741 0.037829 0.062950
0 0.508224 0.689748 0.036184 0.080935
0 0.642270 0.796763 0.032895 0.068345
0 0.757401 0.803957 0.032895 0.075540
0 0.561678 0.516187 0.041118 0.086331
0 0.047697 0.858813 0.004934 0.016187
0 0.598684 0.728417 0.003289 0.010791
0 0.597039 0.959532 0.003289 0.008993
0 0.227796 0.602518 0.004934 0.007194
0 0.399260 0.487410 0.004112 0.010791
0 0.261924 0.037770 0.004112 0.010791
0 0.870066 0.089029 0.004934 0.008993
0 0.134868 0.649281 0.003289 0.010791
0 0.304276 0.795863 0.003289 0.008993
0 0.521793 0.881295 0.004112 0.010791
0 0.860609 0.694245 0.004112 0.010791
0 0.289885 0.571043 0.004112 0.012590
0 0.373355 0.930755 0.003289 0.008993
0 0.523026 0.218525 0.003289 0.008993
0 0.563734 0.846223 0.004112 0.008993
0 0.824424 0.964029 0.004112 0.010791
0 0.291530 0.858813 0.004112 0.008993
0 0.413240 0.294964 0.004112 0.014389
0 0.498355 0.359712 0.004934 0.010791
0 0.188734 0.854317 0.004112 0.010791
0 0.694490 0.852518 0.004112 0.010791
0 0.560444 0.591727 0.004112 0.010791
0 0.350740 0.688849 0.004112 0.010791
0 0.664885 0.843525 0.004112 0.010791
0 0.363076 0.386691 0.004112 0.014389
0 0.289062 0.759892 0.005757 0.008993
0 0.826069 0.790468 0.005757 0.008993
0 0.777961 0.566547 0.006579 0.010791
0 0.894737 0.718525 0.006579 0.016187
0 0.675576 0.007194 0.022204 0.014389
0 0.719984 0.859712 0.007401 0.014388
0 0.585115 0.081835 0.009046 0.026978
