0 0.549342 0.520683 0.004934 0.012590
0 0.573191 0.287770 0.006579 0.017986
0 0.449836 0.645683 0.008224 0.028777
0 0.218750 0.875899 0.006579 0.021583
0 0.458059 0.599820 0.008224 0.023381
0 0.388569 0.141187 0.007401 0.023381
0 0.822780 0.857914 0.010691 0.017986
0 0.458470 0.422662 0.009046 0.017986
0 0.358964 0.211331 0.010691 0.023381
0 0.395148 0.980216 0.007401 0.021583
0 0.711349 0.850719 0.011513 0.017986
0 0.670230 0.012590 0.032895 0.025180
0 0.749589 0.513489 0.012335 0.030575
0 0.189556 0.702338 0.009046 0.023381
0 0.583470 0.479317 0.009046 0.023381
0 0.627878 0.387590 0.010691 0.023381
0 0.370888 0.150180 0.013158 0.030575
0 0.268092 0.056655 0.026316 0.034173
0 0.775493 0.090827 0.031250 0.044964
0 0.298109 0.154676 0.012336 0.039568
0 0.798109 0.470324 0.022204 0.041367
0 0.679688 0.036871 0.032072 0.048561
0 0.449424 0.964928 0.035362 0.070144
0 0.392681 0.822842 0.013980 0.023381
0 0.675987 0.497302 0.021382 0.066547
0 0.773849 0.633993 0.016447 0.034173
0 0.354441 0.717626 0.023026 0.032374
0 0.226562 0.034173 0.045230 0.068345
0 0.417763 0.878597 0.016447 0.034173
0 0.668174 0.691547 0.041941 0.048561
0 0.612253 0.358813 0.027138 0.059352
0 0.210115 0.117806 0.027138 0.048561
0 0.715049 0.225719 0.015625 0.037770
0 0.351974 0.774281 0.039474 0.109712
0 0.320312 0.909173 0.020559 0.034173
0 0.658306 0.525180 0.017270 0.039568
0 0.772615 0.748201 0.032072 0.064748
0 0.313734 0.306655 0.033717 0.084532
0 0.437500 0.366007 0.029605 0.059352
0 0.637336 0.712230 0.024671 0.053957
0 0.565378 0.484712 0.020559 0.062950
0 0.339638 0.221223 0.027960 0.050360
0 0.323602 0.250000 0.030428 0.064748
0 0.316201 0.569245 0.028783 0.055755
0 0.285362 0.022482 0.050987 0.044964
0 0.567434 0.973921 0.024671 0.052158
0 0.721217 0.559353 0.029605 0.046763
0 0.227796 0.539568 0.027960 0.064748
0 0.709704 0.283273 0.031250 0.066547
0 0.504934 0.618705 0.026316 0.064748
0 0.710526 0.081835 0.039474 0.052158
0 0.930510 0.778777 0.040296 0.061151
0 0.751645 0.653777 0.041118 0.052158
0 0.675576 0.812050 0.023849 0.055755
0 0.663240 0.642986 0.048520 0.066547
0 0.615954 0.680755 0.029605 0.048561
0 0.603618 0.976619 0.029605 0.043165
0 0.280016 0.716727 0.022204 0.052158
0 0.180510 0.799460 0.027138 0.044964
0 0.293174 0.794964 0.018914 0.053957
0 0.375411 0.479317 0.032072 0.070144
0 0.142270 0.625000 0.034540 0.055755
0 0.556743 0.821043 0.032895 0.070144
0 0.497944 0.784173 0.025493 0.057554
0 0.310444 0.057554 0.033717 0.086331
0 0.708882 0.713130 0.024671 0.066547
0 0.583470 0.145683 0.035362 0.064748
0 0.292763 0.873201 0.039474 0.055755
0 0.835526 0.205036 0.031250 0.053957
0 0.468750 0.676259 0.032895 0.064748
0 0.693668 0.546763 0.038651 0.068345
0 0.141447 0.453237 0.029605 0.061151
0 0.467516 0.258094 0.028783 0.066547
0 0.707648 0.952338 0.025493 0.052158
0 0.829359 0.561151 0.028783 0.057554
0 0.182977 0.608813 0.048520 0.113309
0 0.197780 0.915468 0.040296 0.079137
0 0.884457 0.411871 0.033717 0.061151
0 0.699013 0.899281 0.034540 0.057554
0 0.345806 0.335432 0.032072 0.059352
0 0.901316 0.340827 0.046053 0.070144
0 0.714227 0.180755 0.023849 0.052158
0 0.584704 0.080935 0.034540 0.064748
0 0.748355 0.590827 0.052632 0.080935
0 0.133224 0.845324 0.036184 0.100719
0 0.328536 0.945144 0.023849 0.062950
0 0.433799 0.239209 0.028783 0.075540
0 0.674753 0.244604 0.030428 0.075540
0 0.394326 0.594424 0.050165 0.080935
0 0.336760 0.101619 0.028783 0.048561
0 0.353618 0.265288 0.024671 0.084532
0 0.132401 0.519784 0.039474 0.071942
0 0.763980 0.684353 0.004934 0.012590
0 0.615954 0.416367 0.004934 0.008993
0 0.704770 0.160971 0.006579 0.012590
0 0.647615 0.202338 0.004112 0.008993
0 0.595395 0.899281 0.003289 0.010791
0 0.543174 0.478417 0.004112 0.010791
0 0.425576 0.778777 0.004112 0.010791
0 0.272204 0.772482 0.006579 0.019784
0 0.923931 0.970324 0.004112 0.008993
0 0.645970 0.827338 0.004112 0.010791
0 0.451480 0.539568 0.003289 0.010791
0 0.831826 0.026978 0.007401 0.017986
0 0.773438 0.984712 0.004112 0.008993
0 0.787418 0.917266 0.004112 0.010791
0 0.497122 0.867806 0.004112 0.008993
0 0.637336 0.061151 0.004934 0.010791
0 0.791941 0.460432 0.009868 0.021583
0 0.697368 0.073741 0.009868 0.039568
0 0.509046 0.805755 0.008224 0.017986
0 0.230674 0.426259 0.004112 0.010791
0 0.751234 0.991007 0.004112 0.010791
0 0.843339 0.334532 0.005757 0.010791
0 0.084704 0.112410 0.004934 0.012590
0 0.582237 0.632194 0.003289 0.012590
0 0.581826 0.387590 0.002467 0.012590
0 0.573191 0.336331 0.004934 0.007194
0 0.428043 0.758094 0.004112 0.012590
0 0.636924 0.322842 0.004112 0.012590
0 0.588405 0.201439 0.004112 0.010791
0 0.741776 0.799460 0.003289 0.008993
0 0.597862 0.727518 0.004934 0.008993
0 0.535362 0.591727 0.004934 0.014388
0 0.628701 0.494604 0.004112 0.014388
0 0.667763 0.354317 0.004934 0.010791
0 0.620888 0.768885 0.006579 0.012590
0 0.584704 0.930755 0.004934 0.008993
0 0.199424 0.402878 0.005757 0.017986
0 0.783306 0.661870 0.005757 0.010791
0 0.580181 0.882194 0.005757 0.012590
0 0.416941 0.250899 0.006579 0.012590
0 0.752467 0.834532 0.004934 0.010791
0 0.770148 0.951439 0.004112 0.010791
0 0.747944 0.294964 0.005757 0.010791
0 0.670641 0.857914 0.004112 0.010791
0 0.542352 0.049460 0.005757 0.012590
0 0.720395 0.016187 0.006579 0.010791
0 0.526316 0.475719 0.004934 0.012590
0 0.562500 0.201439 0.004934 0.010791
0 0.622944 0.636691 0.004112 0.010791
0 0.657072 0.392086 0.004934 0.014389
0 0.595806 0.283273 0.005757 0.012590
0 0.358964 0.861511 0.004112 0.010791
0 0.522615 0.341727 0.004112 0.014389
0 0.343750 0.160971 0.006579 0.016187
0 0.399260 0.359712 0.005757 0.014389
0 0.655839 0.713130 0.015625 0.030575
0 0.728207 0.223022 0.009046 0.014389
0 0.340049 0.844424 0.005757 0.016187
0 0.206826 0.407374 0.007401 0.016187
0 0.517681 0.666367 0.007401 0.019784
0 0.844572 0.518885 0.008224 0.016187
