0 0.322780 0.956835 0.007401 0.021583
0 0.304688 0.665468 0.007401 0.017986
0 0.619655 0.316547 0.007401 0.014389
0 0.638158 0.474820 0.011513 0.017986
0 0.748355 0.918165 0.009868 0.023381
0 0.686678 0.500899 0.014803 0.034173
0 0.620888 0.541367 0.014803 0.028777
0 0.525082 0.252698 0.028783 0.059353
0 0.519326 0.983813 0.038651 0.032374
0 0.111431 0.982014 0.041941 0.032374
0 0.796053 0.012590 0.026316 0.025180
0 0.460938 0.075540 0.017270 0.028777
0 0.263569 0.719424 0.032072 0.068345
0 0.328536 0.014389 0.033717 0.028777
0 0.524671 0.360611 0.034540 0.080935
0 0.252878 0.775180 0.033717 0.057554
0 0.428454 0.254496 0.047697 0.178058
0 0.567434 0.070144 0.041118 0.039568
0 0.184622 0.280576 0.040296 0.057554
0 0.428043 0.719424 0.032072 0.057554
0 0.491365 0.912770 0.020559 0.055755
0 0.466694 0.375000 0.023849 0.052158
0 0.280016 0.018885 0.030428 0.037770
0 0.361020 0.158273 0.024671 0.064748
0 0.848273 0.366007 0.028783 0.048561
0 0.365543 0.493705 0.022204 0.044964
0 0.148438 0.390288 0.033717 0.086331
0 0.795230 0.177158 0.034540 0.048561
0 0.503701 0.018885 0.027138 0.037770
0 0.724918 0.970324 0.033717 0.055755
0 0.177220 0.218525 0.061678 0.080935
0 0.575247 0.436151 0.043585 0.070144
0 0.392270 0.407374 0.019737 0.048561
0 0.179688 0.403777 0.040296 0.073741
0 0.668997 0.741007 0.027138 0.061151
0 0.465049 0.478417 0.033717 0.104317
0 0.770148 0.783273 0.027138 0.052158
0 0.534951 0.866007 0.027138 0.048561
0 0.143503 0.785072 0.030428 0.066547
0 0.414062 0.492806 0.028783 0.068345
0 0.579359 0.530576 0.033717 0.071942
0 0.291118 0.627698 0.029605 0.057554
0 0.582237 0.892086 0.032895 0.068345
0 0.569490 0.315647 0.030428 0.062950
0 0.702303 0.845324 0.024671 0.061151
0 0.927632 0.672662 0.055921 0.097122
0 0.731086 0.741007 0.026316 0.053957
0 0.289062 0.307554 0.045230 0.075540
0 0.618010 0.726619 0.040296 0.064748
0 0.432566 0.124101 0.026316 0.050360
0 0.546464 0.541367 0.032072 0.075540
0 0.791118 0.057554 0.024671 0.053957
0 0.212582 0.026079 0.030428 0.052158
0 0.576480 0.024281 0.029605 0.048561
0 0.763569 0.186151 0.030428 0.070144
0 0.334293 0.409173 0.045230 0.091727
0 0.744243 0.475719 0.049342 0.077338
0 0.920230 0.309353 0.032895 0.064748
0 0.725329 0.190647 0.031250 0.075540
0 0.271382 0.928957 0.047697 0.073741
0 0.207648 0.954137 0.037007 0.088129
0 0.405016 0.910971 0.004112 0.008993
0 0.588405 0.477518 0.004112 0.012590
0 0.425576 0.535971 0.004112 0.010791
0 0.578125 0.190647 0.003289 0.010791
0 0.623766 0.081835 0.004112 0.012590
0 0.727796 0.051259 0.003289 0.012590
0 0.852385 0.078237 0.005757 0.008993
0 0.429688 0.846223 0.004112 0.008993
0 0.956414 0.684353 0.006579 0.048561
0 0.803043 0.419964 0.004112 0.008993
0 0.557566 0.185252 0.003289 0.010791
0 0.817845 0.401079 0.004112 0.010791
0 0.603618 0.864209 0.003289 0.012590
0 0.215872 0.718525 0.004112 0.012590
0 0.429276 0.430755 0.003289 0.012590
0 0.429276 0.162770 0.008224 0.016187
0 0.712582 0.231115 0.005757 0.012590
0 0.863076 0.693345 0.004112 0.008993
0 0.766447 0.919964 0.003289 0.008993
0 0.750822 0.117806 0.004934 0.008993
0 0.503289 0.458633 0.004934 0.010791
0 0.179276 0.155576 0.003289 0.012590
0 0.666118 0.613309 0.004934 0.010791
0 0.705592 0.106115 0.004934 0.010791
0 0.702303 0.982014 0.004934 0.010791
0 0.674342 0.224820 0.003289 0.014389
0 0.646382 0.247302 0.004934 0.012590
0 0.798520 0.622302 0.003289 0.010791
0 0.658717 0.896583 0.004934 0.008993
0 0.634868 0.500000 0.003289 0.010791
0 0.741365 0.395683 0.004112 0.010791
0 0.155016 0.831835 0.004112 0.008993
0 0.143092 0.845324 0.004934 0.010791
0 0.741776 0.565647 0.004934 0.008993
0 0.827714 0.441547 0.004112 0.012590
0 0.429276 0.688849 0.008224 0.014388
0 0.522204 0.816547 0.004934 0.010791
0 0.583059 0.222122 0.004934 0.012590
0 0.672697 0.173561 0.006579 0.012590
0 0.868010 0.800360 0.005757 0.014388
0 0.700658 0.533273 0.004934 0.016187
0 0.537007 0.706835 0.006579 0.010791
0 0.677632 0.058453 0.004934 0.012590
0 0.090460 0.066547 0.006579 0.010791
0 0.559622 0.691547 0.005757 0.012590
0 0.675576 0.134892 0.005757 0.010791
0 0.637747 0.407374 0.005757 0.012590
0 0.484786 0.417266 0.007401 0.014389
0 0.317023 0.470324 0.004112 0.019784
0 0.383635 0.146583 0.010691 0.012590
0 0.893503 0.467626 0.007401 0.010791
0 0.530839 0.817446 0.007401 0.016187
0 0.545230 0.786870 0.006579 0.016187
0 0.459704 0.005396 0.016447 0.010791
