0 0.493832 0.421763 0.010691 0.019784
0 0.226151 0.006295 0.021382 0.012590
0 0.659128 0.645683 0.007401 0.021583
0 0.431743 0.819245 0.009868 0.016187
0 0.770559 0.668165 0.009868 0.016187
0 0.826480 0.384892 0.008224 0.017986
0 0.507401 0.495504 0.011513 0.030575
0 0.570724 0.989209 0.023026 0.017986
0 0.597039 0.355216 0.009868 0.023381
0 0.435444 0.547662 0.009046 0.023381
0 0.059210 0.963130 0.014803 0.037770
0 0.571135 0.812050 0.009046 0.019784
0 0.176809 0.014389 0.029605 0.028777
0 0.660362 0.917266 0.009868 0.021583
0 0.486842 0.468525 0.009868 0.030576
0 0.072368 0.965827 0.021382 0.046763
0 0.537007 0.101619 0.024671 0.037770
0 0.524671 0.500000 0.026316 0.064748
0 0.564556 0.033273 0.025493 0.066547
0 0.326891 0.348022 0.032072 0.070144
0 0.525082 0.150180 0.040296 0.073741
0 0.158717 0.032374 0.029605 0.061151
0 0.310855 0.331835 0.029605 0.059352
0 0.721217 0.598022 0.031250 0.041367
0 0.814967 0.498201 0.019737 0.061151
0 0.849095 0.098921 0.028783 0.035971
0 0.693668 0.849820 0.027138 0.034173
0 0.392681 0.944245 0.025493 0.071942
0 0.611431 0.947842 0.022204 0.046763
0 0.853618 0.873201 0.026316 0.041367
0 0.830592 0.580935 0.046053 0.053957
0 0.736431 0.156475 0.043585 0.064748
0 0.666530 0.619604 0.028783 0.052158
0 0.298520 0.948741 0.023026 0.041367
0 0.686266 0.302158 0.033717 0.104317
0 0.710526 0.107014 0.019737 0.055755
0 0.808799 0.625899 0.020559 0.043166
0 0.196546 0.706835 0.024671 0.057554
0 0.195312 0.564748 0.023849 0.053957
0 0.821957 0.023381 0.033717 0.046763
0 0.293586 0.121403 0.031250 0.052158
0 0.224095 0.781475 0.028783 0.062950
0 0.376645 0.046763 0.023026 0.046763
0 0.906661 0.475719 0.025493 0.059353
0 0.512336 0.793165 0.026316 0.046763
0 0.453125 0.954137 0.024671 0.062950
0 0.598684 0.042266 0.044408 0.084532
0 0.141447 0.671763 0.031250 0.052158
0 0.682566 0.452338 0.026316 0.048561
0 0.738898 0.416367 0.056743 0.088129
0 0.288651 0.765288 0.031250 0.055755
0 0.669408 0.366906 0.029605 0.061151
0 0.670641 0.223022 0.027138 0.064748
0 0.687089 0.929856 0.033717 0.061151
0 0.260280 0.236511 0.028783 0.055755
0 0.716694 0.453237 0.020559 0.057554
0 0.876645 0.546763 0.034539 0.075540
0 0.565789 0.902878 0.023026 0.061151
0 0.375411 0.437050 0.028783 0.064748
0 0.393092 0.579137 0.023026 0.068345
0 0.180921 0.852518 0.062500 0.129496
0 0.193668 0.403777 0.037007 0.077338
0 0.578536 0.631295 0.023849 0.053957
0 0.257401 0.173561 0.041118 0.070144
0 0.584293 0.275180 0.035362 0.071942
0 0.171053 0.305755 0.037829 0.082734
0 0.259457 0.959532 0.035362 0.077338
0 0.365543 0.274281 0.023849 0.052158
0 0.509457 0.678058 0.046875 0.104317
0 0.789062 0.896583 0.004112 0.008993
0 0.442434 0.808453 0.003289 0.008993
0 0.627878 0.253597 0.004112 0.007194
0 0.742599 0.738309 0.003289 0.008993
0 0.650905 0.735611 0.004112 0.010791
0 0.649671 0.910971 0.004934 0.012590
0 0.289885 0.991007 0.004112 0.010791
0 0.602796 0.686151 0.003289 0.008993
0 0.353207 0.209532 0.004112 0.008993
0 0.354852 0.511691 0.004112 0.008993
0 0.715049 0.706835 0.004112 0.010791
0 0.682977 0.636691 0.004112 0.014388
0 0.844572 0.517986 0.003289 0.010791
0 0.377878 0.381295 0.004112 0.010791
0 0.791530 0.220324 0.004112 0.008993
0 0.289885 0.897482 0.004112 0.010791
0 0.758635 0.851619 0.004112 0.012590
0 0.447368 0.899281 0.003289 0.010791
0 0.313734 0.430755 0.004112 0.012590
0 0.481908 0.081835 0.004934 0.008993
0 0.529194 0.287770 0.004112 0.010791
0 0.781661 0.958633 0.004112 0.010791
0 0.633224 0.600719 0.004934 0.014388
0 0.197780 0.751799 0.005757 0.010791
0 0.475740 0.150180 0.005757 0.008993
0 0.391036 0.972122 0.015625 0.026978
0 0.765625 0.137590 0.008224 0.008993
0 0.623355 0.219424 0.004934 0.017986
0 0.467928 0.784173 0.006579 0.014388
0 0.504523 0.295863 0.007401 0.012590
0 0.773438 0.004496 0.013980 0.008993
0 0.618421 0.587230 0.006579 0.012590
0 0.895559 0.339029 0.008224 0.012590
0 0.532072 0.862410 0.008224 0.012590
