0 0.893092 0.787770 0.009868 0.021583
0 0.568257 0.209532 0.009868 0.023381
0 0.363076 0.081835 0.009046 0.016187
0 0.709293 0.743705 0.010691 0.019784
0 0.606908 0.009892 0.018092 0.019784
0 0.578947 0.318345 0.011513 0.017986
0 0.656250 0.819245 0.016447 0.026978
0 0.179276 0.011691 0.031250 0.023381
0 0.319490 0.494604 0.010691 0.025180
0 0.728207 0.483813 0.013980 0.032374
0 0.441201 0.983813 0.018915 0.028777
0 0.631990 0.017086 0.037007 0.034173
0 0.462582 0.908273 0.025493 0.064748
0 0.777961 0.949640 0.042763 0.061151
0 0.800987 0.968525 0.027960 0.055755
0 0.885280 0.692446 0.022204 0.046763
0 0.555921 0.016187 0.026316 0.032374
0 0.277138 0.030575 0.023026 0.057554
0 0.546464 0.459532 0.020559 0.041367
0 0.285362 0.689748 0.029605 0.044964
0 0.654605 0.982014 0.027960 0.032374
0 0.321135 0.016187 0.022204 0.032374
0 0.561266 0.507194 0.025493 0.050360
0 0.489309 0.828237 0.031250 0.066547
0 0.849095 0.205036 0.023849 0.064748
0 0.704770 0.205036 0.031250 0.043165
0 0.453947 0.597122 0.019737 0.050360
0 0.651316 0.042266 0.037829 0.055755
0 0.650082 0.443345 0.033717 0.070144
0 0.166941 0.974820 0.024671 0.050360
0 0.703125 0.646583 0.039474 0.066547
0 0.582648 0.026978 0.025493 0.053957
0 0.297286 0.441547 0.025493 0.062950
0 0.702714 0.880396 0.058388 0.145683
0 0.631168 0.841727 0.033717 0.061151
0 0.227796 0.957734 0.047697 0.084532
0 0.126234 0.485611 0.027138 0.057554
0 0.366365 0.575540 0.023849 0.043166
0 0.779605 0.551259 0.031250 0.066547
0 0.733964 0.161871 0.028783 0.050360
0 0.738076 0.917266 0.028783 0.057554
0 0.341694 0.664568 0.023849 0.041367
0 0.388569 0.812050 0.023849 0.048561
0 0.659951 0.124101 0.040296 0.089928
0 0.643503 0.224820 0.022204 0.046763
0 0.511924 0.619604 0.035362 0.062950
0 0.420641 0.399281 0.022204 0.079137
0 0.391447 0.865108 0.039474 0.075540
0 0.215872 0.205935 0.025493 0.048561
0 0.421464 0.249101 0.032072 0.055755
0 0.450658 0.483813 0.032895 0.064748
0 0.690789 0.045863 0.021382 0.080935
0 0.483553 0.591727 0.019737 0.046763
0 0.861020 0.404676 0.042763 0.100719
0 0.774671 0.151978 0.029605 0.048561
0 0.444901 0.298561 0.057566 0.082734
0 0.581826 0.260791 0.030428 0.071942
0 0.566201 0.615108 0.027138 0.057554
0 0.596628 0.486511 0.028783 0.080935
0 0.659128 0.900180 0.035362 0.102518
0 0.394326 0.719424 0.035362 0.071942
0 0.334293 0.155576 0.004112 0.008993
0 0.224918 0.263489 0.004112 0.008993
0 0.178043 0.169065 0.004112 0.007194
0 0.490543 0.085432 0.004112 0.008993
0 0.603618 0.688849 0.003289 0.010791
0 0.097040 0.256295 0.004934 0.012590
0 0.490543 0.278777 0.004112 0.014389
0 0.759457 0.315647 0.004112 0.012590
0 0.531250 0.945144 0.003289 0.012590
0 0.927220 0.229317 0.009046 0.016187
0 0.186678 0.928957 0.003289 0.008993
0 0.347039 0.911870 0.003289 0.010791
0 0.378289 0.232914 0.003289 0.008993
0 0.729852 0.620504 0.004112 0.010791
0 0.664474 0.213129 0.003289 0.008993
0 0.111020 0.302158 0.003289 0.010791
0 0.377056 0.087230 0.004112 0.008993
0 0.533306 0.092626 0.004112 0.008993
0 0.722862 0.750899 0.003289 0.008993
0 0.291118 0.204137 0.003289 0.008993
0 0.630757 0.272482 0.003289 0.008993
0 0.516036 0.330036 0.004112 0.008993
0 0.389391 0.125899 0.004112 0.010791
0 0.787829 0.722122 0.004934 0.008993
0 0.416941 0.092626 0.004934 0.008993
0 0.805510 0.896583 0.005757 0.008993
0 0.731497 0.758094 0.004112 0.012590
0 0.589638 0.947842 0.004934 0.010791
0 0.360197 0.681655 0.003289 0.010791
0 0.541530 0.736511 0.004112 0.008993
0 0.244243 0.287770 0.004934 0.014389
0 0.362253 0.927158 0.004112 0.012590
0 0.528783 0.074640 0.003289 0.012590
0 0.458470 0.669065 0.004112 0.010791
0 0.754112 0.464029 0.004934 0.010791
0 0.512336 0.956835 0.004934 0.010791
0 0.469984 0.661870 0.005757 0.014388
0 0.523026 0.911870 0.004934 0.010791
0 0.302632 0.106115 0.004934 0.010791
0 0.824836 0.750899 0.004934 0.008993
0 0.847862 0.750899 0.004934 0.008993
0 0.811678 0.003597 0.013158 0.007194
0 0.762747 0.052158 0.005757 0.010791
0 0.680921 0.236511 0.008224 0.019784
