0 0.381579 0.502698 0.014803 0.023381
0 0.308799 0.205935 0.007401 0.019784
0 0.222039 0.491007 0.008224 0.017986
0 0.305510 0.289568 0.027138 0.039568
0 0.580181 0.558453 0.009046 0.019784
0 0.365954 0.071942 0.011513 0.021583
0 0.213816 0.746403 0.011513 0.021583
0 0.928865 0.498201 0.012336 0.035971
0 0.912007 0.370504 0.011513 0.025180
0 0.432566 0.690647 0.011513 0.028777
0 0.575658 0.415468 0.024671 0.050360
0 0.340872 0.107914 0.013980 0.039568
0 0.295230 0.017986 0.039474 0.035971
0 0.293586 0.324640 0.034539 0.062950
0 0.300164 0.250000 0.047697 0.061151
0 0.280016 0.282374 0.025493 0.050360
0 0.805099 0.919065 0.029605 0.035971
0 0.086760 0.218525 0.043585 0.041367
0 0.789474 0.016187 0.023026 0.032374
0 0.519737 0.474820 0.021382 0.046763
0 0.564967 0.638489 0.027960 0.050360
0 0.867599 0.707734 0.031250 0.055755
0 0.511924 0.693345 0.030428 0.055755
0 0.804276 0.094424 0.029605 0.044964
0 0.223273 0.641187 0.032072 0.048561
0 0.452303 0.541367 0.042763 0.115108
0 0.301398 0.973921 0.043585 0.048561
0 0.272615 0.377698 0.027138 0.043166
0 0.461349 0.354317 0.021382 0.057554
0 0.759868 0.923561 0.027960 0.059353
0 0.481086 0.579137 0.034540 0.111511
0 0.643503 0.082734 0.025493 0.050360
0 0.761102 0.568345 0.030428 0.057554
0 0.344984 0.242806 0.025493 0.053957
0 0.539474 0.936151 0.036184 0.080935
0 0.640214 0.489209 0.030428 0.061151
0 0.457648 0.815647 0.038651 0.070144
0 0.392270 0.166367 0.027961 0.066547
0 0.094572 0.617806 0.037829 0.055755
0 0.223684 0.104317 0.044408 0.061151
0 0.398438 0.607014 0.045230 0.102518
0 0.369655 0.258993 0.027138 0.053957
0 0.086349 0.135791 0.032895 0.048561
0 0.641036 0.401079 0.030428 0.071942
0 0.552220 0.823741 0.035362 0.093525
0 0.911184 0.685252 0.032895 0.064748
0 0.538240 0.412770 0.051809 0.088129
0 0.692845 0.284173 0.032072 0.068345
0 0.784951 0.676259 0.053454 0.089928
0 0.620477 0.041367 0.046875 0.079137
0 0.521793 0.792266 0.025493 0.066547
0 0.688322 0.575540 0.034540 0.064748
0 0.455592 0.104317 0.059210 0.125899
0 0.292352 0.806655 0.037007 0.091727
0 0.461349 0.187050 0.037829 0.079137
0 0.185444 0.069245 0.025493 0.062950
0 0.456003 0.745504 0.030428 0.084532
0 0.718750 0.760791 0.052632 0.104317
0 0.491365 0.425360 0.004112 0.008993
0 0.814145 0.178058 0.003289 0.010791
0 0.624589 0.741906 0.004112 0.008993
0 0.161595 0.865108 0.004112 0.014388
0 0.741365 0.695144 0.004112 0.012590
0 0.511513 0.299460 0.003289 0.012590
0 0.670230 0.991007 0.004934 0.010791
0 0.652549 0.830036 0.004112 0.008993
0 0.163651 0.742806 0.003289 0.010791
0 0.409951 0.993705 0.004112 0.008993
0 0.110609 0.787770 0.004112 0.007194
0 0.783717 0.948741 0.004934 0.008993
0 0.726562 0.115108 0.004112 0.014389
0 0.226151 0.610611 0.006579 0.016187
0 0.498355 0.366906 0.003289 0.010791
0 0.477385 0.884892 0.005757 0.010791
0 0.843339 0.822842 0.004112 0.008993
0 0.569079 0.139388 0.004934 0.008993
0 0.087171 0.015288 0.004934 0.016187
0 0.898438 0.094425 0.004112 0.008993
0 0.492599 0.789568 0.003289 0.010791
0 0.713816 0.510791 0.006579 0.010791
0 0.755757 0.729317 0.003289 0.012590
0 0.287829 0.447842 0.004934 0.010791
0 0.455181 0.934353 0.005757 0.008993
0 0.750822 0.611511 0.004934 0.010791
0 0.792763 0.991007 0.004934 0.010791
0 0.518092 0.571942 0.004934 0.010791
0 0.844572 0.302158 0.004934 0.010791
0 0.486020 0.402878 0.006579 0.010791
0 0.401727 0.937050 0.005757 0.010791
0 0.789062 0.287770 0.005757 0.010791
0 0.855263 0.309353 0.004934 0.014389
0 0.611020 0.384892 0.006579 0.014389
0 0.681743 0.781475 0.004934 0.012590
0 0.680099 0.633993 0.004934 0.012590
0 0.587171 0.930755 0.006579 0.012590
0 0.729030 0.617806 0.005757 0.016187
0 0.574836 0.874101 0.004934 0.014388
0 0.248766 0.479317 0.005757 0.012590
0 0.699013 0.068345 0.006579 0.010791
0 0.898026 0.274281 0.006579 0.012590
0 0.342516 0.727518 0.005757 0.012590
0 0.309211 0.172662 0.006579 0.014388
0 0.321135 0.192446 0.005757 0.021583
0 0.831826 0.491906 0.005757 0.016187
0 0.115954 0.759892 0.006579 0.016187
0 0.565789 0.352518 0.004934 0.017986
0 0.692023 0.693345 0.005757 0.016187
0 0.411595 0.722122 0.007401 0.019784
