0 0.554688 0.406475 0.007401 0.021583
0 0.541118 0.482914 0.009868 0.016187
0 0.527138 0.163669 0.013158 0.017986
0 0.135691 0.991007 0.021382 0.017986
0 0.232319 0.739209 0.010691 0.021583
0 0.744655 0.604317 0.012335 0.028777
0 0.138158 0.187950 0.008224 0.026978
0 0.435855 0.456835 0.011513 0.021583
0 0.406250 0.955036 0.009868 0.021583
0 0.562500 0.013489 0.013158 0.023381
0 0.647204 0.242806 0.011513 0.021583
0 0.530428 0.014389 0.011513 0.021583
0 0.592928 0.523381 0.013158 0.025180
0 0.125000 0.035072 0.042763 0.066547
0 0.090049 0.799460 0.013980 0.023381
0 0.253701 0.060252 0.013980 0.030575
0 0.723273 0.365108 0.046875 0.079137
0 0.462171 0.584532 0.023026 0.064748
0 0.506990 0.981115 0.028783 0.030575
0 0.325658 0.249101 0.062500 0.106115
0 0.442434 0.785971 0.023026 0.050360
0 0.169819 0.017086 0.023849 0.034173
0 0.694901 0.336331 0.019737 0.043166
0 0.275905 0.214029 0.023849 0.035971
0 0.692023 0.657374 0.017270 0.041367
0 0.764803 0.594424 0.023026 0.055755
0 0.388158 0.351619 0.029605 0.052158
0 0.756579 0.925360 0.037829 0.048561
0 0.575247 0.322842 0.023849 0.062950
0 0.407072 0.703237 0.031250 0.050360
0 0.684211 0.526079 0.027960 0.055755
0 0.121711 0.898381 0.027960 0.044964
0 0.488898 0.384892 0.043585 0.079137
0 0.520148 0.398381 0.015625 0.055755
0 0.153372 0.431655 0.028783 0.046763
0 0.388158 0.214029 0.029605 0.050360
0 0.363076 0.214928 0.022204 0.055755
0 0.859786 0.448741 0.028783 0.055755
0 0.609786 0.619604 0.027138 0.055755
0 0.360609 0.964029 0.030428 0.057554
0 0.501645 0.631295 0.036184 0.071942
0 0.165707 0.075540 0.040296 0.061151
0 0.483964 0.979317 0.023849 0.037770
0 0.488076 0.859712 0.033717 0.064748
0 0.215049 0.630396 0.027138 0.044964
0 0.402961 0.517986 0.031250 0.068345
0 0.689145 0.597122 0.026316 0.061151
0 0.328947 0.857914 0.024671 0.064748
0 0.369243 0.077338 0.031250 0.064748
0 0.263569 0.776978 0.038651 0.089928
0 0.551398 0.622302 0.038651 0.133094
0 0.524260 0.466727 0.028783 0.052158
0 0.427632 0.686151 0.031250 0.077338
0 0.926398 0.021583 0.033717 0.043165
0 0.521793 0.276079 0.020559 0.048561
0 0.442434 0.740108 0.027960 0.048561
0 0.914062 0.874101 0.032072 0.061151
0 0.685033 0.286871 0.034540 0.077338
0 0.209704 0.198741 0.044408 0.095324
0 0.439967 0.954137 0.050987 0.084532
0 0.159951 0.875000 0.046875 0.120504
0 0.170641 0.272482 0.025493 0.073741
0 0.835115 0.680755 0.043585 0.070144
0 0.714638 0.801259 0.041118 0.091727
0 0.181743 0.765288 0.034540 0.080935
0 0.565378 0.232914 0.032072 0.073741
0 0.723684 0.627698 0.029605 0.075540
0 0.446957 0.835432 0.023849 0.048561
0 0.824013 0.838130 0.050987 0.079137
0 0.224095 0.946942 0.055099 0.095324
0 0.694079 0.055755 0.044408 0.111511
0 0.738898 0.778777 0.004112 0.010791
0 0.317845 0.428058 0.004112 0.010791
0 0.412829 0.470324 0.004934 0.008993
0 0.374178 0.739209 0.003289 0.010791
0 0.581003 0.669065 0.004112 0.010791
0 0.205181 0.100719 0.005757 0.017986
0 0.642270 0.767986 0.003289 0.010791
0 0.567023 0.455036 0.002467 0.017986
0 0.775082 0.859712 0.005757 0.010791
0 0.600740 0.870504 0.004112 0.007194
0 0.541941 0.896583 0.004934 0.012590
0 0.295230 0.499101 0.004934 0.023381
0 0.590872 0.653777 0.004112 0.012590
0 0.441201 0.504496 0.004112 0.012590
0 0.307155 0.821942 0.004112 0.010791
0 0.534128 0.829137 0.004112 0.010791
0 0.646793 0.333633 0.004112 0.012590
0 0.684622 0.162770 0.004112 0.012590
0 0.651727 0.455935 0.004112 0.012590
0 0.381579 0.555755 0.004934 0.010791
0 0.457237 0.476619 0.006579 0.010791
0 0.603618 0.777878 0.004934 0.012590
0 0.813734 0.715827 0.004112 0.014388
0 0.081003 0.424460 0.004112 0.025180
0 0.430510 0.641187 0.005757 0.012590
0 0.303454 0.482914 0.006579 0.012590
0 0.331003 0.952338 0.009046 0.019784
0 0.561266 0.735611 0.004112 0.014388
0 0.830592 0.722122 0.008224 0.016187
0 0.790296 0.928058 0.004934 0.010791
0 0.652549 0.937050 0.005757 0.014388
0 0.456826 0.270683 0.007401 0.008993
0 0.416941 0.829137 0.004934 0.014388
0 0.393914 0.038669 0.004934 0.012590
0 0.636102 0.437050 0.005757 0.014389
0 0.490132 0.716727 0.004934 0.016187
0 0.631990 0.113309 0.005757 0.014388
0 0.189967 0.038669 0.006579 0.012590
0 0.321135 0.158273 0.004112 0.017986
0 0.766447 0.991007 0.006579 0.014388
0 0.467928 0.275180 0.008224 0.017986
