0 0.439967 0.106115 0.008224 0.017986
0 0.575658 0.060252 0.006579 0.019784
0 0.387747 0.175360 0.009046 0.019784
0 0.384046 0.455036 0.009868 0.017986
0 0.361020 0.474820 0.008224 0.017986
0 0.539885 0.613309 0.009046 0.017986
0 0.373355 0.077338 0.008224 0.021583
0 0.267681 0.009892 0.035362 0.019784
0 0.596217 0.169964 0.011513 0.030575
0 0.328947 0.388489 0.009868 0.021583
0 0.427632 0.714029 0.009868 0.028777
0 0.553454 0.375000 0.011513 0.019784
0 0.701069 0.367806 0.012335 0.026978
0 0.199836 0.747302 0.032895 0.052158
0 0.251645 0.246403 0.019737 0.043166
0 0.452303 0.227518 0.052632 0.055755
0 0.500000 0.257194 0.029605 0.064748
0 0.264391 0.554856 0.025493 0.052158
0 0.588405 0.803058 0.027138 0.048561
0 0.659951 0.088129 0.023849 0.057554
0 0.425987 0.468525 0.021382 0.059353
0 0.357319 0.511691 0.027138 0.041367
0 0.134046 0.042266 0.034540 0.044964
0 0.323191 0.033273 0.029605 0.066547
0 0.091694 0.025180 0.040296 0.050360
0 0.263158 0.214928 0.037829 0.052158
0 0.682566 0.313849 0.029605 0.052158
0 0.541941 0.446942 0.024671 0.037770
0 0.205181 0.569245 0.032072 0.048561
0 0.484375 0.310252 0.023026 0.062950
0 0.194901 0.026978 0.032895 0.053957
0 0.485609 0.194245 0.040296 0.061151
0 0.827303 0.767986 0.024671 0.039568
0 0.560855 0.701439 0.032895 0.064748
0 0.689145 0.230216 0.034540 0.057554
0 0.337993 0.068345 0.026316 0.050360
0 0.716694 0.085432 0.032072 0.055755
0 0.428865 0.295863 0.023849 0.066547
0 0.314967 0.701439 0.029605 0.046763
0 0.492599 0.440647 0.027960 0.046763
0 0.609375 0.553957 0.041118 0.086331
0 0.574013 0.953237 0.032895 0.057554
0 0.776727 0.755396 0.023849 0.046763
0 0.905428 0.155576 0.027961 0.070144
0 0.777138 0.707734 0.032895 0.055755
0 0.911595 0.491007 0.045230 0.104317
0 0.343750 0.606115 0.026316 0.064748
0 0.326891 0.148381 0.023849 0.048561
0 0.698602 0.041367 0.033717 0.075540
0 0.362253 0.027878 0.038651 0.055755
0 0.923520 0.335432 0.052632 0.095324
0 0.709704 0.659173 0.029605 0.052158
0 0.680099 0.445144 0.050987 0.102518
0 0.578536 0.205935 0.033717 0.070144
0 0.648849 0.573741 0.032895 0.053957
0 0.417763 0.937950 0.026316 0.062950
0 0.405839 0.774281 0.035362 0.059353
0 0.295641 0.876799 0.033717 0.059353
0 0.516036 0.917266 0.027138 0.089928
0 0.523438 0.149281 0.025493 0.057554
0 0.269326 0.628597 0.037007 0.073741
0 0.522204 0.308453 0.029605 0.077338
0 0.443668 0.963130 0.032072 0.066547
0 0.439145 0.348022 0.027960 0.048561
0 0.608141 0.307554 0.028783 0.089928
0 0.180510 0.380396 0.035362 0.080935
0 0.891036 0.294964 0.035362 0.086331
0 0.564556 0.519784 0.037007 0.079137
0 0.770559 0.498201 0.074013 0.122302
0 0.805921 0.193345 0.049342 0.106115
0 0.634457 0.043166 0.020559 0.053957
0 0.527138 0.068345 0.004934 0.010791
0 0.229441 0.982014 0.003289 0.010791
0 0.509868 0.112410 0.003289 0.008993
0 0.251645 0.005396 0.018092 0.010791
0 0.582237 0.283273 0.004934 0.008993
0 0.431332 0.009892 0.035362 0.019784
0 0.623355 0.463129 0.003289 0.012590
0 0.674342 0.183453 0.003289 0.010791
0 0.360609 0.217626 0.004112 0.010791
0 0.433388 0.842626 0.003289 0.008993
0 0.750822 0.284173 0.004934 0.010791
0 0.628701 0.231115 0.004112 0.008993
0 0.833059 0.964928 0.003289 0.008993
0 0.586349 0.642986 0.003289 0.012590
0 0.572368 0.125000 0.003289 0.008993
0 0.409539 0.994604 0.004934 0.007194
0 0.404605 0.092626 0.003289 0.008993
0 0.636513 0.142086 0.004934 0.010791
0 0.567023 0.602518 0.004112 0.010791
0 0.540707 0.904676 0.004112 0.010791
0 0.256168 0.946043 0.004112 0.010791
0 0.274671 0.142986 0.004934 0.008993
0 0.526727 0.520683 0.004112 0.012590
0 0.648438 0.725719 0.005757 0.008993
0 0.747533 0.726619 0.003289 0.010791
0 0.589227 0.136691 0.004112 0.010791
0 0.726974 0.892086 0.003289 0.010791
0 0.520148 0.783273 0.004112 0.012590
0 0.488487 0.893885 0.004934 0.010791
0 0.549342 0.269784 0.003289 0.014389
0 0.803454 0.402878 0.004934 0.010791
0 0.679276 0.188849 0.004934 0.014388
0 0.505757 0.803058 0.004934 0.012590
0 0.402961 0.060252 0.004934 0.008993
0 0.540296 0.161871 0.004934 0.010791
0 0.306743 0.845324 0.006579 0.017986
0 0.585938 0.681655 0.005757 0.010791
0 0.364720 0.632194 0.004112 0.012590
0 0.186266 0.068345 0.005757 0.010791
0 0.713405 0.940647 0.004112 0.010791
0 0.664885 0.926259 0.005757 0.010791
0 0.712582 0.200540 0.009046 0.016187
0 0.616776 0.153777 0.003289 0.012590
0 0.661184 0.629496 0.004934 0.010791
0 0.724507 0.951439 0.004934 0.014388
0 0.243010 0.440647 0.005757 0.010791
0 0.368832 0.648381 0.005757 0.012590
0 0.283717 0.441547 0.006579 0.016187
0 0.582648 0.437950 0.007401 0.012590
0 0.331003 0.973022 0.005757 0.010791
0 0.301809 0.413669 0.008224 0.010791
0 0.266859 0.873201 0.005757 0.012590
0 0.529605 0.835432 0.006579 0.008993
0 0.329359 0.270683 0.009046 0.012590
0 0.536184 0.353417 0.006579 0.016187
0 0.262336 0.830935 0.006579 0.010791
0 0.809622 0.726619 0.005757 0.014388
0 0.807566 0.966727 0.008224 0.012590
0 0.285773 0.150180 0.007401 0.019784
0 0.526316 0.768885 0.006579 0.016187
0 0.412007 0.574640 0.006579 0.019784
0 0.100740 0.100719 0.009046 0.014388
0 0.548109 0.006295 0.020559 0.012590
0 0.760280 0.830935 0.005757 0.017986
