0 0.608964 0.894784 0.007401 0.016187
0 0.577714 0.656475 0.013980 0.021583
0 0.629934 0.982014 0.008224 0.017986
0 0.152138 0.176259 0.008224 0.017986
0 0.615954 0.006295 0.021382 0.012590
0 0.611431 0.589029 0.009046 0.019784
0 0.059622 0.352518 0.007401 0.021583
0 0.278783 0.714928 0.008224 0.023381
0 0.731086 0.396583 0.008224 0.016187
0 0.390214 0.413669 0.007401 0.021583
0 0.485197 0.740108 0.011513 0.023381
0 0.481908 0.980216 0.009868 0.021583
0 0.161184 0.854317 0.009868 0.025180
0 0.507401 0.107914 0.013158 0.021583
0 0.539885 0.661870 0.015625 0.017986
0 0.524671 0.291367 0.011513 0.028777
0 0.530428 0.017986 0.013158 0.028777
0 0.529605 0.633094 0.016447 0.032374
0 0.681332 0.983813 0.030428 0.028777
0 0.673520 0.690647 0.024671 0.039568
0 0.726151 0.983813 0.027960 0.028777
0 0.226562 0.693345 0.037007 0.077338
0 0.229441 0.808453 0.014803 0.034173
0 0.319490 0.362410 0.032072 0.073741
0 0.614309 0.254496 0.021382 0.062950
0 0.467516 0.728417 0.022204 0.064748
0 0.326069 0.961331 0.028783 0.073741
0 0.919819 0.607014 0.025493 0.037770
0 0.737664 0.478417 0.024671 0.043165
0 0.475329 0.794964 0.023026 0.053957
0 0.784951 0.609712 0.027138 0.064748
0 0.642270 0.521583 0.024671 0.043166
0 0.661184 0.477518 0.031250 0.048561
0 0.481908 0.184353 0.026316 0.044964
0 0.762336 0.876799 0.023026 0.048561
0 0.337171 0.092626 0.036184 0.084532
0 0.363898 0.249101 0.027138 0.048561
0 0.656250 0.274281 0.024671 0.062950
0 0.449013 0.018885 0.032895 0.037770
0 0.233553 0.482914 0.031250 0.044964
0 0.586760 0.576439 0.023849 0.044964
0 0.798109 0.438849 0.046875 0.061151
0 0.291118 0.272482 0.026316 0.041367
0 0.599507 0.237410 0.026316 0.061151
0 0.330181 0.180755 0.025493 0.062950
0 0.779605 0.318345 0.026316 0.050360
0 0.241776 0.920863 0.039474 0.046763
0 0.656250 0.767086 0.026316 0.048561
0 0.628701 0.136691 0.023849 0.064748
0 0.708882 0.690647 0.021382 0.053957
0 0.506990 0.259892 0.022204 0.052158
0 0.906250 0.678058 0.031250 0.050360
0 0.357319 0.290468 0.041941 0.062950
0 0.627467 0.546763 0.019737 0.046763
0 0.642270 0.227518 0.031250 0.055755
0 0.569901 0.330036 0.027960 0.044964
0 0.593339 0.866007 0.027138 0.044964
0 0.458470 0.553058 0.025493 0.055755
0 0.277961 0.346223 0.027961 0.052158
0 0.722451 0.250000 0.020559 0.057554
0 0.343750 0.352518 0.019737 0.061151
0 0.339227 0.798561 0.033717 0.057554
0 0.787007 0.232014 0.042763 0.089928
0 0.076069 0.575540 0.028783 0.075540
0 0.457237 0.682554 0.023026 0.052158
0 0.689967 0.036871 0.042763 0.073741
0 0.851562 0.874101 0.040296 0.118705
0 0.311266 0.314748 0.035362 0.068345
0 0.182566 0.888489 0.039474 0.071942
0 0.558388 0.777878 0.026316 0.088129
0 0.460938 0.286871 0.032072 0.066547
0 0.815378 0.491906 0.025493 0.055755
0 0.264803 0.517086 0.042763 0.084532
0 0.083882 0.340827 0.042763 0.073741
0 0.702714 0.919065 0.030428 0.053957
0 0.504523 0.160971 0.038651 0.088129
0 0.172286 0.286871 0.027138 0.055755
0 0.829770 0.336331 0.029605 0.064748
0 0.572368 0.630396 0.029605 0.059353
0 0.286595 0.946043 0.041941 0.097122
0 0.694901 0.570144 0.054276 0.086331
0 0.578536 0.194245 0.025493 0.086331
0 0.450658 0.182554 0.042763 0.102518
0 0.576480 0.262590 0.023026 0.050360
0 0.425576 0.755396 0.035362 0.089928
0 0.704359 0.301259 0.027138 0.080935
0 0.546875 0.896583 0.004934 0.012590
0 0.629934 0.045863 0.003289 0.012590
0 0.521382 0.802158 0.003289 0.010791
0 0.201069 0.813849 0.004112 0.008993
0 0.314556 0.012590 0.005757 0.010791
0 0.463405 0.915468 0.004112 0.010791
0 0.386513 0.359712 0.003289 0.014389
0 0.241365 0.247302 0.004112 0.008993
0 0.564145 0.387590 0.003289 0.012590
0 0.736842 0.422662 0.004934 0.014389
0 0.373355 0.801259 0.004934 0.012590
0 0.637747 0.064748 0.004112 0.014388
0 0.552220 0.612410 0.005757 0.008993
0 0.368421 0.836331 0.004934 0.007194
0 0.876645 0.810252 0.006579 0.012590
0 0.622944 0.895683 0.004112 0.010791
0 0.574013 0.518885 0.006579 0.008993
0 0.810033 0.991906 0.014803 0.012590
0 0.529194 0.779676 0.004112 0.012590
0 0.154605 0.005396 0.021382 0.010791
0 0.270559 0.719424 0.003289 0.010791
0 0.521382 0.741007 0.008224 0.010791
0 0.559211 0.531475 0.004934 0.012590
0 0.610197 0.692446 0.004934 0.010791
0 0.247122 0.386691 0.005757 0.010791
0 0.602385 0.714029 0.005757 0.010791
0 0.731086 0.368705 0.004934 0.010791
0 0.881168 0.251799 0.005757 0.010791
0 0.881579 0.797662 0.006579 0.012590
0 0.658306 0.530576 0.009046 0.017986
0 0.460115 0.521583 0.005757 0.014388
0 0.381990 0.224820 0.005757 0.014389
0 0.226151 0.043166 0.004934 0.014389
0 0.735609 0.020684 0.005757 0.012590
0 0.120066 0.328237 0.004934 0.016187
0 0.615543 0.398381 0.007401 0.012590
0 0.358553 0.553058 0.008224 0.012590
0 0.600329 0.188849 0.006579 0.014388
0 0.382401 0.776079 0.008224 0.016187
0 0.775082 0.005396 0.010691 0.010791
0 0.603207 0.772482 0.007401 0.012590
0 0.664885 0.903777 0.005757 0.012590
0 0.650905 0.669065 0.007401 0.014388
0 0.150905 0.064748 0.007401 0.014388
0 0.560855 0.088129 0.008224 0.014388
0 0.291118 0.800360 0.006579 0.014388
