0 0.350329 0.109712 0.008224 0.014388
0 0.685855 0.446942 0.008224 0.023381
0 0.401727 0.044964 0.009046 0.017986
0 0.686678 0.624101 0.009868 0.021583
0 0.289885 0.050360 0.010691 0.021583
0 0.148026 0.890288 0.009868 0.021583
0 0.615132 0.123201 0.009868 0.019784
0 0.472451 0.096223 0.012335 0.026978
0 0.838405 0.009892 0.020559 0.019784
0 0.194490 0.764389 0.013980 0.028777
0 0.620888 0.159173 0.009868 0.019784
0 0.385691 0.897482 0.011513 0.021583
0 0.608141 0.062950 0.010691 0.025180
0 0.700247 0.012590 0.035362 0.025180
0 0.691612 0.717626 0.016447 0.025180
0 0.233141 0.979317 0.013980 0.034173
0 0.548931 0.646583 0.013980 0.026978
0 0.333059 0.053058 0.013158 0.037770
0 0.181743 0.926259 0.016447 0.035971
0 0.813322 0.505396 0.034540 0.050360
0 0.521793 0.496403 0.025493 0.064748
0 0.699424 0.830935 0.027138 0.039568
0 0.559211 0.498201 0.069079 0.107914
0 0.299753 0.228417 0.028783 0.079137
0 0.366776 0.310252 0.027960 0.062950
0 0.510280 0.691547 0.023849 0.055755
0 0.463816 0.124101 0.018092 0.046763
0 0.599507 0.331835 0.027960 0.062950
0 0.378701 0.048561 0.023849 0.039568
0 0.787418 0.978417 0.018915 0.039568
0 0.485609 0.716727 0.028783 0.059353
0 0.717928 0.590827 0.023026 0.055755
0 0.752056 0.391187 0.030428 0.091727
0 0.478207 0.016187 0.027138 0.032374
0 0.380345 0.428058 0.045230 0.064748
0 0.643503 0.353417 0.022204 0.052158
0 0.251234 0.183453 0.025493 0.057554
0 0.540296 0.796763 0.024671 0.050360
0 0.859375 0.448741 0.027961 0.052158
0 0.797286 0.873201 0.032072 0.044964
0 0.235609 0.123201 0.060033 0.077338
0 0.460526 0.203237 0.031250 0.089928
0 0.374178 0.368705 0.039474 0.061151
0 0.432566 0.975719 0.044408 0.044964
0 0.215872 0.269784 0.032072 0.061151
0 0.806332 0.553058 0.035362 0.062950
0 0.476151 0.508094 0.027960 0.044964
0 0.585938 0.707734 0.038651 0.062950
0 0.727796 0.645683 0.023026 0.050360
0 0.115132 0.571043 0.049342 0.080935
0 0.540296 0.430755 0.026316 0.066547
0 0.840049 0.144784 0.028783 0.055755
0 0.722451 0.883094 0.043585 0.086331
0 0.702303 0.655576 0.026316 0.059353
0 0.764803 0.954137 0.027960 0.066547
0 0.483141 0.976619 0.033717 0.046763
0 0.649260 0.875000 0.063322 0.095324
0 0.378289 0.857014 0.029605 0.066547
0 0.171464 0.417266 0.043585 0.071942
0 0.759046 0.232914 0.019737 0.052158
0 0.140214 0.490108 0.028783 0.052158
0 0.607319 0.184353 0.030428 0.048561
0 0.493421 0.223022 0.029605 0.057554
0 0.562089 0.409173 0.022204 0.055755
0 0.166530 0.809353 0.033717 0.050360
0 0.429276 0.438849 0.027961 0.053957
0 0.558388 0.140288 0.023026 0.053957
0 0.661595 0.044065 0.028783 0.066547
0 0.612253 0.918165 0.033717 0.059352
0 0.444079 0.869604 0.021382 0.073741
0 0.665296 0.790468 0.031250 0.062950
0 0.768914 0.462230 0.032895 0.068345
0 0.835115 0.670863 0.027138 0.061151
0 0.141036 0.356115 0.028783 0.053957
0 0.329359 0.312050 0.033717 0.066547
0 0.122122 0.657374 0.046875 0.084532
0 0.739720 0.808453 0.037007 0.070144
0 0.245888 0.655576 0.029605 0.066547
0 0.391859 0.954137 0.045230 0.088129
0 0.381990 0.274281 0.035362 0.080935
0 0.440378 0.683453 0.040296 0.064748
0 0.469161 0.912770 0.027138 0.077338
0 0.163651 0.218525 0.003289 0.008993
0 0.389391 0.062950 0.005757 0.014388
0 0.536184 0.087230 0.004934 0.008993
0 0.799753 0.471223 0.005757 0.010791
0 0.770970 0.817446 0.004112 0.008993
0 0.593339 0.092626 0.004112 0.012590
0 0.603618 0.451439 0.003289 0.010791
0 0.754112 0.727518 0.003289 0.008993
0 0.733964 0.506295 0.004112 0.012590
0 0.519326 0.116007 0.004112 0.008993
0 0.822368 0.358813 0.004934 0.008993
0 0.431743 0.609712 0.003289 0.010791
0 0.901727 0.406475 0.004112 0.010791
0 0.304688 0.125000 0.004112 0.008993
0 0.603207 0.592626 0.004112 0.008993
0 0.223684 0.958633 0.003289 0.010791
0 0.665296 0.694245 0.004934 0.010791
0 0.715461 0.541367 0.008224 0.017986
0 0.597451 0.975719 0.004112 0.012590
0 0.447368 0.068345 0.003289 0.010791
0 0.819490 0.216727 0.005757 0.012590
0 0.785773 0.343525 0.005757 0.010791
0 0.209704 0.805755 0.004934 0.010791
0 0.703947 0.567446 0.004934 0.012590
0 0.251234 0.003597 0.007401 0.007194
0 0.903372 0.622302 0.004112 0.010791
0 0.679688 0.035971 0.005757 0.014388
0 0.661595 0.633094 0.005757 0.014388
0 0.794408 0.821043 0.004934 0.008993
0 0.744655 0.606115 0.005757 0.010791
0 0.352385 0.325540 0.005757 0.017986
0 0.428043 0.123201 0.005757 0.008993
0 0.560444 0.991906 0.012335 0.012590
0 0.227385 0.896583 0.004112 0.012590
0 0.524671 0.780576 0.004934 0.014388
0 0.541118 0.558453 0.004934 0.016187
0 0.587171 0.146583 0.006579 0.016187
0 0.534128 0.905576 0.005757 0.012590
0 0.454359 0.090827 0.004112 0.012590
0 0.631579 0.271583 0.004934 0.014389
0 0.416530 0.814748 0.005757 0.014388
0 0.620888 0.318345 0.006579 0.017986
0 0.675164 0.700540 0.008224 0.016187
0 0.494655 0.178058 0.007401 0.010791
0 0.225740 0.660971 0.007401 0.012590
0 0.256168 0.739209 0.009046 0.010791
0 0.310444 0.669964 0.007401 0.012590
0 0.383224 0.320144 0.008224 0.021583
0 0.456826 0.379496 0.009046 0.014389
0 0.620477 0.550360 0.009046 0.017986
0 0.599918 0.792266 0.007401 0.012590
