0 0.616776 0.116007 0.008224 0.019784
0 0.621711 0.026079 0.008224 0.016187
0 0.522615 0.274281 0.009046 0.019784
0 0.810855 0.813849 0.011513 0.019784
0 0.439967 0.990108 0.014803 0.016187
0 0.586349 0.730216 0.013158 0.028777
0 0.365543 0.455036 0.009046 0.028777
0 0.535773 0.428957 0.013980 0.019784
0 0.465461 0.631295 0.008224 0.025180
0 0.254523 0.502698 0.015625 0.026978
0 0.477796 0.661870 0.013158 0.021583
0 0.527961 0.251799 0.009868 0.032374
0 0.132401 0.987410 0.026316 0.021583
0 0.325658 0.530576 0.026316 0.043166
0 0.453536 0.127698 0.012335 0.028777
0 0.579359 0.383993 0.012335 0.037770
0 0.662007 0.951439 0.016447 0.032374
0 0.314967 0.923561 0.009868 0.034173
0 0.437500 0.818345 0.016447 0.028777
0 0.192434 0.148381 0.011513 0.034173
0 0.789885 0.434353 0.015625 0.026978
0 0.567023 0.631295 0.012335 0.028777
0 0.570312 0.125000 0.013980 0.030575
0 0.614309 0.178058 0.032895 0.032374
0 0.752056 0.013489 0.025493 0.026978
0 0.555510 0.019784 0.027138 0.039568
0 0.158717 0.359712 0.027960 0.079137
0 0.137747 0.822842 0.032072 0.037770
0 0.625411 0.641187 0.038651 0.095324
0 0.309622 0.509892 0.020559 0.044964
0 0.587993 0.967626 0.026316 0.050360
0 0.500000 0.017986 0.021382 0.035971
0 0.636924 0.698741 0.027138 0.048561
0 0.305510 0.558453 0.028783 0.048561
0 0.585115 0.233813 0.027138 0.035971
0 0.779605 0.274281 0.019737 0.048561
0 0.172286 0.303957 0.063322 0.125899
0 0.403372 0.503597 0.025493 0.053957
0 0.083882 0.742806 0.032895 0.053957
0 0.689145 0.626799 0.024671 0.037770
0 0.453536 0.747302 0.045230 0.070144
0 0.098273 0.494604 0.025493 0.039568
0 0.920230 0.023381 0.029605 0.046763
0 0.081415 0.617806 0.037829 0.048561
0 0.504112 0.936151 0.031250 0.059353
0 0.199424 0.728417 0.025493 0.068345
0 0.514803 0.626799 0.021382 0.052158
0 0.472451 0.077338 0.020559 0.043166
0 0.747122 0.583633 0.028783 0.073741
0 0.699836 0.023381 0.027960 0.046763
0 0.317434 0.035971 0.067434 0.071942
0 0.284128 0.502698 0.035362 0.080935
0 0.899260 0.268885 0.032072 0.059352
0 0.862253 0.098022 0.030428 0.041367
0 0.549753 0.455935 0.028783 0.059352
0 0.277138 0.044964 0.027960 0.050360
0 0.571135 0.315647 0.023849 0.048561
0 0.926398 0.511691 0.046875 0.077338
0 0.819490 0.208633 0.043585 0.061151
0 0.393914 0.848921 0.032895 0.071942
0 0.625000 0.846223 0.029605 0.070144
0 0.369243 0.927158 0.019737 0.059353
0 0.658717 0.234712 0.026316 0.044964
0 0.241776 0.672662 0.031250 0.061151
0 0.442023 0.343525 0.033717 0.064748
0 0.775493 0.700540 0.037829 0.073741
0 0.543174 0.338129 0.032072 0.064748
0 0.400905 0.975719 0.033717 0.044964
0 0.478207 0.314748 0.022204 0.064748
0 0.699836 0.947842 0.060855 0.104317
0 0.462171 0.191547 0.029605 0.055755
0 0.315378 0.409173 0.023849 0.052158
0 0.516447 0.394784 0.021382 0.055755
0 0.078536 0.683453 0.028783 0.057554
0 0.291941 0.701439 0.052632 0.093525
0 0.129934 0.206835 0.034540 0.082734
0 0.567434 0.568345 0.032895 0.068345
0 0.705181 0.858813 0.037007 0.066547
0 0.543997 0.682554 0.025493 0.077338
0 0.347451 0.709532 0.035362 0.062950
0 0.492188 0.187050 0.032072 0.107914
0 0.518503 0.688849 0.027138 0.086331
0 0.196957 0.928957 0.040296 0.077338
0 0.320724 0.151978 0.042763 0.109712
0 0.490954 0.572842 0.003289 0.012590
0 0.608141 0.504496 0.005757 0.012590
0 0.583882 0.761691 0.003289 0.008993
0 0.630345 0.287770 0.004112 0.010791
0 0.291118 0.371403 0.003289 0.008993
0 0.260280 0.142986 0.004112 0.008993
0 0.163651 0.499101 0.004934 0.016187
0 0.652961 0.994604 0.004934 0.007194
0 0.403783 0.159173 0.003289 0.008993
0 0.535362 0.533273 0.003289 0.008993
0 0.495066 0.598921 0.003289 0.010791
0 0.729030 0.758094 0.004112 0.008993
0 0.699424 0.079137 0.004112 0.007194
0 0.559622 0.806655 0.004112 0.008993
0 0.763569 0.951439 0.004112 0.010791
0 0.384457 0.786870 0.004112 0.008993
0 0.875411 0.028777 0.004112 0.007194
0 0.641447 0.009892 0.004934 0.012590
0 0.660773 0.058453 0.004112 0.008993
0 0.637747 0.376799 0.004112 0.012590
0 0.761924 0.857014 0.004112 0.008993
0 0.520970 0.257194 0.007401 0.017986
0 0.537007 0.798561 0.003289 0.010791
0 0.675987 0.427158 0.004934 0.012590
0 0.440378 0.465827 0.004112 0.010791
0 0.153372 0.594424 0.004112 0.008993
0 0.428865 0.620504 0.004112 0.010791
0 0.742599 0.764389 0.003289 0.010791
0 0.408306 0.407374 0.004112 0.012590
0 0.410362 0.360611 0.004934 0.008993
0 0.122122 0.049460 0.004112 0.008993
0 0.296464 0.437950 0.004112 0.012590
0 0.574836 0.736511 0.004934 0.012590
0 0.155016 0.156475 0.004112 0.010791
0 0.741776 0.678058 0.004934 0.010791
0 0.588405 0.030575 0.004112 0.010791
0 0.623766 0.733813 0.004112 0.010791
0 0.340049 0.440647 0.004112 0.014389
0 0.723684 0.670863 0.004934 0.010791
0 0.182566 0.159173 0.006579 0.019784
0 0.663651 0.551259 0.004934 0.012590
0 0.662418 0.594424 0.004112 0.012590
0 0.626234 0.232014 0.004112 0.014388
0 0.768092 0.196043 0.004934 0.010791
0 0.619655 0.061151 0.005757 0.010791
0 0.533306 0.565647 0.005757 0.012590
0 0.715049 0.732014 0.004112 0.010791
0 0.537829 0.142086 0.006579 0.010791
0 0.578125 0.468525 0.004934 0.012590
0 0.603207 0.010791 0.004112 0.014389
0 0.721217 0.190647 0.008224 0.017986
0 0.909128 0.295863 0.005757 0.019784
0 0.611842 0.102518 0.006579 0.014388
0 0.685033 0.064748 0.004934 0.014388
0 0.230263 0.871403 0.004934 0.012590
0 0.727796 0.037770 0.004934 0.014389
0 0.267270 0.007194 0.023026 0.014389
0 0.636924 0.757194 0.005757 0.017986
0 0.168997 0.851619 0.005757 0.012590
0 0.268092 0.789568 0.004934 0.010791
0 0.561678 0.928058 0.008224 0.010791
0 0.470806 0.395683 0.007401 0.010791
0 0.560444 0.429856 0.007401 0.017986
0 0.634046 0.172662 0.004934 0.014388
0 0.576069 0.714928 0.007401 0.016187
0 0.383635 0.535971 0.007401 0.014388
0 0.060033 0.625899 0.006579 0.021583
0 0.860197 0.758993 0.006579 0.014388
0 0.923520 0.334532 0.006579 0.017986
0 0.757401 0.246403 0.008224 0.017986
