0 0.668586 0.990108 0.027960 0.016187
0 0.784951 0.675360 0.009046 0.016187
0 0.807155 0.015288 0.009046 0.019784
0 0.350740 0.540468 0.013980 0.023381
0 0.594984 0.008094 0.009046 0.016187
0 0.327714 0.989209 0.012336 0.017986
0 0.551809 0.691547 0.011513 0.023381
0 0.354030 0.989209 0.017270 0.017986
0 0.796875 0.633094 0.041118 0.061151
0 0.848684 0.201439 0.042763 0.100719
0 0.201069 0.857914 0.035362 0.075540
0 0.762747 0.364209 0.030428 0.048561
0 0.465461 0.526079 0.023026 0.041367
0 0.576480 0.403777 0.021382 0.062950
0 0.474095 0.148381 0.025493 0.055755
0 0.315789 0.469424 0.032895 0.050360
0 0.540707 0.625899 0.025493 0.053957
0 0.074013 0.736511 0.019737 0.052158
0 0.684211 0.769784 0.014803 0.043166
0 0.486020 0.440647 0.054276 0.089928
0 0.912418 0.891187 0.023849 0.059353
0 0.391036 0.580036 0.038651 0.077338
0 0.265214 0.763489 0.025493 0.052158
0 0.662829 0.137590 0.026316 0.048561
0 0.135691 0.278777 0.034540 0.061151
0 0.619243 0.020683 0.031250 0.041367
0 0.720395 0.284173 0.029605 0.043166
0 0.495888 0.170863 0.029605 0.043165
0 0.631168 0.149281 0.027138 0.043165
0 0.731908 0.811151 0.026316 0.053957
0 0.796053 0.283273 0.027960 0.044964
0 0.461760 0.207734 0.023849 0.073741
0 0.444079 0.551259 0.029605 0.052158
0 0.081826 0.794964 0.027138 0.046763
0 0.194490 0.624101 0.046875 0.075540
0 0.175164 0.757194 0.055921 0.075540
0 0.828125 0.395683 0.031250 0.057554
0 0.430510 0.482014 0.038651 0.064748
0 0.208882 0.714029 0.036184 0.064748
0 0.272204 0.376799 0.032895 0.055755
0 0.553043 0.218525 0.022204 0.052158
0 0.719984 0.057554 0.035362 0.061151
0 0.396382 0.491007 0.031250 0.061151
0 0.466283 0.383993 0.029605 0.062950
0 0.337993 0.817446 0.050987 0.102518
0 0.389803 0.947842 0.037829 0.082734
0 0.304276 0.542266 0.044408 0.102518
0 0.139803 0.915468 0.052632 0.111511
0 0.319490 0.749101 0.035362 0.062950
0 0.408717 0.547662 0.029605 0.059353
0 0.622944 0.437050 0.027138 0.057554
0 0.296053 0.655576 0.034539 0.059353
0 0.555921 0.375000 0.024671 0.088129
0 0.867188 0.571043 0.046875 0.095324
0 0.510691 0.301259 0.036184 0.070144
0 0.260280 0.191547 0.037007 0.091727
0 0.534539 0.929856 0.029605 0.064748
0 0.768914 0.819245 0.039474 0.091727
0 0.517681 0.692446 0.004112 0.010791
0 0.276727 0.736511 0.005757 0.016187
0 0.516036 0.497302 0.004112 0.012590
0 0.596217 0.205935 0.003289 0.008993
0 0.511513 0.087230 0.003289 0.008993
0 0.452714 0.439748 0.004112 0.012590
0 0.241776 0.826439 0.003289 0.008993
0 0.812089 0.383094 0.005757 0.017986
0 0.279605 0.305755 0.003289 0.010791
0 0.352385 0.609712 0.004112 0.010791
0 0.636513 0.658273 0.003289 0.010791
0 0.840049 0.026079 0.005757 0.012590
0 0.580592 0.294964 0.004934 0.010791
0 0.255345 0.910072 0.004112 0.010791
0 0.343339 0.483813 0.007401 0.028777
0 0.808799 0.905576 0.004112 0.008993
0 0.646382 0.126799 0.004934 0.012590
0 0.694901 0.722122 0.004934 0.008993
0 0.686678 0.508094 0.003289 0.012590
0 0.591283 0.839029 0.003289 0.008993
0 0.262747 0.990108 0.028783 0.019784
0 0.628289 0.503597 0.004934 0.010791
0 0.171875 0.515288 0.008224 0.008993
0 0.504112 0.381295 0.004934 0.010791
0 0.638569 0.224820 0.004112 0.010791
0 0.655016 0.604317 0.004112 0.010791
0 0.729030 0.609712 0.004112 0.010791
0 0.744243 0.689748 0.006579 0.008993
0 0.679276 0.072842 0.004934 0.008993
0 0.538651 0.523381 0.004934 0.014388
0 0.777549 0.033273 0.004112 0.008993
0 0.538240 0.167266 0.005757 0.010791
0 0.799753 0.193345 0.004112 0.008993
0 0.699424 0.954137 0.005757 0.008993
0 0.270559 0.709532 0.004934 0.008993
0 0.368421 0.399281 0.004934 0.010791
0 0.338405 0.736511 0.004112 0.012590
0 0.293997 0.587230 0.005757 0.016187
0 0.416941 0.791367 0.004934 0.010791
0 0.243421 0.463129 0.004934 0.012590
0 0.625411 0.305755 0.005757 0.014389
0 0.692434 0.474820 0.006579 0.014388
0 0.847039 0.091727 0.004934 0.014388
0 0.744655 0.716727 0.007401 0.008993
0 0.612664 0.839029 0.006579 0.012590
0 0.350740 0.714928 0.007401 0.012590
0 0.778783 0.678058 0.008224 0.014388
0 0.692434 0.543165 0.008224 0.017986
0 0.766859 0.278777 0.009046 0.017986
0 0.281661 0.781475 0.009046 0.019784
