0 0.371299 0.387590 0.009046 0.019784
0 0.433388 0.491906 0.011513 0.019784
0 0.532072 0.742806 0.008224 0.021583
0 0.392270 0.008094 0.018092 0.016187
0 0.729441 0.101619 0.009868 0.019784
0 0.514803 0.294964 0.009868 0.021583
0 0.607730 0.455935 0.008224 0.023381
0 0.632812 0.260791 0.010691 0.021583
0 0.535362 0.370504 0.011513 0.021583
0 0.729852 0.592626 0.013980 0.023381
0 0.666118 0.089029 0.013158 0.026978
0 0.495888 0.593525 0.021382 0.035971
0 0.159951 0.292266 0.015625 0.026978
0 0.578536 0.049460 0.015625 0.026978
0 0.377878 0.630396 0.015625 0.030575
0 0.511924 0.433453 0.018915 0.035971
0 0.223684 0.251799 0.026316 0.057554
0 0.322780 0.199640 0.025493 0.068345
0 0.827714 0.254496 0.028783 0.052158
0 0.476151 0.257194 0.031250 0.064748
0 0.833882 0.866906 0.014803 0.035971
0 0.529194 0.017986 0.032072 0.035971
0 0.632401 0.937950 0.018092 0.041367
0 0.216283 0.666367 0.026316 0.041367
0 0.782072 0.475719 0.032895 0.048561
0 0.310855 0.256295 0.024671 0.048561
0 0.252467 0.358813 0.023026 0.037770
0 0.581414 0.788669 0.024671 0.052158
0 0.712582 0.133993 0.020559 0.052158
0 0.242599 0.485611 0.027960 0.057554
0 0.555510 0.566547 0.025493 0.061151
0 0.102796 0.960432 0.044408 0.075540
0 0.676809 0.332734 0.024671 0.057554
0 0.485609 0.640288 0.038651 0.093525
0 0.423931 0.976619 0.033717 0.043165
0 0.153372 0.922662 0.032072 0.053957
0 0.194490 0.357914 0.027138 0.046763
0 0.369243 0.483813 0.031250 0.057554
0 0.274671 0.056655 0.024671 0.044964
0 0.613487 0.384892 0.026316 0.053957
0 0.229030 0.070144 0.038651 0.068345
0 0.618010 0.746403 0.023849 0.057554
0 0.087171 0.037770 0.050987 0.075540
0 0.407895 0.242806 0.026316 0.068345
0 0.486842 0.545863 0.042763 0.073741
0 0.864720 0.463129 0.032072 0.052158
0 0.728618 0.034173 0.032895 0.068345
0 0.429276 0.583633 0.029605 0.062950
0 0.706826 0.240108 0.018915 0.059353
0 0.378289 0.092626 0.029605 0.059352
0 0.296875 0.574640 0.050987 0.088129
0 0.370066 0.551259 0.041118 0.066547
0 0.866776 0.366007 0.041118 0.116906
0 0.745888 0.259892 0.034540 0.052158
0 0.502467 0.399281 0.036184 0.068345
0 0.901727 0.098022 0.032072 0.084532
0 0.652138 0.463129 0.024671 0.055755
0 0.190789 0.107014 0.027960 0.066547
0 0.433799 0.420863 0.045230 0.097122
0 0.558799 0.849820 0.063322 0.109712
0 0.780016 0.392086 0.046875 0.089928
0 0.352385 0.111511 0.032072 0.089928
0 0.756579 0.100719 0.041118 0.075540
0 0.483964 0.164568 0.043585 0.113309
0 0.413240 0.083633 0.038651 0.059352
0 0.783717 0.593525 0.046053 0.118705
0 0.317434 0.348022 0.046053 0.120504
0 0.481497 0.792266 0.004112 0.008993
0 0.403372 0.799460 0.004112 0.008993
0 0.741365 0.756295 0.004112 0.008993
0 0.780428 0.070144 0.004934 0.014388
0 0.852796 0.892086 0.003289 0.010791
0 0.535362 0.633993 0.003289 0.008993
0 0.871299 0.767986 0.004112 0.010791
0 0.778783 0.810252 0.003289 0.008993
0 0.461349 0.902878 0.003289 0.010791
0 0.546875 0.912770 0.003289 0.012590
0 0.439556 0.152878 0.004112 0.010791
0 0.613076 0.873201 0.004112 0.008993
0 0.203947 0.774281 0.004934 0.008993
0 0.297286 0.643885 0.004112 0.014388
0 0.299753 0.292266 0.005757 0.016187
0 0.434622 0.365108 0.004112 0.017986
0 0.632812 0.035971 0.004112 0.010791
0 0.169819 0.855216 0.004112 0.008993
0 0.483964 0.342626 0.005757 0.008993
0 0.686266 0.847122 0.004112 0.010791
0 0.406661 0.159173 0.007401 0.016187
0 0.565378 0.113309 0.004112 0.010791
0 0.637747 0.153777 0.005757 0.008993
0 0.220806 0.586331 0.004112 0.010791
0 0.381990 0.991007 0.005757 0.010791
0 0.562911 0.495504 0.004112 0.012590
0 0.698602 0.161871 0.004112 0.014388
0 0.460526 0.567446 0.006579 0.012590
0 0.594572 0.169065 0.006579 0.010791
0 0.201480 0.932554 0.006579 0.016187
0 0.686678 0.050360 0.006579 0.014388
0 0.703536 0.975719 0.004112 0.016187
0 0.221217 0.564748 0.006579 0.014388
0 0.087582 0.482014 0.007401 0.010791
0 0.184211 0.429856 0.006579 0.010791
0 0.455592 0.814748 0.006579 0.010791
0 0.189967 0.006295 0.006579 0.012590
0 0.699424 0.003597 0.009046 0.007194
0 0.459293 0.790468 0.007401 0.012590
0 0.712993 0.468525 0.008224 0.012590
0 0.741365 0.503597 0.005757 0.017986
0 0.317434 0.941547 0.008224 0.016187
0 0.448602 0.634892 0.005757 0.017986
0 0.548109 0.053058 0.005757 0.023381
