0 0.570312 0.194245 0.009046 0.017986
0 0.723273 0.862410 0.007401 0.019784
0 0.549342 0.744604 0.013158 0.028777
0 0.805099 0.656475 0.009868 0.021583
0 0.351562 0.547662 0.012336 0.026978
0 0.398438 0.098022 0.009046 0.023381
0 0.460526 0.988309 0.018092 0.023381
0 0.706826 0.360611 0.013980 0.030575
0 0.740543 0.013489 0.035362 0.026978
0 0.275905 0.964029 0.035362 0.061151
0 0.710115 0.534173 0.015625 0.028777
0 0.486020 0.034173 0.024671 0.057554
0 0.722451 0.091727 0.032072 0.061151
0 0.647615 0.454137 0.069901 0.106115
0 0.727796 0.688849 0.027960 0.064748
0 0.510280 0.908273 0.040296 0.057554
0 0.802220 0.517986 0.030428 0.039568
0 0.793997 0.406475 0.035362 0.039568
0 0.652961 0.392086 0.023026 0.050360
0 0.242188 0.723022 0.027138 0.061151
0 0.320724 0.193345 0.023026 0.034173
0 0.265214 0.705036 0.035362 0.061151
0 0.692434 0.597122 0.024671 0.057554
0 0.384868 0.335432 0.026316 0.059352
0 0.540296 0.019784 0.023026 0.039568
0 0.587582 0.716727 0.041941 0.062950
0 0.550987 0.442446 0.032895 0.057554
0 0.253701 0.031475 0.037007 0.059352
0 0.261513 0.417266 0.031250 0.061151
0 0.190789 0.093525 0.024671 0.046763
0 0.404605 0.046763 0.023026 0.061151
0 0.370477 0.147482 0.028783 0.046763
0 0.399260 0.914568 0.027138 0.059353
0 0.522204 0.748201 0.042763 0.107914
0 0.229441 0.582734 0.026316 0.061151
0 0.381579 0.259892 0.024671 0.052158
0 0.243010 0.109712 0.028783 0.046763
0 0.510691 0.976619 0.036184 0.046763
0 0.692845 0.478417 0.025493 0.043165
0 0.530839 0.926259 0.020559 0.064748
0 0.693668 0.797662 0.033717 0.052158
0 0.078125 0.231115 0.029605 0.059353
0 0.859786 0.706835 0.040296 0.061151
0 0.703536 0.657374 0.041941 0.113309
0 0.284951 0.771583 0.033717 0.089928
0 0.747944 0.975719 0.032072 0.044964
0 0.893503 0.839928 0.028783 0.071942
0 0.328947 0.516187 0.032895 0.068345
0 0.199836 0.602518 0.027961 0.075540
0 0.844572 0.577338 0.021382 0.057554
0 0.552220 0.237410 0.030428 0.053957
0 0.366776 0.847122 0.031250 0.068345
0 0.727385 0.563849 0.027138 0.055755
0 0.757812 0.742806 0.045230 0.068345
0 0.760280 0.053957 0.027138 0.053957
0 0.415296 0.644784 0.036184 0.070144
0 0.472039 0.877698 0.029605 0.061151
0 0.689145 0.046763 0.039474 0.082734
0 0.515214 0.669964 0.025493 0.055755
0 0.568257 0.310252 0.044408 0.106115
0 0.470395 0.198741 0.031250 0.084532
0 0.262747 0.847122 0.041941 0.071942
0 0.550576 0.945144 0.004112 0.012590
0 0.454770 0.003597 0.004934 0.007194
0 0.483964 0.139388 0.004112 0.008993
0 0.770970 0.943345 0.004112 0.008993
0 0.497122 0.714928 0.004112 0.012590
0 0.715461 0.522482 0.004934 0.019784
0 0.229852 0.354317 0.004112 0.014389
0 0.565378 0.625000 0.004112 0.012590
0 0.231086 0.919964 0.004934 0.008993
0 0.539062 0.117806 0.004112 0.008993
0 0.694079 0.510791 0.004934 0.014388
0 0.798931 0.162770 0.004112 0.012590
0 0.556743 0.111511 0.003289 0.010791
0 0.180099 0.786870 0.004934 0.008993
0 0.151316 0.955935 0.003289 0.016187
0 0.270148 0.097122 0.004112 0.014388
0 0.245477 0.501799 0.005757 0.021583
0 0.654194 0.294065 0.004112 0.008993
0 0.671875 0.100719 0.004934 0.010791
0 0.222862 0.755396 0.006579 0.014388
0 0.537418 0.072842 0.004112 0.008993
0 0.196135 0.750000 0.004112 0.010791
0 0.636102 0.733813 0.004112 0.010791
0 0.739720 0.923561 0.004112 0.012590
0 0.230263 0.992806 0.011513 0.010791
0 0.181332 0.312950 0.005757 0.010791
0 0.546464 0.285971 0.005757 0.014389
0 0.671875 0.929856 0.004934 0.010791
0 0.397615 0.599820 0.004112 0.016187
0 0.541530 0.684353 0.005757 0.016187
0 0.679276 0.962230 0.006579 0.046763
0 0.756990 0.240108 0.005757 0.012590
0 0.760691 0.535971 0.004934 0.017986
0 0.703947 0.100719 0.008224 0.021583
0 0.502056 0.535971 0.009046 0.014388
0 0.621299 0.713130 0.007401 0.012590
0 0.558388 0.399281 0.006579 0.017986
