0 0.761102 0.698741 0.009046 0.019784
0 0.372944 0.694245 0.010691 0.017986
0 0.193257 0.567446 0.011513 0.034173
0 0.821135 0.080935 0.012335 0.017986
0 0.555510 0.723921 0.009046 0.019784
0 0.358964 0.987410 0.009046 0.021583
0 0.393092 0.990108 0.013158 0.019784
0 0.556332 0.741906 0.009046 0.023381
0 0.666941 0.725719 0.011513 0.019784
0 0.865954 0.241007 0.009868 0.021583
0 0.454770 0.627698 0.013158 0.021583
0 0.702714 0.373201 0.013980 0.019784
0 0.664474 0.146583 0.009868 0.034173
0 0.601562 0.716727 0.012335 0.023381
0 0.350740 0.841727 0.018914 0.039568
0 0.603207 0.335432 0.013980 0.041367
0 0.512336 0.420863 0.024671 0.061151
0 0.648438 0.178058 0.027138 0.061151
0 0.752467 0.361511 0.026316 0.050360
0 0.794408 0.744604 0.016447 0.039568
0 0.677220 0.423561 0.041941 0.055755
0 0.253701 0.734712 0.028783 0.052158
0 0.252056 0.249101 0.058388 0.084532
0 0.294819 0.484712 0.020559 0.048561
0 0.437089 0.049460 0.023849 0.052158
0 0.390625 0.391187 0.031250 0.048561
0 0.895559 0.657374 0.031250 0.052158
0 0.432977 0.238309 0.017270 0.044964
0 0.921464 0.955935 0.032072 0.048561
0 0.812911 0.480216 0.038651 0.057554
0 0.174342 0.960432 0.031250 0.053957
0 0.397204 0.919065 0.029605 0.061151
0 0.830181 0.570144 0.032072 0.050360
0 0.656250 0.831835 0.024671 0.048561
0 0.528372 0.650180 0.020559 0.048561
0 0.646382 0.032374 0.041118 0.064748
0 0.414885 0.719424 0.032072 0.068345
0 0.659539 0.546763 0.039474 0.064748
0 0.507812 0.062050 0.030428 0.052158
0 0.369655 0.189748 0.018914 0.066547
0 0.714227 0.937950 0.043585 0.077338
0 0.621299 0.882194 0.032072 0.059353
0 0.657895 0.492806 0.029605 0.046763
0 0.279605 0.775180 0.024671 0.053957
0 0.372944 0.122302 0.025493 0.046763
0 0.761924 0.591727 0.071546 0.089928
0 0.277138 0.205036 0.029605 0.057554
0 0.832237 0.394784 0.021382 0.044964
0 0.899260 0.375000 0.033717 0.055755
0 0.710115 0.629496 0.027138 0.064748
0 0.759046 0.428957 0.029605 0.048561
0 0.083059 0.095324 0.027960 0.053957
0 0.818668 0.658273 0.022204 0.061151
0 0.315378 0.874101 0.022204 0.057554
0 0.417763 0.956835 0.046053 0.079137
0 0.354852 0.337230 0.025493 0.070144
0 0.396793 0.478417 0.037007 0.079137
0 0.392270 0.576439 0.032895 0.066547
0 0.345806 0.723022 0.037007 0.068345
0 0.335938 0.575540 0.043585 0.097122
0 0.416941 0.085432 0.032895 0.073741
0 0.439967 0.578237 0.036184 0.073741
0 0.617188 0.205935 0.045230 0.098921
0 0.581826 0.765288 0.046875 0.113309
0 0.818668 0.424460 0.004112 0.010791
0 0.716283 0.356115 0.003289 0.010791
0 0.615132 0.459532 0.004934 0.008993
0 0.636924 0.353417 0.004112 0.008993
0 0.547286 0.133094 0.004112 0.010791
0 0.522615 0.620504 0.007401 0.010791
0 0.329359 0.067446 0.004112 0.008993
0 0.611842 0.380396 0.004934 0.008993
0 0.655839 0.302158 0.004112 0.014389
0 0.500822 0.721223 0.004934 0.010791
0 0.305921 0.092626 0.004934 0.008993
0 0.564556 0.226619 0.004112 0.010791
0 0.683799 0.051259 0.004112 0.016187
0 0.802220 0.689748 0.004112 0.008993
0 0.774260 0.909173 0.005757 0.016187
0 0.365954 0.152878 0.006579 0.014388
0 0.259457 0.053957 0.004112 0.010791
0 0.668997 0.133993 0.005757 0.016187
0 0.604030 0.029676 0.004112 0.012590
0 0.724507 0.368705 0.004934 0.014389
0 0.634046 0.951439 0.004934 0.010791
0 0.721628 0.453237 0.004112 0.014389
0 0.724918 0.704137 0.004112 0.012590
0 0.188734 0.601619 0.007401 0.023381
0 0.564967 0.446043 0.004934 0.014389
0 0.585115 0.681655 0.004112 0.010791
0 0.381990 0.756295 0.005757 0.008993
0 0.661595 0.330935 0.004112 0.010791
0 0.473273 0.079137 0.007401 0.017986
0 0.614309 0.703237 0.003289 0.014388
0 0.291941 0.715827 0.008224 0.010791
0 0.537007 0.510791 0.006579 0.014388
0 0.750000 0.501799 0.004934 0.017986
0 0.572368 0.913669 0.004934 0.014388
0 0.354852 0.945144 0.005757 0.019784
0 0.363076 0.873201 0.005757 0.016187
0 0.480263 0.598921 0.006579 0.014388
0 0.451891 0.790468 0.007401 0.012590
0 0.720806 0.030575 0.009046 0.017986
0 0.840461 0.908273 0.006579 0.014388
0 0.341283 0.006295 0.014803 0.012590
0 0.567845 0.687050 0.005757 0.017986
