0 0.744655 0.016187 0.012335 0.025180
0 0.598684 0.066547 0.009868 0.014388
0 0.172697 0.678957 0.008224 0.016187
0 0.629112 0.479317 0.009868 0.026978
0 0.583470 0.455935 0.009046 0.019784
0 0.188322 0.419964 0.011513 0.026978
0 0.475329 0.012590 0.027960 0.025180
0 0.187500 0.289568 0.009868 0.035971
0 0.718750 0.595324 0.013158 0.035971
0 0.614309 0.776079 0.013158 0.030575
0 0.570724 0.258993 0.013158 0.025180
0 0.692023 0.074640 0.012335 0.030575
0 0.354852 0.985611 0.020559 0.025180
0 0.557566 0.821043 0.019737 0.030575
0 0.905839 0.861511 0.012336 0.028777
0 0.717928 0.235612 0.018092 0.032374
0 0.888569 0.982014 0.023849 0.028777
0 0.440789 0.073741 0.023026 0.043165
0 0.094984 0.851619 0.033717 0.044964
0 0.201891 0.693345 0.025493 0.055755
0 0.555099 0.380396 0.024671 0.055755
0 0.081415 0.686151 0.032895 0.044964
0 0.497944 0.500000 0.043585 0.082734
0 0.426809 0.021583 0.021382 0.043165
0 0.455592 0.043166 0.032895 0.050360
0 0.859786 0.416367 0.023849 0.044964
0 0.078536 0.818345 0.035362 0.064748
0 0.396793 0.554856 0.020559 0.055755
0 0.324836 0.878597 0.027961 0.062950
0 0.423931 0.120504 0.022204 0.064748
0 0.846217 0.806655 0.026316 0.052158
0 0.474918 0.440647 0.032072 0.053957
0 0.819079 0.711331 0.027960 0.044964
0 0.406250 0.839029 0.029605 0.062950
0 0.405839 0.678058 0.022204 0.057554
0 0.733964 0.979317 0.020559 0.037770
0 0.929276 0.571942 0.029605 0.057554
0 0.224095 0.189748 0.041941 0.070144
0 0.320724 0.714928 0.023026 0.052158
0 0.821546 0.469424 0.027960 0.046763
0 0.706003 0.776978 0.018915 0.057554
0 0.680921 0.772482 0.031250 0.062950
0 0.700247 0.940647 0.035362 0.068345
0 0.585938 0.183453 0.025493 0.053957
0 0.254934 0.740108 0.027961 0.066547
0 0.613076 0.109712 0.022204 0.046763
0 0.687911 0.834532 0.030428 0.064748
0 0.400493 0.215827 0.026316 0.061151
0 0.875411 0.106115 0.033717 0.046763
0 0.648849 0.504496 0.044408 0.066547
0 0.454770 0.823741 0.024671 0.050360
0 0.587993 0.315647 0.032895 0.062950
0 0.437911 0.427158 0.025493 0.077338
0 0.305921 0.530576 0.046053 0.097122
0 0.478207 0.395683 0.030428 0.046763
0 0.229852 0.090827 0.028783 0.052158
0 0.645148 0.035971 0.041941 0.071942
0 0.732319 0.261691 0.025493 0.062950
0 0.713816 0.460432 0.029605 0.053957
0 0.608964 0.382194 0.023849 0.044964
0 0.395148 0.080935 0.030428 0.064748
0 0.454359 0.107014 0.037007 0.084532
0 0.729441 0.758993 0.021382 0.079137
0 0.157484 0.445144 0.055099 0.109712
0 0.742188 0.489209 0.035362 0.071942
0 0.515625 0.718525 0.029605 0.073741
0 0.220806 0.549460 0.048520 0.084532
0 0.812500 0.344424 0.032895 0.048561
0 0.757401 0.724820 0.042763 0.104317
0 0.441612 0.313849 0.039474 0.095324
0 0.638980 0.322842 0.032895 0.106115
0 0.856086 0.310252 0.034539 0.077338
0 0.690378 0.380396 0.004112 0.008993
0 0.210115 0.895683 0.004112 0.010791
0 0.386924 0.873201 0.004112 0.012590
0 0.334704 0.938849 0.003289 0.007194
0 0.893503 0.300360 0.004112 0.010791
0 0.347862 0.416367 0.003289 0.008993
0 0.449424 0.573741 0.004112 0.014388
0 0.201480 0.151978 0.004934 0.012590
0 0.305510 0.028777 0.004112 0.010791
0 0.354441 0.697842 0.003289 0.010791
0 0.847451 0.510791 0.004112 0.010791
0 0.845395 0.839928 0.004934 0.014388
0 0.666941 0.010791 0.036184 0.021583
0 0.779605 0.944245 0.004934 0.010791
0 0.332648 0.625000 0.007401 0.012590
0 0.554276 0.082734 0.003289 0.010791
0 0.236020 0.464029 0.004934 0.014388
0 0.235609 0.865108 0.004112 0.010791
0 0.650082 0.804856 0.005757 0.008993
0 0.269326 0.438849 0.005757 0.010791
0 0.556743 0.899281 0.004934 0.010791
0 0.084704 0.763489 0.004934 0.008993
0 0.450247 0.949640 0.005757 0.014388
0 0.354030 0.375899 0.007401 0.017986
0 0.752878 0.341727 0.005757 0.014389
0 0.623355 0.589928 0.004934 0.014388
0 0.582648 0.678058 0.005757 0.017986
0 0.664062 0.561151 0.007401 0.017986
0 0.290296 0.760791 0.006579 0.014388
0 0.874178 0.007194 0.016447 0.014389
0 0.060033 0.813849 0.006579 0.026978
0 0.664474 0.913669 0.008224 0.017986
