0 0.377056 0.107014 0.007401 0.016187
0 0.434211 0.340827 0.008224 0.019784
0 0.275905 0.474820 0.010691 0.021583
0 0.895559 0.310252 0.009868 0.019784
0 0.457648 0.480216 0.009046 0.028777
0 0.761513 0.683453 0.008224 0.017986
0 0.671464 0.401978 0.009046 0.019784
0 0.511513 0.172662 0.011513 0.025180
0 0.553865 0.276978 0.010691 0.021583
0 0.686678 0.618705 0.011513 0.017986
0 0.780016 0.987410 0.022204 0.017986
0 0.588816 0.578237 0.011513 0.023381
0 0.393092 0.548561 0.009868 0.025180
0 0.566612 0.860611 0.011513 0.019784
0 0.302220 0.225719 0.010691 0.030575
0 0.640214 0.241906 0.012335 0.023381
0 0.858964 0.013489 0.030428 0.026978
0 0.925576 0.389389 0.025493 0.062950
0 0.589638 0.983813 0.032895 0.028777
0 0.399671 0.982914 0.026316 0.030575
0 0.356497 0.145683 0.020559 0.035971
0 0.601562 0.118705 0.035362 0.050360
0 0.898849 0.639389 0.039474 0.066547
0 0.663651 0.359712 0.036184 0.046763
0 0.448191 0.639389 0.026316 0.084532
0 0.836760 0.231115 0.027138 0.059353
0 0.389391 0.669964 0.056743 0.102518
0 0.512336 0.035072 0.044408 0.070144
0 0.575658 0.260791 0.026316 0.053957
0 0.474507 0.570144 0.046053 0.075540
0 0.576480 0.082734 0.021382 0.053957
0 0.710115 0.028777 0.037007 0.050360
0 0.669819 0.700540 0.022204 0.062950
0 0.473273 0.079137 0.023849 0.061151
0 0.529605 0.080935 0.027960 0.043166
0 0.359786 0.621403 0.018914 0.044964
0 0.627467 0.026079 0.027960 0.052158
0 0.740132 0.765288 0.046053 0.084532
0 0.354441 0.242806 0.023026 0.050360
0 0.164885 0.078237 0.032072 0.059353
0 0.246711 0.871403 0.029605 0.059353
0 0.334704 0.201439 0.031250 0.068345
0 0.431332 0.932554 0.033717 0.066547
0 0.187089 0.750000 0.037007 0.061151
0 0.144737 0.153777 0.036184 0.048561
0 0.480674 0.670863 0.037007 0.050360
0 0.101151 0.096223 0.032895 0.059353
0 0.479441 0.783273 0.032895 0.048561
0 0.504934 0.638489 0.024671 0.043166
0 0.656661 0.250000 0.025493 0.057554
0 0.652138 0.533273 0.032895 0.098921
0 0.879112 0.231115 0.029605 0.052158
0 0.368421 0.923561 0.041118 0.066547
0 0.564967 0.773381 0.042763 0.093525
0 0.899260 0.403777 0.050164 0.073741
0 0.681743 0.112410 0.026316 0.048561
0 0.202714 0.493705 0.032072 0.059353
0 0.860609 0.107914 0.028783 0.050360
0 0.475329 0.837230 0.036184 0.044964
0 0.578536 0.381295 0.030428 0.061151
0 0.843750 0.961331 0.027961 0.055755
0 0.651316 0.738309 0.032895 0.084532
0 0.216283 0.450540 0.027961 0.052158
0 0.566612 0.450540 0.023026 0.062950
0 0.742599 0.461331 0.042763 0.088129
0 0.712171 0.670863 0.032895 0.046763
0 0.256579 0.538669 0.037829 0.095324
0 0.162829 0.975719 0.029605 0.044964
0 0.405016 0.900180 0.023849 0.073741
0 0.555921 0.667266 0.032895 0.075540
0 0.432566 0.776079 0.029605 0.066547
0 0.528783 0.220324 0.024671 0.077338
0 0.297697 0.681655 0.037829 0.104317
0 0.158306 0.408273 0.037007 0.100719
0 0.668997 0.884892 0.033717 0.086331
0 0.180921 0.601619 0.003289 0.008993
0 0.592105 0.492806 0.003289 0.010791
0 0.534951 0.834532 0.004112 0.007194
0 0.568668 0.642086 0.005757 0.014388
0 0.796464 0.277878 0.004112 0.012590
0 0.633224 0.529676 0.006579 0.012590
0 0.107319 0.611511 0.004112 0.010791
0 0.831003 0.355216 0.004112 0.008993
0 0.349507 0.006295 0.004934 0.012590
0 0.904194 0.330036 0.004112 0.008993
0 0.718750 0.915468 0.004934 0.010791
0 0.521793 0.399281 0.004112 0.010791
0 0.221628 0.051259 0.004112 0.008993
0 0.785773 0.778777 0.004112 0.010791
0 0.447368 0.364209 0.003289 0.012590
0 0.601562 0.951439 0.004112 0.010791
0 0.359786 0.342626 0.005757 0.008993
0 0.634046 0.929856 0.003289 0.010791
0 0.881990 0.727518 0.005757 0.008993
0 0.742599 0.357914 0.004934 0.010791
0 0.175987 0.669065 0.004934 0.010791
0 0.522204 0.553058 0.006579 0.016187
0 0.151727 0.796763 0.004112 0.010791
0 0.740954 0.646583 0.003289 0.012590
0 0.785362 0.607914 0.004934 0.010791
0 0.144326 0.087230 0.005757 0.012590
0 0.510280 0.763489 0.004112 0.012590
0 0.685033 0.257194 0.004934 0.014389
0 0.618010 0.321043 0.005757 0.012590
0 0.560444 0.928058 0.004112 0.010791
0 0.696957 0.206835 0.004112 0.014388
0 0.403783 0.258993 0.006579 0.010791
0 0.817434 0.979317 0.004934 0.012590
0 0.805921 0.893885 0.004934 0.014388
0 0.728207 0.414568 0.007401 0.016187
0 0.922286 0.859712 0.005757 0.010791
0 0.576480 0.311151 0.008224 0.010791
0 0.624178 0.465827 0.004934 0.021583
0 0.594984 0.933453 0.005757 0.014388
0 0.546875 0.261691 0.004934 0.016187
0 0.372533 0.833633 0.006579 0.012590
0 0.186266 0.991007 0.025493 0.017986
0 0.618421 0.411871 0.008224 0.014389
0 0.717516 0.277878 0.005757 0.016187
0 0.728207 0.819245 0.009046 0.019784
