0 0.758224 0.009892 0.037829 0.019784
0 0.807977 0.489209 0.009046 0.014388
0 0.657072 0.171763 0.009868 0.016187
0 0.782484 0.991906 0.009046 0.016187
0 0.591283 0.856115 0.009868 0.021583
0 0.759868 0.435252 0.009868 0.025180
0 0.920230 0.165468 0.013158 0.025180
0 0.916118 0.177158 0.014803 0.026978
0 0.614720 0.880396 0.017270 0.034173
0 0.578947 0.011691 0.024671 0.023381
0 0.299753 0.908273 0.032072 0.046763
0 0.801809 0.974820 0.013158 0.039568
0 0.676398 0.089029 0.032072 0.062950
0 0.599918 0.695144 0.028783 0.095324
0 0.249589 0.743705 0.037007 0.059353
0 0.100329 0.018885 0.042763 0.037770
0 0.534128 0.399281 0.025493 0.050360
0 0.842105 0.210432 0.016447 0.043166
0 0.825658 0.504496 0.027960 0.048561
0 0.261924 0.544964 0.020559 0.046763
0 0.344572 0.749101 0.029605 0.059353
0 0.815378 0.408273 0.025493 0.043166
0 0.919408 0.674460 0.031250 0.043166
0 0.742599 0.308453 0.027960 0.048561
0 0.624178 0.668165 0.021382 0.044964
0 0.790707 0.030575 0.030428 0.050360
0 0.143914 0.209532 0.031250 0.052158
0 0.745066 0.789568 0.034540 0.050360
0 0.543174 0.160072 0.030428 0.061151
0 0.380345 0.652878 0.030428 0.057554
0 0.699013 0.216727 0.037829 0.066547
0 0.196546 0.581835 0.047697 0.106115
0 0.380757 0.298561 0.023026 0.057554
0 0.731086 0.255396 0.027960 0.053957
0 0.754523 0.746403 0.022204 0.046763
0 0.734786 0.742806 0.018915 0.057554
0 0.832648 0.606115 0.038651 0.057554
0 0.076480 0.237410 0.027960 0.057554
0 0.382812 0.204137 0.030428 0.059352
0 0.266859 0.129496 0.035362 0.068345
0 0.237253 0.155576 0.027138 0.041367
0 0.921464 0.244604 0.030428 0.057554
0 0.696546 0.428957 0.039474 0.062950
0 0.198191 0.355216 0.027960 0.059352
0 0.326069 0.948741 0.030428 0.048561
0 0.384046 0.723921 0.052632 0.091727
0 0.907895 0.447842 0.041118 0.071942
0 0.444901 0.401978 0.047697 0.066547
0 0.358964 0.820144 0.053454 0.111511
0 0.384457 0.032374 0.046875 0.064748
0 0.617188 0.826439 0.041941 0.077338
0 0.252056 0.655576 0.032072 0.066547
0 0.440789 0.641187 0.036184 0.066547
0 0.767270 0.355216 0.049342 0.106115
0 0.433388 0.160072 0.031250 0.104317
0 0.532895 0.234712 0.042763 0.080935
0 0.779605 0.608813 0.027960 0.084532
0 0.506168 0.471223 0.033717 0.079137
0 0.173520 0.233813 0.003289 0.007194
0 0.527138 0.927158 0.003289 0.012590
0 0.284951 0.947842 0.004112 0.010791
0 0.661184 0.741007 0.003289 0.010791
0 0.416118 0.030575 0.003289 0.010791
0 0.891447 0.260791 0.003289 0.014389
0 0.620477 0.408273 0.004112 0.010791
0 0.529194 0.097122 0.004112 0.010791
0 0.667352 0.219424 0.004112 0.010791
0 0.602796 0.588130 0.004934 0.007194
0 0.488076 0.723022 0.004112 0.010791
0 0.336760 0.383993 0.004112 0.008993
0 0.733553 0.598022 0.003289 0.008993
0 0.248766 0.293165 0.004112 0.010791
0 0.473684 0.198741 0.003289 0.012590
0 0.579359 0.229317 0.004112 0.012590
0 0.150082 0.108813 0.004112 0.008993
0 0.879112 0.543165 0.004934 0.010791
0 0.622944 0.627698 0.004112 0.007194
0 0.404194 0.936151 0.004112 0.008993
0 0.224918 0.375000 0.005757 0.034173
0 0.787418 0.173561 0.005757 0.012590
0 0.412418 0.464928 0.004112 0.012590
0 0.303043 0.279676 0.004112 0.012590
0 0.428865 0.988309 0.004112 0.012590
0 0.230674 0.524281 0.005757 0.008993
0 0.378289 0.562950 0.004934 0.010791
0 0.483553 0.093525 0.004934 0.010791
0 0.851974 0.511691 0.004934 0.012590
0 0.225740 0.803957 0.005757 0.010791
0 0.124178 0.546763 0.006579 0.014388
