0 0.439145 0.468525 0.009868 0.016187
0 0.656661 0.833633 0.007401 0.016187
0 0.324836 0.230216 0.011513 0.017986
0 0.498766 0.964928 0.009046 0.019784
0 0.611842 0.642086 0.009868 0.014388
0 0.150905 0.991007 0.017270 0.017986
0 0.289062 0.956835 0.010691 0.021583
0 0.304276 0.314748 0.021382 0.039568
0 0.362664 0.556655 0.016447 0.037770
0 0.440789 0.644784 0.014803 0.026978
0 0.363487 0.471223 0.021382 0.050360
0 0.626645 0.361511 0.018092 0.053957
0 0.549342 0.962230 0.024671 0.039568
0 0.344161 0.982914 0.022204 0.030575
0 0.474918 0.158273 0.013980 0.039568
0 0.095806 0.017986 0.035362 0.035971
0 0.594572 0.982014 0.039474 0.035971
0 0.302632 0.501799 0.023026 0.068345
0 0.849095 0.367806 0.027138 0.055755
0 0.650905 0.049460 0.060033 0.098921
0 0.473273 0.906475 0.038651 0.075540
0 0.850740 0.509892 0.023849 0.052158
0 0.612253 0.234712 0.015625 0.044964
0 0.824836 0.496403 0.031250 0.053957
0 0.651316 0.721223 0.029605 0.057554
0 0.807155 0.355216 0.041941 0.044964
0 0.351562 0.284173 0.030428 0.068345
0 0.273438 0.497302 0.037007 0.059353
0 0.551809 0.121403 0.026316 0.044964
0 0.472039 0.089928 0.057566 0.100719
0 0.456826 0.747302 0.022204 0.041367
0 0.168174 0.462230 0.027138 0.046763
0 0.479441 0.018885 0.027960 0.037770
0 0.323191 0.668165 0.023026 0.052158
0 0.440789 0.720324 0.024671 0.055755
0 0.332648 0.055755 0.035362 0.050360
0 0.915707 0.773381 0.041941 0.079137
0 0.383635 0.025180 0.033717 0.050360
0 0.649671 0.211331 0.021382 0.048561
0 0.690789 0.857014 0.021382 0.041367
0 0.632401 0.821043 0.029605 0.066547
0 0.616365 0.900180 0.027138 0.059352
0 0.682977 0.648381 0.025493 0.055755
0 0.837582 0.974820 0.038651 0.046763
0 0.479441 0.357014 0.026316 0.037770
0 0.753701 0.539568 0.033717 0.057554
0 0.562911 0.371403 0.048520 0.066547
0 0.283717 0.645683 0.024671 0.046763
0 0.603618 0.038669 0.029605 0.052158
0 0.748355 0.900180 0.026316 0.052158
0 0.346628 0.813849 0.022204 0.084532
0 0.762747 0.027878 0.030428 0.048561
0 0.252878 0.678058 0.032072 0.046763
0 0.324424 0.383993 0.028783 0.062950
0 0.364720 0.642086 0.027138 0.082734
0 0.640214 0.267986 0.028783 0.057554
0 0.726151 0.218525 0.031250 0.066547
0 0.847039 0.451439 0.044408 0.071942
0 0.543997 0.668165 0.032072 0.070144
0 0.419819 0.483813 0.033717 0.053957
0 0.546464 0.609712 0.028783 0.057554
0 0.666941 0.750899 0.031250 0.055755
0 0.297697 0.357014 0.031250 0.091727
0 0.436678 0.300360 0.032895 0.053957
0 0.888569 0.180755 0.035362 0.055755
0 0.330592 0.446942 0.024671 0.044964
0 0.132401 0.587230 0.046053 0.070144
0 0.157895 0.538669 0.064145 0.102518
0 0.476974 0.519784 0.027960 0.068345
0 0.500822 0.674460 0.034540 0.075540
0 0.343750 0.689748 0.026316 0.088129
0 0.555510 0.455036 0.033717 0.086331
0 0.525905 0.353417 0.028783 0.073741
0 0.430510 0.149281 0.040296 0.093525
0 0.523438 0.107014 0.033717 0.080935
0 0.420230 0.636691 0.026316 0.075540
0 0.577714 0.070144 0.022204 0.053957
0 0.281661 0.909173 0.037007 0.080935
0 0.118421 0.833633 0.003289 0.008993
0 0.718339 0.476619 0.004112 0.010791
0 0.490954 0.227518 0.004934 0.008993
0 0.194901 0.201439 0.003289 0.010791
0 0.560444 0.204137 0.004112 0.008993
0 0.425576 0.908273 0.004112 0.010791
0 0.441612 0.467626 0.004934 0.017986
0 0.560444 0.245504 0.004112 0.008993
0 0.814967 0.800360 0.003289 0.010791
0 0.698602 0.822842 0.004112 0.008993
0 0.692845 0.910072 0.004112 0.010791
0 0.543174 0.409173 0.005757 0.019784
0 0.522204 0.253597 0.004934 0.014389
0 0.808799 0.412770 0.004112 0.008993
0 0.699424 0.924460 0.004112 0.010791
0 0.441612 0.025180 0.003289 0.014388
0 0.551398 0.205935 0.005757 0.008993
0 0.722862 0.620504 0.003289 0.010791
0 0.683388 0.152878 0.004934 0.010791
0 0.635280 0.326439 0.004112 0.008993
0 0.416941 0.785971 0.003289 0.010791
0 0.604852 0.740108 0.004112 0.008993
0 0.591694 0.920863 0.004112 0.010791
0 0.436266 0.466727 0.005757 0.016187
0 0.504523 0.153777 0.004112 0.008993
0 0.671875 0.985611 0.004934 0.010791
0 0.647204 0.326439 0.006579 0.012590
0 0.890214 0.662770 0.004112 0.008993
0 0.538240 0.799460 0.004112 0.008993
0 0.609375 0.446043 0.004934 0.010791
0 0.665707 0.847122 0.004112 0.010791
0 0.119243 0.366007 0.004934 0.008993
0 0.183799 0.152878 0.004112 0.014388
0 0.460526 0.591727 0.004934 0.014388
0 0.558799 0.098921 0.010691 0.010791
0 0.831414 0.706835 0.004934 0.010791
0 0.837993 0.092626 0.004934 0.012590
0 0.189967 0.133094 0.004934 0.010791
0 0.599918 0.801259 0.004112 0.012590
0 0.571957 0.621403 0.007401 0.008993
0 0.537829 0.855216 0.004934 0.016187
0 0.620888 0.752698 0.004934 0.012590
0 0.730674 0.385791 0.004112 0.012590
0 0.444490 0.689748 0.005757 0.016187
0 0.421875 0.579137 0.004934 0.014388
0 0.480263 0.954137 0.008224 0.019784
0 0.522204 0.538669 0.004934 0.016187
0 0.906250 0.922662 0.008224 0.010791
0 0.313322 0.005396 0.006579 0.010791
0 0.648849 0.624101 0.008224 0.014388
0 0.467928 0.593525 0.008224 0.010791
0 0.206414 0.755396 0.004934 0.010791
0 0.336760 0.860611 0.005757 0.016187
0 0.205181 0.266187 0.005757 0.017986
0 0.590872 0.147482 0.007401 0.014388
0 0.694901 0.776079 0.006579 0.012590
0 0.311266 0.987410 0.005757 0.021583
0 0.545641 0.154676 0.007401 0.025180
0 0.582648 0.868705 0.007401 0.014388
0 0.883635 0.574640 0.007401 0.012590
