0 0.477385 0.314748 0.007401 0.017986
0 0.418586 0.365108 0.009868 0.017986
0 0.657484 0.021583 0.009046 0.017986
0 0.478618 0.361511 0.009868 0.017986
0 0.347451 0.205036 0.009046 0.021583
0 0.059210 0.158273 0.008224 0.035971
0 0.391447 0.293165 0.008224 0.021583
0 0.796053 0.065647 0.026316 0.044964
0 0.438734 0.809353 0.012335 0.025180
0 0.750411 0.364209 0.022204 0.059352
0 0.222039 0.016187 0.016447 0.032374
0 0.347862 0.691547 0.031250 0.055755
0 0.345395 0.647482 0.032895 0.035971
0 0.788240 0.341727 0.015625 0.039568
0 0.851562 0.390288 0.023849 0.053957
0 0.391036 0.108813 0.041941 0.077338
0 0.081415 0.598022 0.037829 0.044964
0 0.491365 0.545863 0.035362 0.048561
0 0.908717 0.190647 0.042763 0.043165
0 0.515625 0.658273 0.026316 0.061151
0 0.362664 0.080036 0.046053 0.106115
0 0.701069 0.677158 0.046875 0.066547
0 0.823191 0.845324 0.024671 0.039568
0 0.521793 0.200540 0.025493 0.055755
0 0.443668 0.398381 0.023849 0.044964
0 0.323602 0.805755 0.032072 0.043166
0 0.076891 0.158273 0.030428 0.064748
0 0.242599 0.029676 0.027960 0.059353
0 0.742599 0.870504 0.037829 0.064748
0 0.212993 0.282374 0.032895 0.075540
0 0.527138 0.682554 0.021382 0.052158
0 0.780839 0.034173 0.048520 0.068345
0 0.333059 0.744604 0.032895 0.057554
0 0.711760 0.148381 0.032072 0.088130
0 0.147615 0.326439 0.032072 0.044964
0 0.287829 0.366906 0.083882 0.136691
0 0.338405 0.340827 0.030428 0.059352
0 0.423931 0.781475 0.027138 0.059353
0 0.440378 0.513489 0.033717 0.059353
0 0.293586 0.504496 0.031250 0.059353
0 0.720806 0.420863 0.028783 0.057554
0 0.541941 0.746403 0.023026 0.043166
0 0.412418 0.042266 0.051809 0.084532
0 0.544819 0.149281 0.037007 0.064748
0 0.432566 0.959532 0.029605 0.048561
0 0.625822 0.275180 0.031250 0.057554
0 0.169408 0.741906 0.032895 0.052158
0 0.657484 0.756295 0.040296 0.048561
0 0.681743 0.124101 0.041118 0.064748
0 0.288651 0.875000 0.037829 0.066547
0 0.319490 0.194245 0.032072 0.057554
0 0.748766 0.808453 0.038651 0.070144
0 0.671875 0.914568 0.029605 0.059353
0 0.240954 0.651978 0.037829 0.073741
0 0.660362 0.696942 0.034540 0.073741
0 0.618421 0.210432 0.027960 0.071942
0 0.371299 0.628597 0.022204 0.048561
0 0.269326 0.582734 0.053454 0.093525
0 0.476562 0.482014 0.038651 0.086331
0 0.778372 0.250899 0.030428 0.077338
0 0.810444 0.149281 0.027138 0.068345
0 0.178865 0.219424 0.037007 0.071942
0 0.788651 0.573741 0.029605 0.053957
0 0.430099 0.338129 0.026316 0.064748
0 0.499178 0.263489 0.036184 0.080935
0 0.804276 0.095324 0.026316 0.053957
0 0.359786 0.779676 0.043586 0.080935
0 0.258635 0.152878 0.051809 0.125899
0 0.204770 0.354317 0.003289 0.010791
0 0.729030 0.535971 0.004112 0.010791
0 0.664885 0.558453 0.004112 0.012590
0 0.724507 0.608813 0.004934 0.008993
0 0.623766 0.616007 0.005757 0.019784
0 0.435033 0.838130 0.003289 0.007194
0 0.688322 0.825540 0.004934 0.010791
0 0.861431 0.674460 0.004112 0.014388
0 0.855674 0.905576 0.004112 0.008993
0 0.502878 0.081835 0.004112 0.008993
0 0.446546 0.941547 0.004934 0.012590
0 0.791530 0.729317 0.004112 0.008993
0 0.535362 0.624101 0.003289 0.010791
0 0.576891 0.683453 0.004112 0.010791
0 0.132812 0.714928 0.004112 0.008993
0 0.594572 0.597122 0.003289 0.010791
0 0.442434 0.608813 0.003289 0.008993
0 0.755345 0.900180 0.010691 0.023381
0 0.573602 0.051259 0.004112 0.012590
0 0.565789 0.139388 0.004934 0.012590
0 0.703947 0.748201 0.004934 0.010791
0 0.438322 0.750000 0.004934 0.010791
0 0.863898 0.033273 0.005757 0.008993
0 0.177220 0.554856 0.005757 0.012590
0 0.499589 0.986511 0.004112 0.012590
0 0.712582 0.272482 0.004112 0.008993
0 0.645970 0.642086 0.004112 0.010791
0 0.632812 0.655576 0.005757 0.041367
0 0.516447 0.371403 0.004934 0.012590
0 0.509046 0.687950 0.014803 0.030575
0 0.390625 0.008094 0.013158 0.016187
0 0.565789 0.800360 0.004934 0.010791
0 0.400493 0.273381 0.006579 0.014389
0 0.248766 0.505396 0.004112 0.010791
0 0.200658 0.709532 0.004934 0.012590
0 0.401316 0.906475 0.004934 0.010791
0 0.511513 0.362410 0.004934 0.012590
0 0.532895 0.858813 0.004934 0.012590
0 0.525082 0.064748 0.007401 0.014388
0 0.425576 0.568345 0.007401 0.014388
0 0.293174 0.302158 0.007401 0.010791
0 0.629112 0.573741 0.006579 0.010791
0 0.479030 0.795863 0.005757 0.012590
0 0.891447 0.808453 0.006579 0.016187
0 0.442434 0.904676 0.004934 0.014388
0 0.166530 0.100719 0.005757 0.010791
0 0.703947 0.957734 0.006579 0.012590
0 0.266859 0.959532 0.005757 0.016187
0 0.309622 0.913669 0.007401 0.014388
0 0.800576 0.501799 0.007401 0.017986
0 0.884046 0.018885 0.009868 0.016187
