0 0.486842 0.882194 0.009868 0.019784
0 0.694490 0.693345 0.009046 0.019784
0 0.567845 0.150180 0.010691 0.023381
0 0.828125 0.472122 0.008224 0.019784
0 0.552632 0.926259 0.008224 0.021583
0 0.147615 0.986511 0.033717 0.023381
0 0.714638 0.948741 0.013158 0.019784
0 0.574013 0.986511 0.024671 0.019784
0 0.689556 0.776978 0.009046 0.017986
0 0.365543 0.985611 0.037007 0.028777
0 0.481497 0.729317 0.012335 0.023381
0 0.795230 0.867806 0.014803 0.026978
0 0.812500 0.987410 0.021382 0.021583
0 0.463405 0.499101 0.025493 0.059353
0 0.745888 0.837230 0.011513 0.030575
0 0.246299 0.984712 0.028783 0.026978
0 0.451891 0.218525 0.018915 0.055755
0 0.428865 0.403777 0.020559 0.041367
0 0.840872 0.979317 0.028783 0.034173
0 0.588405 0.885791 0.025493 0.048561
0 0.169819 0.855216 0.032072 0.037770
0 0.722862 0.154676 0.019737 0.035971
0 0.076069 0.022482 0.023849 0.044964
0 0.617188 0.017086 0.032072 0.034173
0 0.691201 0.064748 0.017270 0.039568
0 0.361431 0.829137 0.030428 0.082734
0 0.247944 0.455935 0.020559 0.041367
0 0.442434 0.491906 0.024671 0.048561
0 0.740543 0.936151 0.018915 0.055755
0 0.159951 0.605216 0.025493 0.044964
0 0.161184 0.562950 0.036184 0.046763
0 0.488076 0.437050 0.020559 0.057554
0 0.657072 0.649281 0.032895 0.046763
0 0.367599 0.456835 0.029605 0.061151
0 0.456826 0.618705 0.023849 0.050360
0 0.224095 0.764389 0.055099 0.061151
0 0.873766 0.734712 0.035362 0.062950
0 0.524671 0.247302 0.023026 0.037770
0 0.417352 0.755396 0.023849 0.064748
0 0.584293 0.173561 0.032072 0.077338
0 0.668174 0.411871 0.025493 0.061151
0 0.520559 0.828237 0.024671 0.059353
0 0.532484 0.974820 0.048520 0.046763
0 0.314145 0.294964 0.026316 0.053957
0 0.496711 0.821942 0.037829 0.068345
0 0.559622 0.115108 0.043585 0.075540
0 0.294408 0.366007 0.050987 0.113309
0 0.474918 0.214928 0.028783 0.088130
0 0.333470 0.345324 0.033717 0.079137
0 0.601974 0.478417 0.024671 0.050360
0 0.326480 0.926259 0.026316 0.064748
0 0.532895 0.043166 0.023026 0.061151
0 0.376645 0.678058 0.026316 0.053957
0 0.169819 0.029676 0.037007 0.059353
0 0.231497 0.526079 0.030428 0.059353
0 0.638569 0.477518 0.037007 0.066547
0 0.806332 0.030575 0.035362 0.061151
0 0.479441 0.589928 0.024671 0.064748
0 0.724095 0.766187 0.032072 0.068345
0 0.546464 0.434353 0.023849 0.055755
0 0.214638 0.195144 0.037829 0.055755
0 0.462582 0.426259 0.027138 0.043166
0 0.180510 0.753597 0.035362 0.079137
0 0.359375 0.372302 0.027961 0.050360
0 0.207237 0.944245 0.042763 0.071942
0 0.207648 0.392986 0.040296 0.077338
0 0.679276 0.565647 0.057566 0.113309
0 0.653372 0.741906 0.032072 0.084532
0 0.566201 0.245504 0.028783 0.066547
0 0.179276 0.107014 0.032895 0.080935
0 0.091694 0.815647 0.004112 0.008993
0 0.391036 0.209532 0.004112 0.008993
0 0.411595 0.607914 0.004112 0.010791
0 0.487253 0.109712 0.004112 0.010791
0 0.521793 0.714029 0.004112 0.010791
0 0.359375 0.320144 0.004934 0.010791
0 0.255345 0.814748 0.004112 0.010791
0 0.610197 0.830935 0.004934 0.007194
0 0.661595 0.334532 0.004112 0.014389
0 0.413651 0.347122 0.004934 0.014389
0 0.668586 0.080935 0.004934 0.010791
0 0.558799 0.736511 0.004112 0.008993
0 0.760691 0.313849 0.004934 0.008993
0 0.237253 0.272482 0.004112 0.016187
0 0.263158 0.879496 0.004934 0.010791
0 0.549753 0.707734 0.005757 0.008993
0 0.442023 0.362410 0.004112 0.016187
0 0.657072 0.496403 0.006579 0.010791
0 0.166530 0.979317 0.004112 0.016187
0 0.642270 0.372302 0.004934 0.014389
0 0.339638 0.676259 0.004934 0.010791
0 0.571546 0.298561 0.004934 0.014389
0 0.671875 0.829137 0.004934 0.010791
0 0.522204 0.020683 0.006579 0.016187
0 0.627056 0.266187 0.005757 0.017986
0 0.604441 0.782374 0.008224 0.014388
0 0.725329 0.611511 0.009868 0.017986
0 0.713816 0.007194 0.021382 0.014389
