0 0.647204 0.355216 0.008224 0.019784
0 0.377467 0.511691 0.009868 0.019784
0 0.591694 0.212230 0.007401 0.021583
0 0.654194 0.834532 0.009046 0.017986
0 0.681743 0.006295 0.011513 0.012590
0 0.579770 0.072842 0.009868 0.016187
0 0.556332 0.009892 0.020559 0.019784
0 0.250411 0.252698 0.041941 0.095324
0 0.668174 0.183453 0.010691 0.025180
0 0.731908 0.988309 0.021382 0.023381
0 0.703125 0.580036 0.011513 0.023381
0 0.636513 0.477518 0.009868 0.019784
0 0.455592 0.737410 0.011513 0.025180
0 0.085115 0.982914 0.028783 0.026978
0 0.731908 0.810252 0.018092 0.030575
0 0.664474 0.747302 0.013158 0.034173
0 0.840872 0.901079 0.017270 0.028777
0 0.615132 0.010791 0.021382 0.021583
0 0.600329 0.336331 0.026316 0.064748
0 0.228207 0.767086 0.012336 0.030575
0 0.585938 0.260791 0.015625 0.028777
0 0.723684 0.967626 0.018092 0.035971
0 0.273438 0.215827 0.053454 0.093525
0 0.797697 0.170863 0.026316 0.053957
0 0.565378 0.367806 0.033717 0.041367
0 0.457237 0.943345 0.031250 0.041367
0 0.499589 0.723921 0.020559 0.062950
0 0.358553 0.506295 0.023026 0.041367
0 0.280428 0.464029 0.023026 0.050360
0 0.618421 0.179856 0.021382 0.053957
0 0.379934 0.688849 0.032895 0.046763
0 0.436266 0.331835 0.045230 0.084532
0 0.149260 0.643885 0.032072 0.053957
0 0.607730 0.872302 0.023026 0.050360
0 0.498766 0.025180 0.023849 0.046763
0 0.148438 0.178058 0.025493 0.046763
0 0.618010 0.974820 0.032072 0.046763
0 0.455181 0.272482 0.023849 0.062950
0 0.377467 0.782374 0.042763 0.068345
0 0.409539 0.871403 0.024671 0.052158
0 0.780428 0.064748 0.031250 0.050360
0 0.526727 0.491906 0.025493 0.062950
0 0.480674 0.302158 0.027138 0.043166
0 0.515214 0.112410 0.033717 0.052158
0 0.092105 0.313849 0.034540 0.052158
0 0.768503 0.474820 0.022204 0.061151
0 0.854441 0.139388 0.023026 0.048561
0 0.233553 0.526978 0.036184 0.064748
0 0.557155 0.794065 0.025493 0.062950
0 0.444490 0.820144 0.023849 0.064748
0 0.511924 0.210432 0.032072 0.064748
0 0.392681 0.919065 0.033717 0.053957
0 0.412418 0.782374 0.037007 0.061151
0 0.589227 0.142986 0.040296 0.062950
0 0.259046 0.570144 0.027960 0.064748
0 0.338405 0.123201 0.022204 0.055755
0 0.553865 0.414568 0.030428 0.055755
0 0.251234 0.902878 0.033717 0.050360
0 0.421464 0.089029 0.048520 0.109712
0 0.554276 0.498201 0.029605 0.061151
0 0.252878 0.659173 0.023849 0.062950
0 0.331003 0.454137 0.028783 0.070144
0 0.393503 0.604317 0.045230 0.068345
0 0.644326 0.688849 0.025493 0.053957
0 0.210526 0.644784 0.027960 0.052158
0 0.291941 0.411871 0.029605 0.068345
0 0.361842 0.155576 0.024671 0.044964
0 0.474095 0.887590 0.035362 0.070144
0 0.199013 0.434353 0.032895 0.062950
0 0.332237 0.283273 0.026316 0.055755
0 0.405016 0.160971 0.038651 0.077338
0 0.645559 0.303957 0.041118 0.082734
0 0.421464 0.505396 0.037007 0.093525
0 0.458882 0.081835 0.031250 0.059352
0 0.713405 0.522482 0.043585 0.077338
0 0.569901 0.219424 0.036184 0.075540
0 0.735609 0.218525 0.004112 0.008993
0 0.722451 0.262590 0.004112 0.010791
0 0.418586 0.946942 0.003289 0.008993
0 0.498355 0.542266 0.003289 0.008993
0 0.548931 0.883094 0.004112 0.007194
0 0.570724 0.826439 0.004934 0.008993
0 0.167352 0.167266 0.004112 0.010791
0 0.756990 0.432554 0.004112 0.008993
0 0.220395 0.389389 0.006579 0.016187
0 0.688734 0.544964 0.005757 0.010791
0 0.601562 0.662770 0.004112 0.008993
0 0.439145 0.692446 0.004934 0.007194
0 0.604030 0.714029 0.004112 0.014388
0 0.564145 0.442446 0.004934 0.014389
0 0.654194 0.656475 0.004112 0.010791
0 0.577303 0.858813 0.004934 0.008993
0 0.777549 0.857914 0.004112 0.010791
0 0.622122 0.049460 0.004112 0.008993
0 0.445312 0.596223 0.005757 0.008993
0 0.670230 0.216727 0.006579 0.023381
0 0.729852 0.044065 0.004112 0.012590
0 0.613487 0.812950 0.006579 0.010791
0 0.434622 0.469424 0.007401 0.014388
0 0.238076 0.332734 0.004112 0.010791
0 0.489309 0.560252 0.004934 0.012590
0 0.512747 0.059353 0.005757 0.010791
0 0.803454 0.867806 0.004934 0.008993
0 0.506168 0.660971 0.004112 0.012590
0 0.624589 0.628597 0.007401 0.019784
0 0.513569 0.021583 0.005757 0.017986
0 0.380757 0.019784 0.004934 0.014389
0 0.366365 0.559353 0.005757 0.017986
0 0.622122 0.682554 0.005757 0.012590
0 0.363487 0.458633 0.006579 0.014388
0 0.635691 0.912770 0.004934 0.012590
0 0.414062 0.435252 0.005757 0.017986
0 0.350740 0.794964 0.010691 0.017986
0 0.375000 0.066547 0.006579 0.021583
0 0.658306 0.100719 0.009046 0.014388
0 0.401316 0.239209 0.006579 0.017986
0 0.567023 0.024281 0.009046 0.016187
