0 0.717105 0.760791 0.008224 0.021583
0 0.236020 0.359712 0.008224 0.014389
0 0.444901 0.875899 0.006579 0.017986
0 0.207648 0.282374 0.010691 0.017986
0 0.525493 0.502698 0.011513 0.019784
0 0.451069 0.928957 0.018915 0.037770
0 0.310444 0.987410 0.020559 0.017986
0 0.642681 0.354317 0.010691 0.021583
0 0.594984 0.008094 0.018915 0.016187
0 0.691201 0.990108 0.017270 0.016187
0 0.758635 0.358813 0.010691 0.026978
0 0.458059 0.910971 0.018092 0.048561
0 0.610197 0.673561 0.013158 0.023381
0 0.745888 0.451439 0.014803 0.050360
0 0.424753 0.913669 0.018914 0.061151
0 0.437500 0.968525 0.023026 0.048561
0 0.187500 0.692446 0.062500 0.111511
0 0.480674 0.163669 0.025493 0.050360
0 0.310855 0.362410 0.018092 0.041367
0 0.163240 0.710432 0.027138 0.050360
0 0.326891 0.758094 0.023849 0.062950
0 0.709704 0.706835 0.029605 0.043166
0 0.640625 0.279676 0.021382 0.041367
0 0.812500 0.044065 0.042763 0.070144
0 0.515214 0.661870 0.028783 0.053957
0 0.356086 0.177158 0.029605 0.048561
0 0.307566 0.286871 0.026316 0.041367
0 0.537829 0.473022 0.031250 0.057554
0 0.634457 0.787770 0.022204 0.068345
0 0.722862 0.053957 0.023026 0.050360
0 0.615132 0.284173 0.031250 0.053957
0 0.703125 0.026079 0.034540 0.052158
0 0.586760 0.172662 0.051809 0.100719
0 0.541941 0.258094 0.027960 0.052158
0 0.177220 0.320144 0.022204 0.053957
0 0.126234 0.302158 0.038651 0.068345
0 0.342516 0.775180 0.027138 0.086331
0 0.849918 0.325540 0.038651 0.064748
0 0.480263 0.804856 0.024671 0.048561
0 0.384046 0.591727 0.032895 0.071942
0 0.385691 0.262590 0.023026 0.050360
0 0.711760 0.193345 0.030428 0.048561
0 0.568257 0.683453 0.029605 0.061151
0 0.613487 0.916367 0.026316 0.059352
0 0.717105 0.256295 0.031250 0.055755
0 0.342105 0.544964 0.026316 0.057554
0 0.379112 0.686151 0.044408 0.080935
0 0.251234 0.069245 0.023849 0.048561
0 0.733964 0.215827 0.023849 0.057554
0 0.602796 0.334532 0.029605 0.071942
0 0.106497 0.973921 0.050164 0.048561
0 0.765214 0.301259 0.027138 0.059352
0 0.307566 0.828237 0.031250 0.062950
0 0.753701 0.136691 0.025493 0.053957
0 0.655016 0.834532 0.023849 0.079137
0 0.104030 0.607014 0.038651 0.095324
0 0.241365 0.405576 0.045230 0.091727
0 0.521382 0.369604 0.024671 0.070144
0 0.469161 0.748201 0.030428 0.061151
0 0.839227 0.891187 0.048520 0.073741
0 0.720806 0.468525 0.041941 0.098921
0 0.335526 0.847122 0.026316 0.057554
0 0.636102 0.071043 0.025493 0.052158
0 0.680099 0.785971 0.044408 0.097122
0 0.364720 0.422662 0.037007 0.086331
0 0.313734 0.464928 0.046875 0.098921
0 0.481497 0.877698 0.037007 0.097122
0 0.220806 0.873201 0.045230 0.109712
0 0.564556 0.492806 0.004112 0.010791
0 0.792352 0.754496 0.004112 0.008993
0 0.634457 0.551259 0.004112 0.008993
0 0.773849 0.184353 0.004934 0.008993
0 0.196135 0.158273 0.005757 0.010791
0 0.354441 0.336331 0.004934 0.007194
0 0.828536 0.704137 0.004112 0.008993
0 0.426398 0.766187 0.004112 0.007194
0 0.553043 0.005396 0.005757 0.010791
0 0.399260 0.095324 0.004112 0.010791
0 0.666530 0.888489 0.004112 0.010791
0 0.745477 0.910971 0.004112 0.008993
0 0.277549 0.747302 0.004112 0.008993
0 0.686678 0.169065 0.004934 0.014388
0 0.756168 0.440647 0.005757 0.010791
0 0.717105 0.367806 0.003289 0.008993
0 0.250822 0.622302 0.004934 0.010791
0 0.348684 0.485611 0.004934 0.010791
0 0.772615 0.664568 0.004112 0.008993
0 0.875411 0.172662 0.005757 0.010791
0 0.686266 0.614209 0.004112 0.012590
0 0.453125 0.189748 0.004934 0.012590
0 0.460115 0.891187 0.009046 0.019784
0 0.453536 0.728417 0.005757 0.010791
0 0.553043 0.103417 0.004112 0.012590
0 0.488898 0.299460 0.004112 0.012590
0 0.856086 0.839029 0.004934 0.008993
0 0.275905 0.877698 0.004112 0.010791
0 0.294819 0.517986 0.004112 0.010791
0 0.657895 0.339928 0.004934 0.010791
0 0.509457 0.951439 0.004112 0.010791
0 0.633224 0.712230 0.006579 0.014388
0 0.755345 0.103417 0.005757 0.016187
0 0.857730 0.482914 0.004934 0.012590
0 0.516447 0.531475 0.004934 0.012590
0 0.212171 0.214029 0.008224 0.010791
0 0.614720 0.519784 0.007401 0.017986
0 0.652138 0.678058 0.004934 0.010791
0 0.189556 0.584532 0.005757 0.014388
0 0.423931 0.949640 0.007401 0.014388
0 0.342516 0.014389 0.007401 0.010791
0 0.716694 0.838130 0.004112 0.010791
0 0.385691 0.970324 0.003289 0.012590
0 0.429688 0.494604 0.005757 0.010791
0 0.485197 0.450540 0.004934 0.012590
0 0.432155 0.823741 0.005757 0.010791
0 0.655016 0.184353 0.005757 0.012590
0 0.603207 0.754496 0.005757 0.012590
0 0.787418 0.313849 0.005757 0.016187
0 0.473273 0.305755 0.005757 0.017986
0 0.671053 0.714928 0.006579 0.012590
0 0.493421 0.699640 0.004934 0.010791
0 0.517681 0.566547 0.007401 0.014388
0 0.550576 0.988309 0.004112 0.016187
0 0.392681 0.012590 0.005757 0.014389
0 0.485197 0.125000 0.004934 0.016187
0 0.405839 0.067446 0.007401 0.012590
0 0.387336 0.901978 0.004934 0.012590
0 0.223273 0.541367 0.005757 0.017986
0 0.379523 0.156475 0.004112 0.021583
0 0.456414 0.693345 0.011513 0.016187
0 0.678043 0.006295 0.018915 0.012590
0 0.585115 0.456835 0.007401 0.017986
0 0.303865 0.937050 0.005757 0.014388
0 0.715872 0.142986 0.007401 0.016187
