0 0.464638 0.256295 0.006579 0.019784
0 0.581003 0.685252 0.007401 0.021583
0 0.734786 0.257194 0.009046 0.021583
0 0.593339 0.016187 0.013980 0.028777
0 0.955592 0.667266 0.009868 0.046763
0 0.582237 0.253597 0.009868 0.021583
0 0.410773 0.441547 0.012336 0.019784
0 0.828947 0.649281 0.011513 0.017986
0 0.364720 0.947842 0.010691 0.021583
0 0.674753 0.161871 0.017270 0.021583
0 0.351562 0.611511 0.012336 0.028777
0 0.645559 0.154676 0.011513 0.028777
0 0.433388 0.923561 0.013158 0.023381
0 0.584704 0.621403 0.014803 0.030575
0 0.582237 0.015288 0.014803 0.030575
0 0.554276 0.042266 0.014803 0.052158
0 0.776316 0.771583 0.026316 0.071942
0 0.513569 0.017086 0.051809 0.034173
0 0.216283 0.980216 0.032895 0.032374
0 0.781250 0.879496 0.044408 0.050360
0 0.753289 0.116007 0.031250 0.048561
0 0.197368 0.027878 0.041118 0.055755
0 0.528372 0.500899 0.022204 0.052158
0 0.644737 0.366007 0.018092 0.052158
0 0.386513 0.809353 0.023026 0.071942
0 0.341283 0.667266 0.023026 0.046763
0 0.827714 0.703237 0.038651 0.053957
0 0.439967 0.416367 0.029605 0.080935
0 0.660773 0.758094 0.037007 0.066547
0 0.719984 0.205036 0.022204 0.046763
0 0.383224 0.561151 0.027960 0.071942
0 0.478207 0.061151 0.032072 0.061151
0 0.368832 0.369604 0.027138 0.059352
0 0.905016 0.889389 0.027138 0.062950
0 0.923931 0.664568 0.060033 0.077338
0 0.681743 0.312050 0.039474 0.055755
0 0.267681 0.567446 0.033717 0.066547
0 0.704359 0.250000 0.025493 0.050360
0 0.465049 0.705935 0.045230 0.070144
0 0.557977 0.818345 0.023849 0.057554
0 0.569079 0.742806 0.027960 0.050360
0 0.787829 0.035072 0.059210 0.070144
0 0.349918 0.447842 0.040296 0.075540
0 0.526727 0.108813 0.038651 0.070144
0 0.227796 0.651978 0.047697 0.106115
0 0.593750 0.416367 0.029605 0.059352
0 0.606908 0.927158 0.032895 0.066547
0 0.160362 0.587230 0.037829 0.077338
0 0.643503 0.205036 0.028783 0.071942
0 0.879934 0.223921 0.044408 0.073741
0 0.863487 0.153777 0.042763 0.077338
0 0.719984 0.331835 0.023849 0.044964
0 0.416118 0.722122 0.023026 0.073741
0 0.398438 0.408273 0.046875 0.079137
0 0.219572 0.483813 0.034539 0.061151
0 0.804688 0.741906 0.022204 0.048561
0 0.421053 0.104317 0.039474 0.143885
0 0.453536 0.819245 0.028783 0.070144
0 0.553865 0.348921 0.027138 0.071942
0 0.680099 0.914568 0.037829 0.088129
0 0.653372 0.843525 0.045230 0.093525
0 0.603207 0.819245 0.038651 0.109712
0 0.269737 0.202338 0.052632 0.113309
0 0.284539 0.314748 0.057566 0.104317
0 0.457648 0.104317 0.030428 0.082734
0 0.341283 0.102518 0.032895 0.089928
0 0.243421 0.089928 0.044408 0.093525
0 0.593750 0.067446 0.003289 0.008993
0 0.764391 0.638489 0.004112 0.010791
0 0.308799 0.568345 0.005757 0.010791
0 0.384457 0.069245 0.004112 0.008993
0 0.716694 0.373201 0.004112 0.008993
0 0.642270 0.638489 0.003289 0.010791
0 0.163651 0.858813 0.003289 0.008993
0 0.578536 0.946942 0.004112 0.012590
0 0.888569 0.093525 0.005757 0.032374
0 0.257812 0.723921 0.004112 0.008993
0 0.194490 0.810252 0.005757 0.008993
0 0.845395 0.091727 0.004934 0.007194
0 0.830592 0.361511 0.006579 0.010791
0 0.643914 0.037770 0.004934 0.007194
0 0.281661 0.080036 0.004112 0.012590
0 0.518503 0.830036 0.004112 0.012590
0 0.705592 0.556655 0.006579 0.012590
0 0.477385 0.011691 0.005757 0.008993
0 0.516036 0.762590 0.004112 0.010791
0 0.822368 0.080935 0.004934 0.010791
0 0.624589 0.729317 0.004112 0.012590
0 0.467928 0.555755 0.004934 0.014388
0 0.504934 0.611511 0.004934 0.010791
0 0.439145 0.597122 0.006579 0.010791
0 0.586760 0.716727 0.005757 0.012590
0 0.386924 0.011691 0.005757 0.016187
0 0.512336 0.154676 0.004934 0.014388
0 0.546875 0.454137 0.004934 0.019784
0 0.715049 0.033273 0.005757 0.012590
0 0.352796 0.361511 0.006579 0.017986
0 0.398026 0.557554 0.006579 0.021583
0 0.413240 0.272482 0.005757 0.016187
0 0.694901 0.181655 0.006579 0.014388
0 0.515214 0.944245 0.007401 0.014388
