0 0.396793 0.085432 0.009046 0.019784
0 0.212582 0.641187 0.007401 0.016187
0 0.478618 0.327338 0.008224 0.017986
0 0.643503 0.028777 0.009046 0.017986
0 0.305510 0.301259 0.007401 0.016187
0 0.602385 0.107014 0.007401 0.016187
0 0.642681 0.685252 0.007401 0.021583
0 0.628289 0.079137 0.008224 0.017986
0 0.703947 0.986511 0.034540 0.023381
0 0.539885 0.462230 0.012335 0.021583
0 0.162829 0.013489 0.055921 0.026978
0 0.675576 0.309353 0.025493 0.061151
0 0.696135 0.312050 0.012335 0.026978
0 0.450247 0.013489 0.020559 0.026978
0 0.342105 0.433453 0.016447 0.032374
0 0.674342 0.797662 0.026316 0.059353
0 0.550164 0.569245 0.016447 0.037770
0 0.460526 0.197842 0.021382 0.057554
0 0.575658 0.251799 0.023026 0.039568
0 0.390625 0.827338 0.024671 0.039568
0 0.632401 0.286871 0.014803 0.030575
0 0.552220 0.705036 0.013980 0.039568
0 0.401316 0.524281 0.050987 0.116906
0 0.289474 0.545863 0.023026 0.052158
0 0.633635 0.964029 0.037007 0.068345
0 0.698191 0.127698 0.026316 0.032374
0 0.076069 0.228417 0.028783 0.071942
0 0.214227 0.015288 0.023849 0.030575
0 0.260280 0.032374 0.030428 0.046763
0 0.181743 0.489209 0.029605 0.064748
0 0.148438 0.631295 0.037007 0.057554
0 0.512747 0.315647 0.022204 0.062950
0 0.523026 0.732914 0.019737 0.037770
0 0.256990 0.667266 0.017270 0.050360
0 0.247533 0.554856 0.024671 0.066547
0 0.141036 0.921763 0.033717 0.041367
0 0.837993 0.311151 0.029605 0.061151
0 0.665707 0.100719 0.030428 0.043166
0 0.862664 0.943345 0.029605 0.062950
0 0.358964 0.251799 0.033717 0.053957
0 0.349507 0.301259 0.036184 0.055755
0 0.203536 0.283273 0.025493 0.048561
0 0.154194 0.163669 0.035362 0.068345
0 0.278783 0.496403 0.059211 0.107914
0 0.159539 0.818345 0.027960 0.068345
0 0.434211 0.882194 0.034539 0.070144
0 0.110609 0.846223 0.066612 0.080935
0 0.792352 0.375000 0.048520 0.059352
0 0.185444 0.652878 0.025493 0.046763
0 0.611020 0.867806 0.027960 0.055755
0 0.550576 0.977518 0.027138 0.041367
0 0.216694 0.576439 0.027138 0.055755
0 0.495066 0.232914 0.046053 0.149281
0 0.383635 0.149281 0.037007 0.061151
0 0.575658 0.701439 0.034540 0.068345
0 0.910362 0.535971 0.042763 0.061151
0 0.223273 0.726619 0.030428 0.057554
0 0.541118 0.295863 0.042763 0.070144
0 0.677632 0.043166 0.026316 0.053957
0 0.583059 0.795863 0.032895 0.066547
0 0.498355 0.130396 0.027960 0.052158
0 0.597862 0.163669 0.024671 0.043165
0 0.727796 0.489209 0.026316 0.079137
0 0.227796 0.438849 0.031250 0.053957
0 0.150905 0.480216 0.037007 0.093525
0 0.301809 0.843525 0.029605 0.053957
0 0.401727 0.795863 0.025493 0.059353
0 0.522615 0.561151 0.022204 0.061151
0 0.453125 0.348921 0.031250 0.079137
0 0.557566 0.859712 0.044408 0.086331
0 0.580181 0.376799 0.066612 0.120504
0 0.363898 0.771583 0.004112 0.010791
0 0.176809 0.994604 0.004934 0.007194
0 0.880345 0.915468 0.004112 0.010791
0 0.654194 0.742806 0.004112 0.010791
0 0.333882 0.287770 0.006579 0.032374
0 0.235609 0.341727 0.004112 0.014389
0 0.470806 0.589928 0.004112 0.010791
0 0.630345 0.617806 0.004112 0.012590
0 0.300576 0.085432 0.004112 0.012590
0 0.723684 0.357014 0.004934 0.012590
0 0.559622 0.782374 0.004112 0.010791
0 0.719161 0.327338 0.004112 0.010791
0 0.489720 0.775180 0.004112 0.010791
0 0.608964 0.301259 0.004112 0.012590
0 0.636513 0.765288 0.003289 0.008993
0 0.491776 0.061151 0.003289 0.010791
0 0.621711 0.173561 0.003289 0.012590
0 0.273026 0.669065 0.003289 0.010791
0 0.613487 0.974820 0.006579 0.014388
0 0.659951 0.340827 0.004112 0.008993
0 0.229852 0.831835 0.004112 0.016187
0 0.842105 0.851619 0.003289 0.008993
0 0.602385 0.930755 0.004112 0.008993
0 0.499178 0.498201 0.004934 0.010791
0 0.555099 0.194245 0.003289 0.010791
0 0.771793 0.891187 0.004112 0.008993
0 0.342105 0.641187 0.004934 0.012590
0 0.735197 0.535971 0.004934 0.014388
0 0.106086 0.008094 0.004934 0.012590
0 0.505345 0.711331 0.004112 0.008993
0 0.454770 0.811151 0.004934 0.010791
0 0.487253 0.540468 0.007401 0.016187
0 0.244243 0.003597 0.009868 0.007194
0 0.447780 0.784173 0.004112 0.010791
0 0.389803 0.871403 0.004934 0.012590
0 0.409539 0.276978 0.006579 0.010791
0 0.648026 0.297662 0.004934 0.008993
0 0.507401 0.526978 0.003289 0.014388
0 0.619655 0.338129 0.009046 0.010791
0 0.122944 0.028777 0.005757 0.032374
0 0.416118 0.580935 0.004934 0.014388
0 0.681743 0.669964 0.004934 0.012590
0 0.430510 0.499101 0.005757 0.016187
0 0.428454 0.803957 0.004934 0.010791
0 0.595806 0.125000 0.005757 0.016187
0 0.647204 0.127698 0.004934 0.010791
0 0.151727 0.993705 0.012335 0.008993
0 0.518914 0.159173 0.011513 0.019784
0 0.782484 0.773381 0.004112 0.014388
0 0.401727 0.917266 0.009046 0.010791
0 0.444079 0.832734 0.004934 0.010791
0 0.287007 0.652878 0.006579 0.010791
0 0.696957 0.416367 0.005757 0.012590
0 0.379112 0.678957 0.006579 0.012590
0 0.521793 0.816547 0.005757 0.010791
0 0.372944 0.850719 0.005757 0.014388
0 0.563734 0.616906 0.007401 0.010791
0 0.366776 0.944245 0.006579 0.014388
0 0.556743 0.536870 0.006579 0.016187
0 0.433799 0.705935 0.007401 0.019784
0 0.198191 0.933453 0.008224 0.017986
