0 0.724918 0.612410 0.009046 0.019784
0 0.386513 0.579137 0.011513 0.017986
0 0.661595 0.702338 0.009046 0.023381
0 0.473684 0.009892 0.027960 0.019784
0 0.257812 0.157374 0.007401 0.023381
0 0.628289 0.262590 0.008224 0.028777
0 0.648026 0.827338 0.011513 0.021583
0 0.722039 0.113309 0.008224 0.021583
0 0.731086 0.033273 0.016447 0.019784
0 0.919819 0.669065 0.012336 0.017986
0 0.426809 0.294964 0.031250 0.064748
0 0.786184 0.955036 0.013158 0.017986
0 0.758635 0.512590 0.015625 0.017986
0 0.887747 0.984712 0.028783 0.026978
0 0.833059 0.982914 0.013158 0.034173
0 0.476974 0.987410 0.019737 0.025180
0 0.665707 0.333633 0.010691 0.034173
0 0.896382 0.722122 0.011513 0.030575
0 0.520148 0.435252 0.017270 0.039568
0 0.567023 0.983813 0.030428 0.028777
0 0.722039 0.167266 0.034540 0.053957
0 0.817434 0.158273 0.026316 0.035971
0 0.701891 0.478417 0.050165 0.079137
0 0.732319 0.140288 0.023849 0.046763
0 0.590049 0.298561 0.025493 0.039568
0 0.560033 0.269784 0.018092 0.032374
0 0.775082 0.080036 0.027138 0.055755
0 0.793997 0.129496 0.030428 0.039568
0 0.847039 0.665468 0.026316 0.043166
0 0.424342 0.558453 0.041118 0.088129
0 0.310444 0.638489 0.025493 0.050360
0 0.333059 0.602518 0.024671 0.035971
0 0.775082 0.769784 0.028783 0.086331
0 0.347862 0.196942 0.024671 0.059353
0 0.075658 0.027878 0.029605 0.055755
0 0.299342 0.753597 0.026316 0.057554
0 0.741776 0.647482 0.026316 0.050360
0 0.652549 0.907374 0.028783 0.059353
0 0.440378 0.320144 0.028783 0.050360
0 0.349095 0.074640 0.023849 0.062950
0 0.163651 0.233813 0.041118 0.061151
0 0.312500 0.575540 0.032895 0.053957
0 0.429276 0.437050 0.031250 0.053957
0 0.365132 0.154676 0.027960 0.053957
0 0.884046 0.047662 0.026316 0.055755
0 0.688322 0.134892 0.023026 0.039568
0 0.757812 0.025180 0.022204 0.046763
0 0.745066 0.348921 0.032895 0.053957
0 0.690789 0.660971 0.021382 0.052158
0 0.441201 0.717626 0.033717 0.064748
0 0.628701 0.966727 0.033717 0.062950
0 0.254523 0.896583 0.040296 0.066547
0 0.740954 0.259892 0.021382 0.044964
0 0.164062 0.339928 0.033717 0.082734
0 0.612253 0.894784 0.033717 0.062950
0 0.196957 0.854317 0.041941 0.082734
0 0.797286 0.053957 0.040296 0.079137
0 0.676809 0.572842 0.023026 0.073741
0 0.200247 0.712230 0.040296 0.068345
0 0.224918 0.280576 0.060033 0.089928
0 0.272204 0.262590 0.027960 0.107914
0 0.838816 0.032374 0.041118 0.064748
0 0.726974 0.829137 0.046053 0.122302
0 0.497122 0.632194 0.037007 0.073741
0 0.116365 0.161871 0.028783 0.068345
0 0.648026 0.672662 0.029605 0.050360
0 0.578947 0.719424 0.037829 0.082734
0 0.459293 0.610611 0.027138 0.077338
0 0.773849 0.563849 0.036184 0.070144
0 0.317845 0.463129 0.032072 0.062950
0 0.819490 0.099820 0.033717 0.088129
0 0.517681 0.803058 0.027138 0.070144
0 0.808799 0.274281 0.027138 0.055755
0 0.752467 0.070144 0.027960 0.050360
0 0.412007 0.264389 0.032895 0.104317
0 0.543997 0.447842 0.032072 0.068345
0 0.598273 0.961331 0.002467 0.008993
0 0.342516 0.385791 0.004112 0.012590
0 0.522615 0.707734 0.004112 0.008993
0 0.615543 0.193345 0.004112 0.012590
0 0.692845 0.396583 0.004112 0.012590
0 0.685033 0.205935 0.003289 0.008993
0 0.449013 0.925360 0.003289 0.008993
0 0.267270 0.989209 0.004934 0.014388
0 0.334293 0.927158 0.004112 0.008993
0 0.526316 0.906475 0.003289 0.010791
0 0.310855 0.328237 0.004934 0.016187
0 0.811266 0.774281 0.004112 0.012590
0 0.332237 0.676259 0.003289 0.010791
0 0.453947 0.139388 0.004934 0.012590
0 0.429688 0.805755 0.004112 0.010791
0 0.553454 0.334532 0.006579 0.010791
0 0.783306 0.628597 0.004112 0.012590
0 0.505757 0.055755 0.004934 0.010791
0 0.443257 0.039568 0.004934 0.010791
0 0.849507 0.950540 0.008224 0.012590
0 0.390214 0.795863 0.005757 0.012590
0 0.498355 0.326439 0.004934 0.016187
0 0.286184 0.696942 0.004934 0.012590
0 0.573602 0.512590 0.009046 0.014388
0 0.686266 0.990108 0.010691 0.016187
0 0.729441 0.964928 0.009868 0.012590
0 0.652961 0.009892 0.011513 0.019784
