0 0.679276 0.990108 0.008224 0.016187
0 0.635280 0.644784 0.009046 0.016187
0 0.550576 0.062950 0.010691 0.017986
0 0.583470 0.472122 0.010691 0.019784
0 0.331414 0.008094 0.018092 0.016187
0 0.515625 0.008993 0.021382 0.017986
0 0.660362 0.422662 0.009868 0.021583
0 0.676809 0.757194 0.013158 0.025180
0 0.664474 0.763489 0.011513 0.026978
0 0.497533 0.254496 0.009868 0.030575
0 0.853207 0.983813 0.038651 0.028777
0 0.282484 0.807554 0.017270 0.032374
0 0.349095 0.831835 0.017270 0.037770
0 0.303043 0.410971 0.015625 0.026978
0 0.884868 0.173561 0.034539 0.044964
0 0.310855 0.692446 0.024671 0.057554
0 0.564967 0.280576 0.016447 0.035971
0 0.692434 0.250899 0.016447 0.030575
0 0.053454 0.103417 0.023026 0.073741
0 0.425987 0.338129 0.026316 0.050360
0 0.787007 0.441547 0.024671 0.052158
0 0.316612 0.591727 0.023026 0.035971
0 0.101562 0.176259 0.035362 0.071942
0 0.227385 0.981115 0.030428 0.034173
0 0.436266 0.879496 0.045230 0.093525
0 0.699424 0.773381 0.033717 0.053957
0 0.101151 0.848921 0.049342 0.061151
0 0.459704 0.829137 0.031250 0.061151
0 0.220395 0.721223 0.023026 0.089928
0 0.319490 0.979317 0.025493 0.041367
0 0.511102 0.875000 0.027138 0.041367
0 0.492599 0.036871 0.032895 0.055755
0 0.728618 0.869604 0.027960 0.044964
0 0.101151 0.476619 0.023026 0.046763
0 0.243421 0.751799 0.029605 0.050360
0 0.348684 0.024281 0.024671 0.048561
0 0.603618 0.101619 0.026316 0.055755
0 0.548109 0.749101 0.030428 0.052158
0 0.599918 0.216727 0.025493 0.055755
0 0.654605 0.948741 0.029605 0.052158
0 0.815789 0.174460 0.037829 0.053957
0 0.592516 0.395683 0.028783 0.053957
0 0.315378 0.537770 0.038651 0.061151
0 0.178043 0.448741 0.020559 0.044964
0 0.668997 0.525180 0.027138 0.050360
0 0.213405 0.507194 0.037007 0.064748
0 0.889803 0.422662 0.042763 0.057554
0 0.538651 0.598022 0.024671 0.048561
0 0.592928 0.036871 0.026316 0.062950
0 0.513569 0.703237 0.025493 0.053957
0 0.735609 0.437950 0.023849 0.052158
0 0.198602 0.794065 0.061678 0.134892
0 0.821546 0.773381 0.024671 0.057554
0 0.085526 0.103417 0.046053 0.091727
0 0.386924 0.929856 0.022204 0.050360
0 0.716283 0.961331 0.026316 0.062950
0 0.242188 0.434353 0.035362 0.062950
0 0.659539 0.869604 0.026316 0.055755
0 0.671053 0.708633 0.023026 0.064748
0 0.740543 0.042266 0.023849 0.073741
0 0.539885 0.187950 0.023849 0.048561
0 0.336760 0.131295 0.027138 0.057554
0 0.372944 0.786870 0.032072 0.048561
0 0.433799 0.121403 0.025493 0.070144
0 0.283717 0.707734 0.026316 0.052158
0 0.653372 0.473022 0.033717 0.079137
0 0.515625 0.790468 0.024671 0.048561
0 0.599918 0.164568 0.027138 0.059353
0 0.266036 0.785971 0.028783 0.064748
0 0.077303 0.394784 0.029605 0.055755
0 0.752056 0.975719 0.028783 0.041367
0 0.328947 0.485611 0.031250 0.053957
0 0.819901 0.857914 0.032895 0.053957
0 0.639391 0.357014 0.030428 0.070144
0 0.532895 0.817446 0.021382 0.052158
0 0.469572 0.912770 0.032895 0.062950
0 0.645559 0.164568 0.036184 0.059353
0 0.076891 0.187050 0.033717 0.082734
0 0.190378 0.367806 0.028783 0.052158
0 0.442845 0.413669 0.030428 0.089928
0 0.400082 0.235612 0.033717 0.086331
0 0.699013 0.291367 0.032895 0.046763
0 0.367188 0.186151 0.040296 0.091727
0 0.133635 0.285971 0.056743 0.125899
0 0.757812 0.898381 0.048520 0.120504
0 0.291941 0.602518 0.003289 0.007194
0 0.629934 0.532374 0.003289 0.010791
0 0.699836 0.673561 0.003289 0.008993
0 0.466694 0.518885 0.004112 0.008993
0 0.610609 0.887590 0.004112 0.008993
0 0.206003 0.866007 0.012335 0.019784
0 0.485609 0.303957 0.004112 0.010791
0 0.698191 0.036870 0.003289 0.008993
0 0.177632 0.317446 0.003289 0.008993
0 0.812089 0.680755 0.004112 0.008993
0 0.208059 0.197842 0.004934 0.014388
0 0.193257 0.873201 0.006579 0.019784
0 0.622533 0.775180 0.004934 0.010791
0 0.271382 0.632194 0.004934 0.008993
0 0.423520 0.027878 0.003289 0.008993
0 0.541530 0.994604 0.004112 0.007194
0 0.581414 0.947842 0.004934 0.010791
0 0.419819 0.782374 0.004112 0.010791
0 0.444901 0.157374 0.004934 0.012590
0 0.909539 0.816547 0.004934 0.010791
0 0.148438 0.143885 0.004112 0.010791
0 0.201480 0.947842 0.003289 0.010791
0 0.230674 0.661870 0.005757 0.010791
0 0.592928 0.341727 0.003289 0.010791
0 0.518914 0.467626 0.006579 0.010791
0 0.620888 0.534173 0.006579 0.010791
0 0.447780 0.732014 0.004112 0.010791
0 0.634868 0.737410 0.004934 0.014388
0 0.620477 0.445144 0.004112 0.012590
0 0.759868 0.566547 0.004934 0.010791
0 0.788240 0.005396 0.005757 0.010791
0 0.648438 0.035072 0.005757 0.012590
0 0.474918 0.170863 0.007401 0.017986
0 0.585938 0.007194 0.004112 0.014389
0 0.620888 0.791367 0.006579 0.010791
0 0.240954 0.941547 0.004934 0.012590
0 0.618010 0.935252 0.005757 0.010791
0 0.752878 0.663669 0.005757 0.010791
0 0.573191 0.404676 0.006579 0.014389
0 0.604030 0.989209 0.004112 0.017986
0 0.849507 0.276978 0.008224 0.014389
0 0.706003 0.176259 0.007401 0.014388
0 0.603618 0.943345 0.006579 0.016187
