0 0.655016 0.086331 0.007401 0.017986
0 0.270970 0.176259 0.007401 0.017986
0 0.852796 0.465827 0.009868 0.021583
0 0.265214 0.350719 0.009046 0.017986
0 0.395559 0.464928 0.011513 0.019784
0 0.620477 0.714029 0.010691 0.021583
0 0.478618 0.680755 0.009868 0.030575
0 0.270559 0.985611 0.029605 0.025180
0 0.057566 0.615108 0.014803 0.061151
0 0.349095 0.639389 0.025493 0.070144
0 0.466694 0.400180 0.015625 0.037770
0 0.384868 0.539568 0.016447 0.028777
0 0.636513 0.064748 0.024671 0.046763
0 0.705181 0.903777 0.013980 0.034173
0 0.373355 0.813849 0.029605 0.037770
0 0.299342 0.040468 0.036184 0.062950
0 0.704770 0.241906 0.024671 0.055755
0 0.547697 0.407374 0.032895 0.055755
0 0.292763 0.159173 0.024671 0.041367
0 0.402961 0.949640 0.024671 0.043165
0 0.858964 0.437050 0.030428 0.046763
0 0.668997 0.285971 0.017270 0.046763
0 0.583059 0.017986 0.023026 0.035971
0 0.704359 0.436151 0.028783 0.062950
0 0.300987 0.246403 0.024671 0.053957
0 0.319901 0.502698 0.037829 0.059353
0 0.077714 0.019784 0.027138 0.039568
0 0.526316 0.758993 0.021382 0.050360
0 0.257812 0.554856 0.022204 0.059353
0 0.679276 0.841727 0.029605 0.061151
0 0.519737 0.025180 0.027960 0.050360
0 0.085115 0.619604 0.053454 0.098921
0 0.820312 0.748201 0.027138 0.050360
0 0.715872 0.871403 0.027138 0.059353
0 0.800164 0.243705 0.034540 0.044964
0 0.786595 0.851619 0.022204 0.052158
0 0.405428 0.854317 0.026316 0.043166
0 0.658306 0.229317 0.030428 0.055755
0 0.525493 0.465827 0.032895 0.064748
0 0.846628 0.159173 0.028783 0.066547
0 0.440789 0.080935 0.026316 0.050360
0 0.656250 0.446043 0.062500 0.089928
0 0.420230 0.975719 0.039474 0.048561
0 0.414062 0.741007 0.025493 0.046763
0 0.716283 0.113309 0.036184 0.061151
0 0.578536 0.354317 0.028783 0.050360
0 0.633635 0.111511 0.025493 0.043165
0 0.420230 0.818345 0.026316 0.053957
0 0.657895 0.875899 0.032895 0.075540
0 0.736431 0.250000 0.038651 0.057554
0 0.282072 0.617806 0.027961 0.077338
0 0.817845 0.287770 0.053454 0.100719
0 0.579770 0.168165 0.023026 0.059353
0 0.621711 0.153777 0.026316 0.044964
0 0.750411 0.048561 0.037007 0.097122
0 0.652961 0.125899 0.024671 0.057554
0 0.202714 0.576439 0.040296 0.095324
0 0.531661 0.860611 0.030428 0.070144
0 0.899260 0.206835 0.030428 0.075540
0 0.832237 0.946942 0.060855 0.091727
0 0.845806 0.764389 0.040296 0.061151
0 0.324013 0.159173 0.039474 0.124101
0 0.430099 0.903777 0.042763 0.091727
0 0.293586 0.555755 0.031250 0.071942
0 0.119655 0.052158 0.045230 0.089928
0 0.150082 0.921763 0.035362 0.088129
0 0.799753 0.164568 0.004112 0.008993
0 0.666530 0.739209 0.004112 0.007194
0 0.616776 0.223022 0.003289 0.010791
0 0.275905 0.911870 0.004112 0.007194
0 0.506168 0.393885 0.004112 0.010791
0 0.566612 0.225719 0.003289 0.008993
0 0.534128 0.420863 0.007401 0.021583
0 0.353207 0.357014 0.004112 0.008993
0 0.706414 0.352518 0.004934 0.010791
0 0.844161 0.111511 0.004112 0.010791
0 0.892270 0.283273 0.003289 0.012590
0 0.516447 0.691547 0.003289 0.012590
0 0.443668 0.986511 0.004112 0.012590
0 0.727796 0.382194 0.004934 0.008993
0 0.731086 0.707734 0.006579 0.012590
0 0.326480 0.235612 0.006579 0.014388
0 0.219984 0.855216 0.004112 0.016187
0 0.578947 0.751799 0.004934 0.010791
0 0.659128 0.776079 0.004112 0.012590
0 0.763158 0.789568 0.004934 0.010791
0 0.242599 0.298561 0.008224 0.014389
0 0.416530 0.690647 0.007401 0.010791
0 0.637336 0.893885 0.004934 0.014388
0 0.564967 0.053058 0.004934 0.012590
0 0.286184 0.008094 0.024671 0.016187
0 0.489309 0.196942 0.006579 0.012590
0 0.536184 0.981115 0.004934 0.012590
0 0.203125 0.704137 0.004934 0.012590
0 0.365954 0.135791 0.008224 0.012590
0 0.323602 0.559353 0.004112 0.017986
0 0.724507 0.728417 0.004934 0.017986
0 0.631990 0.716727 0.007401 0.012590
0 0.729030 0.807554 0.005757 0.014388
0 0.733553 0.095324 0.011513 0.017986
0 0.460115 0.294964 0.007401 0.014389
0 0.569901 0.779676 0.004934 0.019784
0 0.353618 0.875000 0.006579 0.019784
