0 0.316201 0.080036 0.007401 0.019784
0 0.578125 0.551259 0.011513 0.019784
0 0.551809 0.572842 0.008224 0.016187
0 0.444901 0.143885 0.009868 0.021583
0 0.608964 0.428957 0.007401 0.019784
0 0.559622 0.077338 0.010691 0.017986
0 0.475329 0.720324 0.009868 0.026978
0 0.588405 0.111511 0.010691 0.017986
0 0.165296 0.428058 0.009868 0.028777
0 0.408717 0.347122 0.011513 0.017986
0 0.547697 0.802158 0.013158 0.021583
0 0.471217 0.115108 0.009868 0.025180
0 0.502056 0.011691 0.028783 0.023381
0 0.354852 0.948741 0.013980 0.026978
0 0.704770 0.280576 0.016447 0.032374
0 0.432566 0.443345 0.013158 0.030575
0 0.171053 0.726619 0.013158 0.032374
0 0.214638 0.286871 0.014803 0.037770
0 0.311266 0.119604 0.025493 0.055755
0 0.789062 0.984712 0.025493 0.026978
0 0.713405 0.665468 0.022204 0.061151
0 0.746299 0.309353 0.017270 0.043166
0 0.240954 0.015288 0.023026 0.030575
0 0.649260 0.317446 0.025493 0.041367
0 0.486431 0.661870 0.032072 0.068345
0 0.372944 0.437050 0.027138 0.046763
0 0.893092 0.673561 0.032895 0.048561
0 0.671875 0.607914 0.031250 0.061151
0 0.298520 0.490108 0.034539 0.073741
0 0.761513 0.477518 0.036184 0.070144
0 0.769737 0.767986 0.036184 0.050360
0 0.211349 0.140288 0.024671 0.057554
0 0.282072 0.131295 0.019737 0.039568
0 0.898849 0.558453 0.032895 0.062950
0 0.407484 0.392986 0.033717 0.070144
0 0.237664 0.969424 0.057566 0.061151
0 0.860197 0.515288 0.041118 0.059353
0 0.435855 0.329137 0.021382 0.057554
0 0.282484 0.447842 0.022204 0.089928
0 0.319490 0.780576 0.035362 0.064748
0 0.596628 0.322842 0.023849 0.044964
0 0.377467 0.394784 0.027961 0.055755
0 0.230674 0.333633 0.030428 0.055755
0 0.251645 0.868705 0.023026 0.082734
0 0.301398 0.841727 0.027138 0.050360
0 0.318257 0.928058 0.032895 0.064748
0 0.118421 0.630396 0.050987 0.077338
0 0.520970 0.101619 0.030428 0.048561
0 0.352796 0.560252 0.031250 0.059353
0 0.164885 0.173561 0.051809 0.106115
0 0.543586 0.222122 0.052632 0.073741
0 0.287007 0.920863 0.031250 0.064748
0 0.394737 0.303058 0.024671 0.077338
0 0.425164 0.021583 0.029605 0.043165
0 0.297286 0.976619 0.023849 0.046763
0 0.112664 0.394784 0.044408 0.073741
0 0.214638 0.588130 0.026316 0.046763
0 0.733141 0.701439 0.028783 0.079137
0 0.891447 0.417266 0.041118 0.068345
0 0.459704 0.181655 0.026316 0.050360
0 0.473684 0.259892 0.024671 0.059353
0 0.601974 0.669964 0.065790 0.102518
0 0.707237 0.875000 0.039474 0.073741
0 0.767270 0.405576 0.050987 0.080935
0 0.701069 0.022482 0.032072 0.044964
0 0.277549 0.082734 0.027138 0.064748
0 0.888980 0.758993 0.047697 0.093525
0 0.701480 0.216727 0.029605 0.073741
0 0.360609 0.758993 0.028783 0.079137
0 0.789062 0.182554 0.030428 0.048561
0 0.833059 0.946942 0.047697 0.095324
0 0.622122 0.314748 0.027138 0.061151
0 0.228618 0.541367 0.034540 0.097122
0 0.481908 0.873201 0.057566 0.120504
0 0.476151 0.574640 0.003289 0.008993
0 0.745888 0.361511 0.004934 0.010791
0 0.342928 0.352518 0.004934 0.017986
0 0.763569 0.329137 0.004112 0.007194
0 0.462171 0.551259 0.003289 0.008993
0 0.262747 0.215827 0.004112 0.010791
0 0.458059 0.074640 0.004934 0.008993
0 0.647615 0.965827 0.005757 0.007194
0 0.569490 0.578237 0.004112 0.012590
0 0.824013 0.190647 0.003289 0.010791
0 0.735197 0.093525 0.003289 0.010791
0 0.518503 0.605216 0.004112 0.012590
0 0.917352 0.858813 0.004112 0.008993
0 0.518914 0.715827 0.003289 0.010791
0 0.602385 0.118705 0.004112 0.010791
0 0.809211 0.549460 0.004934 0.008993
0 0.512747 0.792266 0.004112 0.012590
0 0.273849 0.209532 0.004934 0.008993
0 0.400082 0.527878 0.004112 0.012590
0 0.575658 0.762590 0.004934 0.010791
0 0.596628 0.594424 0.004112 0.012590
0 0.671464 0.058453 0.004112 0.012590
0 0.421464 0.923561 0.004112 0.012590
0 0.702714 0.484712 0.004112 0.012590
0 0.516859 0.825540 0.005757 0.010791
0 0.669408 0.197842 0.004934 0.010791
0 0.684211 0.301259 0.004934 0.012590
0 0.733964 0.408273 0.004112 0.010791
0 0.230263 0.187950 0.004934 0.012590
0 0.557566 0.847122 0.004934 0.010791
0 0.454770 0.527878 0.006579 0.012590
0 0.600329 0.398381 0.006579 0.008993
0 0.434622 0.893885 0.004112 0.014388
0 0.917763 0.212230 0.004934 0.014388
0 0.631168 0.251799 0.007401 0.010791
0 0.441612 0.736511 0.004934 0.012590
0 0.219984 0.258094 0.005757 0.012590
0 0.460938 0.006295 0.028783 0.012590
0 0.381990 0.551259 0.005757 0.012590
0 0.565789 0.071942 0.008224 0.017986
0 0.664474 0.847122 0.006579 0.010791
0 0.241776 0.290468 0.004934 0.016187
0 0.475740 0.928957 0.007401 0.019784
0 0.527961 0.625899 0.006579 0.014388
0 0.023849 0.902878 0.006579 0.014388
0 0.750822 0.678058 0.006579 0.017986
0 0.355263 0.807554 0.006579 0.010791
0 0.402549 0.112410 0.005757 0.012590
0 0.715461 0.066547 0.004934 0.017986
0 0.625411 0.064748 0.007401 0.014388
0 0.520970 0.141187 0.007401 0.016187
0 0.191612 0.714928 0.006579 0.016187
0 0.704359 0.128597 0.005757 0.019784
0 0.476151 0.532374 0.009868 0.014388
