0 0.428865 0.121403 0.009046 0.023381
0 0.722862 0.552158 0.008224 0.021583
0 0.112253 0.010791 0.020559 0.021583
0 0.505757 0.988309 0.016447 0.023381
0 0.538240 0.771583 0.022204 0.050360
0 0.736020 0.108813 0.014803 0.030575
0 0.611842 0.102518 0.029605 0.111511
0 0.675576 0.535072 0.020559 0.073741
0 0.745888 0.150180 0.021382 0.023381
0 0.593339 0.018885 0.022204 0.037770
0 0.627467 0.395683 0.013158 0.039568
0 0.444079 0.370504 0.018092 0.039568
0 0.486020 0.089029 0.021382 0.044964
0 0.776316 0.745504 0.023026 0.044964
0 0.374589 0.742806 0.038651 0.071942
0 0.601974 0.937950 0.023026 0.041367
0 0.678865 0.050360 0.025493 0.053957
0 0.335938 0.033273 0.028783 0.055755
0 0.736842 0.723921 0.026316 0.055755
0 0.316201 0.578237 0.025493 0.041367
0 0.699013 0.048561 0.018092 0.053957
0 0.743832 0.792266 0.028783 0.059353
0 0.612253 0.023381 0.033717 0.046763
0 0.845806 0.962230 0.037007 0.053957
0 0.328947 0.422662 0.041118 0.068345
0 0.414062 0.785072 0.018915 0.041367
0 0.253701 0.078237 0.030428 0.044964
0 0.635280 0.109712 0.022204 0.061151
0 0.862664 0.918165 0.037829 0.048561
0 0.656661 0.568345 0.032072 0.068345
0 0.843750 0.841727 0.029605 0.046763
0 0.303454 0.023381 0.042763 0.046763
0 0.889803 0.463129 0.037829 0.052158
0 0.797286 0.366906 0.035362 0.068345
0 0.872533 0.348022 0.027961 0.059352
0 0.715049 0.714029 0.038651 0.075540
0 0.181743 0.783273 0.031250 0.052158
0 0.747533 0.597122 0.021382 0.043166
0 0.632401 0.547662 0.019737 0.055755
0 0.757401 0.822842 0.024671 0.055755
0 0.115543 0.761691 0.030428 0.052158
0 0.817845 0.039568 0.028783 0.057554
0 0.680510 0.801259 0.022204 0.059353
0 0.606497 0.550360 0.025493 0.057554
0 0.483553 0.748201 0.019737 0.046763
0 0.809211 0.641187 0.024671 0.044964
0 0.682155 0.321043 0.032072 0.059352
0 0.245888 0.154676 0.042763 0.061151
0 0.210938 0.155576 0.027138 0.062950
0 0.631579 0.915468 0.027960 0.057554
0 0.722039 0.449640 0.027960 0.050360
0 0.342928 0.693345 0.024671 0.044964
0 0.182155 0.395683 0.035362 0.064748
0 0.536184 0.850719 0.026316 0.075540
0 0.844161 0.250000 0.023849 0.043166
0 0.368421 0.901079 0.031250 0.064748
0 0.280428 0.849820 0.041118 0.070144
0 0.418586 0.614209 0.032895 0.066547
0 0.577303 0.843525 0.027960 0.050360
0 0.551398 0.190647 0.045230 0.111511
0 0.312089 0.874101 0.032072 0.050360
0 0.329359 0.766187 0.030428 0.068345
0 0.682977 0.968525 0.048520 0.059353
0 0.657072 0.479317 0.031250 0.091727
0 0.659951 0.286871 0.033717 0.070144
0 0.616776 0.843525 0.024671 0.075540
0 0.578536 0.107914 0.053454 0.129496
0 0.081415 0.647482 0.037829 0.079137
0 0.361020 0.519784 0.034539 0.068345
0 0.554276 0.918165 0.003289 0.008993
0 0.483553 0.850719 0.003289 0.007194
0 0.520148 0.517086 0.004112 0.008993
0 0.687500 0.915468 0.003289 0.010791
0 0.710115 0.755396 0.005757 0.010791
0 0.506168 0.120504 0.004112 0.010791
0 0.918174 0.901079 0.004112 0.010791
0 0.434211 0.838130 0.003289 0.010791
0 0.646382 0.533273 0.008224 0.030575
0 0.885280 0.021583 0.004112 0.010791
0 0.504112 0.779676 0.003289 0.008993
0 0.226562 0.299460 0.004112 0.008993
0 0.209293 0.279676 0.004112 0.008993
0 0.709704 0.872302 0.003289 0.010791
0 0.574424 0.714029 0.004112 0.010791
0 0.560855 0.764389 0.003289 0.007194
0 0.722039 0.571043 0.004934 0.012590
0 0.456414 0.125000 0.004934 0.008993
0 0.168997 0.517086 0.005757 0.008993
0 0.149260 0.875000 0.004112 0.008993
0 0.290707 0.626799 0.004112 0.008993
0 0.504523 0.719424 0.004112 0.010791
0 0.438322 0.762590 0.004934 0.010791
0 0.824013 0.164568 0.004934 0.008993
0 0.259868 0.969424 0.003289 0.010791
0 0.277549 0.775180 0.004112 0.010791
0 0.444490 0.298561 0.005757 0.014389
0 0.789885 0.005396 0.027138 0.010791
0 0.081415 0.018885 0.006579 0.008993
0 0.766036 0.004496 0.010691 0.008993
0 0.340872 0.149281 0.005757 0.010791
0 0.208059 0.679856 0.006579 0.010791
0 0.421464 0.538669 0.007401 0.012590
0 0.395559 0.421763 0.006579 0.019784
0 0.745066 0.196043 0.008224 0.017986
