0 0.366776 0.007194 0.019737 0.014389
0 0.586760 0.167266 0.007401 0.021583
0 0.735197 0.988309 0.008224 0.019784
0 0.521793 0.246403 0.007401 0.017986
0 0.465049 0.987410 0.007401 0.017986
0 0.712993 0.287770 0.008224 0.017986
0 0.537829 0.344424 0.013158 0.023381
0 0.581826 0.985611 0.009046 0.021583
0 0.403783 0.552158 0.009868 0.025180
0 0.733141 0.009892 0.028783 0.019784
0 0.645559 0.883094 0.011513 0.028777
0 0.376645 0.284173 0.009868 0.028777
0 0.707648 0.342626 0.015625 0.023381
0 0.674753 0.890288 0.017270 0.021583
0 0.252056 0.013489 0.022204 0.026978
0 0.563322 0.090827 0.024671 0.048561
0 0.553865 0.773381 0.015625 0.046763
0 0.512747 0.720324 0.055099 0.095324
0 0.582237 0.734712 0.016447 0.052158
0 0.456414 0.107014 0.029605 0.059352
0 0.338816 0.479317 0.037829 0.073741
0 0.556743 0.128597 0.021382 0.052158
0 0.753289 0.845324 0.031250 0.046763
0 0.704359 0.977518 0.025493 0.044964
0 0.125822 0.205935 0.046053 0.073741
0 0.890625 0.136691 0.024671 0.068345
0 0.550576 0.698741 0.023849 0.055755
0 0.092928 0.163669 0.031250 0.057554
0 0.634868 0.556655 0.026316 0.059353
0 0.197368 0.753597 0.041118 0.064748
0 0.863076 0.883993 0.041941 0.073741
0 0.694079 0.494604 0.037829 0.050360
0 0.421464 0.835432 0.038651 0.142086
0 0.359786 0.367806 0.032072 0.084532
0 0.310855 0.109712 0.027961 0.075540
0 0.560855 0.550360 0.032895 0.053957
0 0.603207 0.169065 0.027138 0.061151
0 0.796464 0.252698 0.023849 0.066547
0 0.199013 0.669964 0.039474 0.106115
0 0.313322 0.232914 0.027961 0.080935
0 0.255757 0.690647 0.029605 0.057554
0 0.478207 0.790468 0.032072 0.062950
0 0.357730 0.517086 0.039474 0.084532
0 0.223684 0.440647 0.029605 0.071942
0 0.552220 0.625899 0.030428 0.064748
0 0.518914 0.526978 0.026316 0.050360
0 0.457237 0.834532 0.031250 0.082734
0 0.597451 0.411871 0.035362 0.064748
0 0.769326 0.276079 0.033717 0.070144
0 0.341283 0.832734 0.032895 0.089928
0 0.478618 0.028777 0.027960 0.057554
0 0.526727 0.839029 0.038651 0.070144
0 0.707237 0.404676 0.032895 0.075540
0 0.148026 0.626799 0.036184 0.084532
0 0.879523 0.954137 0.043586 0.073741
0 0.260280 0.101619 0.027138 0.048561
0 0.720395 0.935252 0.023026 0.046763
0 0.643503 0.934353 0.028783 0.070144
0 0.777549 0.643885 0.027138 0.061151
0 0.269737 0.933453 0.050987 0.115108
0 0.787418 0.740108 0.060033 0.124101
0 0.742599 0.347122 0.052632 0.115108
0 0.243421 0.819245 0.044408 0.095324
0 0.287829 0.126799 0.036184 0.084532
0 0.638158 0.112410 0.003289 0.008993
0 0.384868 0.042266 0.004934 0.008993
0 0.711760 0.136691 0.004112 0.010791
0 0.676809 0.005396 0.004934 0.010791
0 0.744243 0.265288 0.004934 0.008993
0 0.845806 0.821942 0.004112 0.007194
0 0.888158 0.822842 0.006579 0.034173
0 0.166941 0.167266 0.004934 0.014388
0 0.606086 0.531475 0.003289 0.012590
0 0.362664 0.710432 0.004934 0.010791
0 0.391447 0.652878 0.004934 0.010791
0 0.608141 0.250000 0.004112 0.010791
0 0.650493 0.164568 0.003289 0.012590
0 0.756990 0.487410 0.005757 0.010791
0 0.710938 0.157374 0.004112 0.012590
0 0.293997 0.703237 0.004112 0.010791
0 0.644737 0.767086 0.004934 0.008993
0 0.488898 0.327338 0.004112 0.010791
0 0.384868 0.800360 0.004934 0.010791
0 0.281661 0.810252 0.004112 0.012590
0 0.725329 0.172662 0.011513 0.010791
0 0.615543 0.343525 0.004112 0.014389
0 0.822368 0.811151 0.004934 0.010791
0 0.524260 0.468525 0.004112 0.012590
0 0.848273 0.293165 0.007401 0.010791
0 0.378701 0.723022 0.004112 0.010791
0 0.558799 0.256295 0.005757 0.012590
0 0.512336 0.885791 0.004934 0.012590
0 0.554688 0.474820 0.007401 0.010791
0 0.715049 0.763489 0.005757 0.012590
0 0.187911 0.473022 0.007401 0.010791
0 0.348273 0.715827 0.004112 0.010791
0 0.752467 0.236511 0.009868 0.016187
0 0.677632 0.062050 0.006579 0.016187
0 0.481908 0.125000 0.008224 0.016187
0 0.386924 0.741906 0.005757 0.016187
0 0.602385 0.221223 0.005757 0.014388
0 0.695312 0.910072 0.007401 0.014388
0 0.323191 0.048561 0.006579 0.014388
0 0.429688 0.262590 0.007401 0.017986
0 0.594572 0.751799 0.011513 0.021583
