0 0.342105 0.991906 0.013158 0.012590
0 0.749178 0.599820 0.008224 0.016187
0 0.060033 0.454137 0.011513 0.048561
0 0.578536 0.008094 0.010691 0.016187
0 0.486431 0.778777 0.018915 0.043166
0 0.787418 0.774281 0.023849 0.041367
0 0.814145 0.828237 0.031250 0.052158
0 0.537418 0.169065 0.017270 0.032374
0 0.667763 0.038669 0.037829 0.044964
0 0.766036 0.920863 0.017270 0.035971
0 0.351151 0.042266 0.057566 0.084532
0 0.075247 0.453237 0.030428 0.057554
0 0.731497 0.142986 0.017270 0.044964
0 0.752056 0.723022 0.025493 0.039568
0 0.811678 0.424460 0.018092 0.043166
0 0.439145 0.979317 0.032895 0.037770
0 0.488487 0.248201 0.018092 0.039568
0 0.592928 0.373201 0.024671 0.052158
0 0.559622 0.225719 0.023849 0.062950
0 0.768503 0.747302 0.022204 0.041367
0 0.638980 0.551259 0.039474 0.091727
0 0.553865 0.731115 0.027138 0.062950
0 0.211349 0.437050 0.027960 0.053957
0 0.674342 0.153777 0.062500 0.095324
0 0.795230 0.709532 0.024671 0.048561
0 0.337171 0.150180 0.031250 0.044964
0 0.824013 0.794065 0.042763 0.052158
0 0.660362 0.463129 0.029605 0.044964
0 0.509457 0.840827 0.033717 0.052158
0 0.492599 0.389389 0.021382 0.048561
0 0.098684 0.976619 0.037829 0.043165
0 0.414474 0.358813 0.029605 0.055755
0 0.529605 0.313849 0.021382 0.059352
0 0.904605 0.553058 0.057566 0.098921
0 0.719984 0.537770 0.030428 0.061151
0 0.354441 0.203237 0.047697 0.104317
0 0.733964 0.808453 0.030428 0.044964
0 0.446546 0.616906 0.024671 0.053957
0 0.165213 0.170619 0.066179 0.084075
0 0.143914 0.762590 0.021382 0.057554
0 0.397615 0.788669 0.025493 0.055755
0 0.610609 0.867806 0.025493 0.070144
0 0.425987 0.193345 0.023026 0.044964
0 0.509457 0.752698 0.040296 0.084532
0 0.681493 0.393827 0.056422 0.079254
0 0.252878 0.900180 0.028783 0.066547
0 0.227385 0.515288 0.046875 0.088129
0 0.712582 0.133094 0.025493 0.082734
0 0.221217 0.588130 0.026316 0.043166
0 0.648438 0.647482 0.027138 0.046763
0 0.162829 0.882194 0.047697 0.120504
0 0.379112 0.888489 0.034540 0.071942
0 0.658306 0.081835 0.033717 0.066547
0 0.270148 0.812950 0.038651 0.061151
0 0.558388 0.351619 0.032895 0.077338
0 0.430510 0.681655 0.038651 0.071942
0 0.449013 0.316547 0.042763 0.089928
0 0.619243 0.055755 0.047697 0.093525
0 0.270812 0.249351 0.060349 0.084032
0 0.161595 0.467626 0.038651 0.086331
0 0.612664 0.957734 0.039474 0.066547
0 0.493983 0.451934 0.032072 0.080935
0 0.598684 0.557554 0.003289 0.010791
0 0.534128 0.668165 0.004112 0.008993
0 0.633635 0.687950 0.004112 0.008993
0 0.558388 0.954137 0.003289 0.008993
0 0.305510 0.639389 0.004112 0.008993
0 0.599507 0.421763 0.003289 0.008993
0 0.210938 0.366007 0.004112 0.008993
0 0.527549 0.816547 0.004112 0.010791
0 0.581003 0.658273 0.004112 0.010791
0 0.596628 0.142986 0.004112 0.012590
0 0.850740 0.629496 0.004112 0.010791
0 0.164474 0.651079 0.004934 0.007194
0 0.770970 0.605216 0.004112 0.008993
0 0.505757 0.339928 0.004934 0.010791
0 0.165707 0.811151 0.004112 0.010791
0 0.192434 0.804856 0.003289 0.008993
0 0.430099 0.843525 0.003289 0.010791
0 0.477385 0.712230 0.004112 0.010791
0 0.661184 0.822842 0.003289 0.008993
0 0.462582 0.683453 0.004112 0.010791
0 0.341283 0.962230 0.004934 0.010791
0 0.525082 0.247302 0.004112 0.008993
0 0.332648 0.458633 0.004112 0.010791
0 0.224507 0.741906 0.004934 0.008993
0 0.871711 0.119604 0.004934 0.008993
0 0.473684 0.968525 0.003289 0.012590
0 0.194079 0.907374 0.008224 0.016187
0 0.585115 0.314748 0.004112 0.010791
0 0.638158 0.276079 0.004934 0.037770
0 0.554688 0.850719 0.004112 0.010791
0 0.534951 0.210432 0.004112 0.010791
0 0.521382 0.636691 0.006579 0.010791
0 0.645970 0.709532 0.004112 0.008993
0 0.206414 0.925360 0.004934 0.016187
0 0.611842 0.476619 0.004934 0.010791
0 0.532895 0.951439 0.004934 0.010791
0 0.675987 0.737410 0.004934 0.010791
0 0.585115 0.756295 0.004112 0.012590
0 0.197780 0.732014 0.004112 0.010791
0 0.728618 0.474820 0.004934 0.010791
0 0.112664 0.920863 0.004934 0.010791
0 0.277138 0.900180 0.004934 0.012590
0 0.760691 0.250899 0.004934 0.012590
0 0.775082 0.086331 0.007401 0.021583
0 0.657072 0.801259 0.008224 0.016187
0 0.768092 0.429856 0.009868 0.014389
0 0.439967 0.151079 0.004934 0.014388
0 0.460115 0.514389 0.005757 0.014388
0 0.242188 0.965827 0.005757 0.014388
0 0.913651 0.408273 0.006579 0.017986
0 0.884457 0.205036 0.007401 0.014388
