0 0.323191 0.069245 0.008224 0.016187
0 0.695312 0.936151 0.009046 0.016187
0 0.596628 0.592626 0.007401 0.016187
0 0.658306 0.263489 0.007401 0.019784
0 0.078125 0.094424 0.032895 0.052158
0 0.685444 0.355216 0.009046 0.019784
0 0.782072 0.039568 0.008224 0.021583
0 0.278372 0.368705 0.010691 0.025180
0 0.330181 0.696043 0.012336 0.017986
0 0.578947 0.159173 0.011513 0.023381
0 0.788240 0.985611 0.028783 0.021583
0 0.263569 0.225719 0.032072 0.048561
0 0.309622 0.370504 0.018914 0.025180
0 0.491365 0.964928 0.013980 0.026978
0 0.646793 0.012590 0.027138 0.025180
0 0.842928 0.983813 0.026316 0.028777
0 0.812089 0.017086 0.018915 0.034173
0 0.090049 0.061151 0.051809 0.075540
0 0.588816 0.803957 0.026316 0.043166
0 0.829359 0.018885 0.022204 0.037770
0 0.154194 0.584532 0.032072 0.046763
0 0.401316 0.195144 0.026316 0.048561
0 0.127878 0.615108 0.028783 0.032374
0 0.500000 0.632194 0.050987 0.088129
0 0.527961 0.570144 0.023026 0.050360
0 0.337171 0.618705 0.024671 0.057554
0 0.077303 0.296763 0.034540 0.071942
0 0.547697 0.857914 0.057566 0.104317
0 0.599507 0.387590 0.029605 0.073741
0 0.666530 0.213129 0.027138 0.052158
0 0.388158 0.385791 0.034539 0.055755
0 0.475740 0.777878 0.022204 0.059353
0 0.446135 0.660072 0.037007 0.061151
0 0.796875 0.691547 0.027960 0.059353
0 0.519737 0.489209 0.026316 0.057554
0 0.532484 0.020683 0.020559 0.041367
0 0.726562 0.021583 0.027138 0.043165
0 0.831826 0.830036 0.020559 0.055755
0 0.927220 0.750899 0.032072 0.098921
0 0.225740 0.925360 0.030428 0.041367
0 0.311266 0.160072 0.027138 0.064748
0 0.722451 0.775180 0.028783 0.079137
0 0.268092 0.181655 0.041118 0.053957
0 0.626234 0.330036 0.022204 0.062950
0 0.737253 0.670863 0.030428 0.061151
0 0.615132 0.557554 0.041118 0.071942
0 0.740132 0.447842 0.032895 0.082734
0 0.470806 0.941547 0.040296 0.052158
0 0.413240 0.131295 0.025493 0.053957
0 0.675576 0.833633 0.043585 0.106115
0 0.465872 0.717626 0.046875 0.089928
0 0.617188 0.686151 0.022204 0.041367
0 0.303454 0.739209 0.021382 0.043166
0 0.547286 0.173561 0.038651 0.059352
0 0.201891 0.204137 0.035362 0.073741
0 0.814556 0.127698 0.025493 0.046763
0 0.756579 0.389389 0.026316 0.048561
0 0.644737 0.117806 0.026316 0.052158
0 0.391859 0.321043 0.033717 0.059352
0 0.209293 0.887590 0.025493 0.037770
0 0.493832 0.548561 0.035362 0.071942
0 0.763158 0.515288 0.029605 0.070144
0 0.785773 0.303957 0.033717 0.064748
0 0.216283 0.492806 0.024671 0.093525
0 0.594161 0.750000 0.032072 0.071942
0 0.284128 0.824640 0.023849 0.073741
0 0.765214 0.449640 0.025493 0.057554
0 0.671053 0.035971 0.026316 0.071942
0 0.337171 0.191547 0.034540 0.048561
0 0.203947 0.370504 0.047697 0.093525
0 0.272204 0.930755 0.050987 0.084532
0 0.629112 0.405576 0.049342 0.088129
0 0.168997 0.449640 0.041941 0.082734
0 0.553454 0.322842 0.057566 0.106115
0 0.262336 0.083633 0.034539 0.084532
0 0.692845 0.083633 0.040296 0.091727
0 0.477385 0.374101 0.028783 0.093525
0 0.358964 0.773381 0.004112 0.014388
0 0.061266 0.089029 0.005757 0.034173
0 0.249178 0.379496 0.006579 0.010791
0 0.323602 0.321043 0.004112 0.008993
0 0.571546 0.515288 0.004934 0.008993
0 0.305099 0.194245 0.006579 0.010791
0 0.636102 0.523381 0.004112 0.010791
0 0.252878 0.598022 0.004112 0.008993
0 0.317023 0.027878 0.004112 0.008993
0 0.690789 0.005396 0.006579 0.010791
0 0.810855 0.315647 0.003289 0.012590
0 0.370477 0.938849 0.004112 0.010791
0 0.460938 0.583633 0.004112 0.008993
0 0.433388 0.948741 0.004934 0.012590
0 0.700247 0.012590 0.004112 0.010791
0 0.391036 0.098022 0.004112 0.008993
0 0.659128 0.551259 0.005757 0.008993
0 0.623355 0.282374 0.004934 0.010791
0 0.654605 0.660072 0.006579 0.010791
0 0.617188 0.919065 0.005757 0.010791
0 0.722039 0.330935 0.004934 0.010791
0 0.543586 0.979317 0.006579 0.016187
0 0.424753 0.091727 0.005757 0.014388
0 0.570724 0.634892 0.006579 0.017986
0 0.425164 0.709532 0.006579 0.016187
0 0.339638 0.763489 0.004934 0.012590
0 0.651316 0.525180 0.009868 0.010791
0 0.714638 0.491906 0.008224 0.016187
0 0.335526 0.492806 0.004934 0.014388
0 0.624589 0.768885 0.007401 0.016187
0 0.059622 0.299460 0.007401 0.055755
0 0.876234 0.709532 0.005757 0.012590
0 0.592105 0.461331 0.008224 0.019784
0 0.385691 0.052158 0.006579 0.014389
0 0.592928 0.709532 0.009868 0.016187
0 0.462582 0.006295 0.015625 0.012590
0 0.654194 0.777878 0.007401 0.016187
0 0.225740 0.126799 0.007401 0.019784
