0 0.702303 0.129496 0.008224 0.017986
0 0.373355 0.964928 0.008224 0.019784
0 0.768914 0.799460 0.013158 0.019784
0 0.493010 0.012590 0.050165 0.025180
0 0.414062 0.986511 0.023849 0.019784
0 0.848684 0.745504 0.027961 0.026978
0 0.175576 0.391187 0.023849 0.048561
0 0.848684 0.799460 0.021382 0.041367
0 0.168174 0.345324 0.037007 0.043166
0 0.927220 0.445144 0.023849 0.037770
0 0.326480 0.963130 0.026316 0.044964
0 0.542352 0.792266 0.023849 0.062950
0 0.727385 0.083633 0.015625 0.052158
0 0.616365 0.018885 0.035362 0.037770
0 0.398438 0.749101 0.027138 0.062950
0 0.377056 0.700540 0.043586 0.066547
0 0.814556 0.099820 0.018915 0.034173
0 0.879112 0.242806 0.024671 0.053957
0 0.190378 0.262590 0.028783 0.064748
0 0.924753 0.550360 0.032072 0.046763
0 0.363898 0.812050 0.023849 0.048561
0 0.788651 0.084532 0.032895 0.050360
0 0.701891 0.269784 0.027138 0.046763
0 0.263980 0.851619 0.023026 0.055755
0 0.079359 0.553957 0.037007 0.064748
0 0.698602 0.223022 0.022204 0.061151
0 0.073602 0.316547 0.025493 0.046763
0 0.212171 0.404676 0.052632 0.071942
0 0.155428 0.028777 0.047697 0.057554
0 0.563322 0.151978 0.031250 0.048561
0 0.563734 0.788669 0.025493 0.077338
0 0.111842 0.822842 0.047697 0.091727
0 0.377878 0.553058 0.030428 0.080935
0 0.690789 0.563849 0.026316 0.052158
0 0.603207 0.328237 0.035362 0.055755
0 0.698602 0.671763 0.023849 0.044964
0 0.209704 0.920863 0.021382 0.046763
0 0.560855 0.619604 0.032895 0.059353
0 0.507812 0.669964 0.023849 0.055755
0 0.238487 0.874101 0.046053 0.079137
0 0.092928 0.117806 0.046053 0.134892
0 0.835115 0.032374 0.035362 0.057554
0 0.320724 0.043166 0.026316 0.053957
0 0.288651 0.675360 0.026316 0.041367
0 0.717928 0.172662 0.026316 0.061151
0 0.728207 0.664568 0.028783 0.077338
0 0.632401 0.238309 0.023026 0.070144
0 0.292352 0.180755 0.025493 0.055755
0 0.471217 0.339928 0.034540 0.075540
0 0.921464 0.959532 0.033717 0.080935
0 0.613076 0.571043 0.035362 0.062950
0 0.924342 0.220324 0.031250 0.073741
0 0.212171 0.220324 0.034540 0.073741
0 0.258635 0.383094 0.048520 0.151079
0 0.631168 0.391187 0.045230 0.073741
0 0.676809 0.323741 0.037829 0.082734
0 0.257401 0.069245 0.047697 0.080935
0 0.431332 0.678058 0.046875 0.093525
0 0.199836 0.544065 0.032895 0.084532
0 0.881168 0.064748 0.028783 0.075540
0 0.421464 0.127698 0.050164 0.086331
0 0.398849 0.881295 0.003289 0.010791
0 0.587993 0.678957 0.003289 0.008993
0 0.176809 0.347122 0.021382 0.028777
0 0.659128 0.131295 0.004112 0.010791
0 0.849095 0.682554 0.004112 0.008993
0 0.531250 0.613309 0.003289 0.010791
0 0.763158 0.480216 0.003289 0.010791
0 0.792352 0.144784 0.004112 0.008993
0 0.372122 0.083633 0.004112 0.008993
0 0.407895 0.853417 0.004934 0.008993
0 0.428865 0.947842 0.004112 0.007194
0 0.573191 0.964928 0.003289 0.008993
0 0.703536 0.082734 0.004112 0.010791
0 0.567845 0.536870 0.004112 0.012590
0 0.612253 0.229317 0.004112 0.012590
0 0.588816 0.803058 0.003289 0.008993
0 0.435855 0.783273 0.003289 0.008993
0 0.629523 0.535971 0.004112 0.010791
0 0.228207 0.356115 0.004112 0.010791
0 0.326891 0.828237 0.004112 0.008993
0 0.245477 0.597122 0.004112 0.010791
0 0.404605 0.533273 0.004934 0.012590
0 0.552632 0.035971 0.003289 0.010791
0 0.579359 0.482014 0.004112 0.010791
0 0.513569 0.881295 0.004112 0.010791
0 0.592516 0.709532 0.004112 0.012590
0 0.511924 0.113309 0.004112 0.010791
0 0.305099 0.707734 0.004934 0.012590
0 0.459293 0.503597 0.004112 0.010791
0 0.600740 0.914568 0.004112 0.008993
0 0.521382 0.495504 0.004934 0.012590
0 0.229030 0.712230 0.004112 0.014388
0 0.907895 0.410971 0.003289 0.012590
0 0.840049 0.928058 0.004112 0.010791
0 0.460115 0.291367 0.004112 0.010791
0 0.780016 0.881295 0.004112 0.010791
0 0.333470 0.748201 0.004112 0.010791
0 0.573602 0.397482 0.004112 0.014389
0 0.722451 0.349820 0.004112 0.012590
0 0.609786 0.257194 0.004112 0.010791
0 0.605674 0.871403 0.004112 0.012590
0 0.329359 0.562050 0.004112 0.008993
0 0.805099 0.410971 0.004934 0.008993
0 0.842516 0.696043 0.004112 0.014388
0 0.531250 0.147482 0.004934 0.010791
0 0.506579 0.405576 0.004934 0.008993
0 0.098273 0.484712 0.004112 0.008993
0 0.118010 0.190647 0.004112 0.010791
0 0.632401 0.511691 0.004934 0.016187
0 0.083470 0.739209 0.004112 0.010791
0 0.367188 0.985611 0.004112 0.010791
0 0.161184 0.799460 0.004934 0.008993
0 0.155016 0.386691 0.005757 0.010791
0 0.865543 0.698741 0.004112 0.008993
0 0.474918 0.770683 0.004112 0.008993
0 0.757812 0.839029 0.004112 0.012590
0 0.168997 0.464029 0.005757 0.010791
0 0.156250 0.303957 0.004934 0.014389
0 0.059622 0.550360 0.007401 0.032374
0 0.641036 0.635791 0.010691 0.016187
