0 0.590872 0.050360 0.007401 0.017986
0 0.170641 0.189748 0.009046 0.016187
0 0.535362 0.536870 0.008224 0.016187
0 0.756168 0.832734 0.005757 0.014388
0 0.565789 0.007194 0.013158 0.014389
0 0.192434 0.396583 0.008224 0.019784
0 0.319901 0.183453 0.011513 0.017986
0 0.729030 0.198741 0.010691 0.023381
0 0.297286 0.267086 0.010691 0.023381
0 0.523849 0.473022 0.031250 0.071942
0 0.676398 0.661870 0.022204 0.061151
0 0.636102 0.802158 0.027138 0.053957
0 0.075658 0.449640 0.027960 0.053957
0 0.385280 0.983813 0.023849 0.028777
0 0.313322 0.017086 0.032895 0.034173
0 0.251645 0.798561 0.024671 0.050360
0 0.462171 0.278777 0.036184 0.079137
0 0.289885 0.374101 0.038651 0.133094
0 0.498766 0.228417 0.033717 0.061151
0 0.717516 0.979317 0.030428 0.037770
0 0.678043 0.715827 0.035362 0.053957
0 0.377878 0.554856 0.027138 0.048561
0 0.471217 0.225719 0.023026 0.041367
0 0.815378 0.142086 0.027138 0.050360
0 0.692023 0.393885 0.020559 0.046763
0 0.273849 0.405576 0.021382 0.055755
0 0.753701 0.866007 0.025493 0.052158
0 0.541941 0.980216 0.029605 0.035971
0 0.671875 0.255396 0.021382 0.071942
0 0.388980 0.519784 0.027961 0.053957
0 0.451480 0.136691 0.037829 0.064748
0 0.504934 0.277878 0.041118 0.059352
0 0.480674 0.893885 0.025493 0.050360
0 0.789885 0.481115 0.028783 0.041367
0 0.703125 0.742806 0.037829 0.079137
0 0.723273 0.783273 0.022204 0.052158
0 0.071135 0.396583 0.020559 0.055755
0 0.518092 0.676259 0.031250 0.064748
0 0.355674 0.906475 0.028783 0.046763
0 0.539885 0.612410 0.050165 0.106115
0 0.812089 0.775180 0.041941 0.068345
0 0.684622 0.317446 0.023849 0.041367
0 0.733964 0.944245 0.022204 0.057554
0 0.426809 0.515288 0.029605 0.059353
0 0.593750 0.718525 0.024671 0.055755
0 0.676809 0.535971 0.024671 0.046763
0 0.189967 0.658273 0.052632 0.111511
0 0.717928 0.232014 0.031250 0.061151
0 0.380345 0.696043 0.048520 0.071942
0 0.398026 0.192446 0.042763 0.082734
0 0.138980 0.158273 0.031250 0.057554
0 0.251234 0.264389 0.032072 0.068345
0 0.697780 0.071942 0.030428 0.075540
0 0.711349 0.922662 0.029605 0.046763
0 0.196957 0.232914 0.053454 0.073741
0 0.372944 0.246403 0.032072 0.082734
0 0.086349 0.512590 0.047697 0.093525
0 0.616776 0.206835 0.034540 0.079137
0 0.795230 0.581835 0.042763 0.098921
0 0.586349 0.902878 0.052632 0.100719
0 0.665707 0.587230 0.004112 0.008993
0 0.340461 0.315647 0.003289 0.012590
0 0.528372 0.155576 0.002467 0.012590
0 0.520148 0.957734 0.004112 0.008993
0 0.498355 0.612410 0.003289 0.008993
0 0.590872 0.501799 0.004112 0.010791
0 0.567023 0.777878 0.002467 0.008993
0 0.416118 0.626799 0.003289 0.008993
0 0.291530 0.907374 0.004112 0.008993
0 0.692023 0.139388 0.002467 0.008993
0 0.686266 0.899281 0.004112 0.014388
0 0.585526 0.405576 0.003289 0.012590
0 0.326891 0.242806 0.004112 0.010791
0 0.240543 0.464029 0.004112 0.010791
0 0.559622 0.818345 0.004112 0.010791
0 0.472862 0.810252 0.003289 0.008993
0 0.824424 0.321942 0.004112 0.010791
0 0.492188 0.587230 0.005757 0.012590
0 0.502878 0.632194 0.004112 0.008993
0 0.604030 0.468525 0.004112 0.008993
0 0.550164 0.031475 0.003289 0.008993
0 0.773438 0.914568 0.004112 0.008993
0 0.497533 0.464928 0.004934 0.008993
0 0.553454 0.736511 0.004934 0.008993
0 0.361842 0.675360 0.008224 0.019784
0 0.875000 0.902878 0.004934 0.010791
0 0.678454 0.157374 0.004934 0.008993
0 0.613076 0.993705 0.017270 0.012590
0 0.393092 0.743705 0.006579 0.016187
0 0.643092 0.994604 0.008224 0.010791
0 0.449836 0.728417 0.004934 0.010791
0 0.552220 0.111511 0.005757 0.010791
0 0.060444 0.392986 0.007401 0.034173
0 0.425987 0.566547 0.004934 0.010791
0 0.655016 0.913669 0.005757 0.010791
0 0.552632 0.831835 0.004934 0.012590
0 0.092516 0.007194 0.027138 0.014389
0 0.508224 0.071043 0.008224 0.012590
0 0.213405 0.461331 0.009046 0.012590
0 0.444490 0.232014 0.005757 0.010791
0 0.060855 0.444245 0.006579 0.035971
0 0.485197 0.854317 0.004934 0.014388
0 0.342516 0.743705 0.007401 0.012590
0 0.453947 0.919964 0.004934 0.012590
0 0.616365 0.005396 0.005757 0.010791
0 0.589227 0.007194 0.007401 0.014389
0 0.568257 0.508993 0.006579 0.010791
0 0.154605 0.577338 0.006579 0.014388
0 0.907072 0.498201 0.009868 0.017986
0 0.423109 0.043166 0.005757 0.014389
0 0.268092 0.348022 0.009868 0.030575
0 0.495477 0.163669 0.007401 0.014388
0 0.379523 0.884892 0.004112 0.021583
0 0.405839 0.796763 0.007401 0.010791
0 0.501645 0.579137 0.006579 0.017986
0 0.212171 0.943345 0.008224 0.012590
0 0.715872 0.873201 0.007401 0.016187
