0 0.484375 0.848921 0.009868 0.017986
0 0.730674 0.006295 0.020559 0.012590
0 0.478618 0.160072 0.006579 0.017986
0 0.419819 0.310252 0.009046 0.016187
0 0.073191 0.970324 0.008224 0.016187
0 0.597039 0.570144 0.009868 0.017986
0 0.258224 0.990108 0.014803 0.016187
0 0.263158 0.767086 0.009868 0.019784
0 0.473684 0.141187 0.009868 0.026978
0 0.540707 0.453237 0.010691 0.025180
0 0.732730 0.908273 0.011513 0.025180
0 0.462171 0.397482 0.014803 0.025180
0 0.698602 0.560252 0.012335 0.030575
0 0.100740 0.909173 0.030428 0.044964
0 0.825658 0.196942 0.021382 0.059353
0 0.675987 0.689748 0.021382 0.059353
0 0.461760 0.018885 0.020559 0.037770
0 0.073191 0.736511 0.026316 0.070144
0 0.813322 0.835432 0.014803 0.030575
0 0.491365 0.605216 0.025493 0.044964
0 0.868421 0.980216 0.034539 0.032374
0 0.551398 0.531475 0.033717 0.077338
0 0.699424 0.660072 0.023849 0.061151
0 0.915707 0.433453 0.025493 0.050360
0 0.645970 0.158273 0.015625 0.039568
0 0.423109 0.049460 0.017270 0.055755
0 0.087171 0.930755 0.024671 0.048561
0 0.564556 0.032374 0.025493 0.064748
0 0.389803 0.064748 0.029605 0.079137
0 0.490954 0.563849 0.034540 0.052158
0 0.508224 0.294964 0.021382 0.035971
0 0.427632 0.706835 0.023026 0.050360
0 0.232319 0.107914 0.023849 0.046763
0 0.474918 0.205935 0.022204 0.059352
0 0.442023 0.033273 0.022204 0.066547
0 0.269326 0.422662 0.023849 0.050360
0 0.319490 0.680755 0.028783 0.055755
0 0.561266 0.607014 0.038651 0.098921
0 0.474918 0.792266 0.023849 0.052158
0 0.717105 0.104317 0.029605 0.061151
0 0.584293 0.362410 0.022204 0.055755
0 0.242188 0.605216 0.028783 0.048561
0 0.305099 0.628597 0.023026 0.055755
0 0.414474 0.545863 0.021382 0.059353
0 0.628289 0.106115 0.037829 0.068345
0 0.481497 0.888489 0.020559 0.064748
0 0.513569 0.643885 0.040296 0.111511
0 0.707237 0.723022 0.031250 0.053957
0 0.432566 0.282374 0.023026 0.057554
0 0.191612 0.669065 0.026316 0.043166
0 0.626645 0.158273 0.026316 0.053957
0 0.659128 0.379496 0.027138 0.050360
0 0.469161 0.658273 0.027138 0.053957
0 0.537829 0.941547 0.042763 0.095324
0 0.388158 0.192446 0.026316 0.071942
0 0.122944 0.809353 0.030428 0.057554
0 0.147615 0.116906 0.043585 0.093525
0 0.618832 0.562050 0.032072 0.059353
0 0.556332 0.339029 0.027138 0.052158
0 0.620477 0.899281 0.028783 0.064748
0 0.336760 0.764389 0.033717 0.050360
0 0.398438 0.738309 0.018914 0.048561
0 0.616365 0.423561 0.030428 0.055755
0 0.647204 0.057554 0.039474 0.097122
0 0.170641 0.748201 0.046875 0.061151
0 0.551809 0.266187 0.032895 0.061151
0 0.527961 0.788669 0.037829 0.077338
0 0.460938 0.069245 0.025493 0.070144
0 0.841694 0.833633 0.033717 0.066547
0 0.356497 0.608813 0.078125 0.127698
0 0.104852 0.155576 0.046875 0.102518
0 0.253701 0.650180 0.037007 0.080935
0 0.459704 0.356115 0.026316 0.053957
0 0.783717 0.150180 0.039474 0.084532
0 0.328536 0.234712 0.033717 0.084532
0 0.577714 0.887590 0.023849 0.048561
0 0.217105 0.347122 0.057566 0.104317
0 0.615954 0.632194 0.041118 0.070144
0 0.796053 0.652878 0.042763 0.082734
0 0.574836 0.468525 0.003289 0.012590
0 0.469984 0.513489 0.004112 0.008993
0 0.217105 0.440647 0.003289 0.010791
0 0.457648 0.217626 0.004112 0.010791
0 0.507812 0.367806 0.004112 0.008993
0 0.622533 0.217626 0.003289 0.010791
0 0.529605 0.446043 0.003289 0.014389
0 0.218339 0.933453 0.004112 0.014388
0 0.641036 0.906475 0.004112 0.014388
0 0.498355 0.138489 0.004934 0.014388
0 0.179688 0.931655 0.004112 0.010791
0 0.569079 0.105216 0.003289 0.008993
0 0.710526 0.553058 0.004934 0.008993
0 0.655839 0.962230 0.004112 0.010791
0 0.659951 0.787770 0.004112 0.010791
0 0.632401 0.774281 0.003289 0.008993
0 0.806332 0.574640 0.004112 0.008993
0 0.409951 0.402878 0.004112 0.010791
0 0.743832 0.482914 0.005757 0.008993
0 0.296053 0.865108 0.004934 0.014388
0 0.174753 0.633094 0.004112 0.010791
0 0.766036 0.880396 0.004112 0.008993
0 0.310033 0.455935 0.004934 0.008993
0 0.631579 0.839029 0.004934 0.008993
0 0.827303 0.750899 0.003289 0.008993
0 0.732319 0.743705 0.004112 0.008993
0 0.600329 0.875000 0.006579 0.016187
0 0.899260 0.919065 0.004112 0.007194
0 0.717928 0.342626 0.004934 0.008993
0 0.630757 0.504496 0.004934 0.008993
0 0.293997 0.358813 0.004112 0.008993
0 0.595806 0.502698 0.007401 0.012590
0 0.648438 0.668165 0.004112 0.012590
0 0.346217 0.916367 0.004934 0.008993
0 0.406250 0.031475 0.004934 0.012590
0 0.435033 0.557554 0.004934 0.010791
0 0.533717 0.010791 0.004934 0.014389
0 0.682566 0.428957 0.004934 0.012590
0 0.180921 0.713130 0.008224 0.012590
0 0.440378 0.232014 0.004112 0.010791
0 0.520148 0.555755 0.005757 0.014388
0 0.592516 0.007194 0.005757 0.014389
0 0.168586 0.477518 0.006579 0.012590
0 0.642681 0.716727 0.005757 0.012590
0 0.694901 0.586331 0.004934 0.010791
0 0.504523 0.392086 0.004112 0.014389
0 0.508224 0.224820 0.006579 0.010791
0 0.381579 0.279676 0.006579 0.012590
0 0.217105 0.852518 0.004934 0.010791
0 0.589638 0.476619 0.008224 0.014388
0 0.589227 0.289568 0.005757 0.010791
0 0.569490 0.850719 0.005757 0.010791
0 0.657895 0.253597 0.006579 0.010791
0 0.800164 0.053058 0.004934 0.016187
0 0.579359 0.494604 0.005757 0.010791
0 0.598273 0.447842 0.004112 0.014389
0 0.413651 0.419065 0.006579 0.014389
0 0.743010 0.112410 0.007401 0.012590
0 0.449013 0.990108 0.004934 0.016187
0 0.578947 0.189748 0.006579 0.012590
0 0.669408 0.894784 0.008224 0.016187
0 0.435855 0.809353 0.004934 0.014388
0 0.266859 0.275180 0.007401 0.014389
0 0.689967 0.207734 0.006579 0.012590
0 0.603618 0.196942 0.004934 0.019784
0 0.489309 0.222122 0.006579 0.016187
0 0.364309 0.142986 0.008224 0.012590
0 0.443668 0.710432 0.009046 0.021583
0 0.058388 0.733813 0.009868 0.061151
