0 0.698602 0.652878 0.007401 0.017986
0 0.552220 0.616007 0.010691 0.016187
0 0.625000 0.232914 0.006579 0.019784
0 0.115954 0.845324 0.011513 0.017986
0 0.295641 0.822842 0.009046 0.016187
0 0.343750 0.115108 0.008224 0.021583
0 0.608553 0.381295 0.011513 0.017986
0 0.186266 0.255396 0.013980 0.021583
0 0.653372 0.967626 0.010691 0.017986
0 0.247533 0.452338 0.008224 0.016187
0 0.659951 0.142086 0.009046 0.017986
0 0.636513 0.843525 0.009868 0.017986
0 0.583059 0.401978 0.009868 0.019784
0 0.687911 0.356115 0.009046 0.017986
0 0.340461 0.927158 0.011513 0.019784
0 0.682566 0.142986 0.009868 0.023381
0 0.324836 0.796763 0.011513 0.017986
0 0.233964 0.594424 0.010691 0.019784
0 0.607730 0.010791 0.016447 0.021583
0 0.770970 0.283273 0.010691 0.023381
0 0.483964 0.984712 0.010691 0.023381
0 0.366365 0.532374 0.013980 0.035971
0 0.460938 0.013489 0.032072 0.026978
0 0.473684 0.438849 0.013158 0.032374
0 0.174342 0.330036 0.014803 0.030575
0 0.581826 0.233813 0.013980 0.032374
0 0.613487 0.334532 0.023026 0.057554
0 0.804276 0.984712 0.026316 0.030576
0 0.383635 0.669065 0.023849 0.043166
0 0.335526 0.882194 0.023026 0.052158
0 0.697780 0.692446 0.032072 0.061151
0 0.386513 0.715827 0.024671 0.064748
0 0.303865 0.650180 0.023849 0.052158
0 0.277549 0.622302 0.017270 0.035971
0 0.379934 0.485611 0.027961 0.046763
0 0.888569 0.091727 0.035362 0.061151
0 0.665707 0.405576 0.028783 0.062950
0 0.818668 0.071942 0.022204 0.053957
0 0.605263 0.491007 0.029605 0.057554
0 0.689967 0.253597 0.031250 0.053957
0 0.278372 0.511691 0.032072 0.059353
0 0.586349 0.602518 0.034540 0.053957
0 0.256579 0.273381 0.036184 0.064748
0 0.165296 0.668165 0.026316 0.044964
0 0.657895 0.086331 0.019737 0.046763
0 0.314967 0.224820 0.029605 0.064748
0 0.205592 0.474820 0.029605 0.043165
0 0.554688 0.033273 0.045230 0.066547
0 0.787007 0.448741 0.037829 0.073741
0 0.565378 0.253597 0.033717 0.053957
0 0.360197 0.937950 0.018092 0.044964
0 0.168586 0.535072 0.019737 0.044964
0 0.596628 0.039568 0.033717 0.068345
0 0.208059 0.312950 0.026316 0.050360
0 0.713405 0.400180 0.027138 0.066547
0 0.908306 0.129496 0.038651 0.053957
0 0.318668 0.945144 0.028783 0.055755
0 0.468750 0.665468 0.032895 0.053957
0 0.354441 0.258094 0.021382 0.077338
0 0.086760 0.071942 0.037007 0.053957
0 0.298931 0.385791 0.032072 0.055755
0 0.238487 0.366007 0.047697 0.120504
0 0.136924 0.088129 0.045230 0.068345
0 0.381168 0.607014 0.028783 0.055755
0 0.811266 0.398381 0.028783 0.062950
0 0.368010 0.748201 0.028783 0.057554
0 0.443257 0.247302 0.031250 0.052158
0 0.258224 0.169065 0.034540 0.064748
0 0.207237 0.528777 0.023026 0.064748
0 0.733141 0.079137 0.032072 0.068345
0 0.820312 0.669964 0.032072 0.062950
0 0.769326 0.853417 0.028783 0.055755
0 0.389803 0.371403 0.029605 0.059352
0 0.728618 0.793165 0.044408 0.097122
0 0.715461 0.917266 0.036184 0.057554
0 0.453947 0.432554 0.031250 0.080935
0 0.229441 0.128597 0.049342 0.080935
0 0.798931 0.757194 0.030428 0.050360
0 0.659951 0.894784 0.025493 0.048561
0 0.197780 0.591727 0.037007 0.053957
0 0.859786 0.491007 0.028783 0.079137
0 0.421053 0.352518 0.036184 0.122302
0 0.445312 0.940647 0.038651 0.079137
0 0.320312 0.848921 0.030428 0.082734
0 0.694490 0.847122 0.041941 0.100719
0 0.750411 0.702338 0.004112 0.008993
0 0.602385 0.792266 0.004112 0.016187
0 0.523438 0.561151 0.005757 0.010791
0 0.103618 0.449640 0.003289 0.010791
0 0.521793 0.953237 0.004112 0.014388
0 0.375822 0.158273 0.003289 0.010791
0 0.207648 0.745504 0.005757 0.019784
0 0.218750 0.823741 0.003289 0.010791
0 0.206003 0.273381 0.004112 0.010791
0 0.435444 0.075540 0.004112 0.014388
0 0.725740 0.534173 0.004112 0.010791
0 0.749178 0.411871 0.003289 0.014389
0 0.419819 0.928058 0.004112 0.010791
0 0.537829 0.903777 0.003289 0.008993
0 0.541118 0.065648 0.004934 0.008993
0 0.668997 0.700540 0.004112 0.008993
0 0.414062 0.236511 0.004112 0.008993
0 0.382812 0.937950 0.004112 0.012590
0 0.618421 0.954137 0.004934 0.012590
0 0.571546 0.767086 0.004934 0.008993
0 0.590872 0.900180 0.005757 0.008993
0 0.678865 0.095324 0.004112 0.007194
0 0.555510 0.294964 0.005757 0.017986
0 0.413240 0.743705 0.004112 0.008993
0 0.577303 0.165468 0.004934 0.010791
0 0.826069 0.103417 0.005757 0.012590
0 0.560855 0.303058 0.004934 0.012590
0 0.630345 0.374101 0.005757 0.010791
0 0.468339 0.117806 0.007401 0.016187
0 0.524671 0.991007 0.006579 0.014388
0 0.375411 0.678058 0.015625 0.035971
0 0.673109 0.074640 0.005757 0.012590
0 0.601151 0.182554 0.004934 0.016187
0 0.722862 0.195144 0.006579 0.012590
0 0.663651 0.963130 0.004934 0.012590
0 0.730263 0.409173 0.006579 0.016187
0 0.507812 0.116906 0.007401 0.014389
0 0.601974 0.887590 0.004934 0.012590
0 0.199836 0.725719 0.004934 0.012590
0 0.549342 0.914568 0.004934 0.016187
0 0.580181 0.667266 0.007401 0.014388
0 0.469572 0.585432 0.006579 0.012590
0 0.514803 0.709532 0.008224 0.012590
0 0.515214 0.777878 0.005757 0.016187
0 0.627878 0.463129 0.005757 0.016187
0 0.499589 0.314748 0.005757 0.014389
0 0.583882 0.009892 0.019737 0.019784
0 0.465461 0.730216 0.008224 0.014388
