0 0.322368 0.040468 0.006579 0.016187
0 0.339227 0.796763 0.007401 0.021583
0 0.775493 0.307554 0.009868 0.021583
0 0.657072 0.979317 0.014803 0.037770
0 0.581826 0.457734 0.012335 0.023381
0 0.557155 0.007194 0.022204 0.014389
0 0.833882 0.979317 0.013158 0.023381
0 0.590872 0.011691 0.030428 0.023381
0 0.055921 0.353417 0.018092 0.070144
0 0.879523 0.975719 0.060033 0.044964
0 0.778783 0.985611 0.024671 0.025180
0 0.537829 0.748201 0.023026 0.064748
0 0.078536 0.353417 0.045230 0.080935
0 0.516036 0.014389 0.028783 0.028777
0 0.666118 0.635791 0.024671 0.052158
0 0.872944 0.391187 0.028783 0.041367
0 0.398026 0.959532 0.060855 0.080935
0 0.913240 0.543165 0.061678 0.082734
0 0.633635 0.964029 0.053454 0.068345
0 0.902961 0.019784 0.027961 0.039568
0 0.300576 0.970324 0.043585 0.059353
0 0.929276 0.502698 0.023026 0.041367
0 0.398438 0.586331 0.046875 0.064748
0 0.200658 0.102518 0.023026 0.032374
0 0.215461 0.976619 0.036184 0.043165
0 0.287829 0.615108 0.023026 0.046763
0 0.651316 0.576439 0.037829 0.073741
0 0.482319 0.154676 0.022204 0.046763
0 0.744243 0.378597 0.024671 0.048561
0 0.407484 0.087230 0.017270 0.041367
0 0.717516 0.254496 0.020559 0.044964
0 0.753701 0.776079 0.033717 0.109712
0 0.455592 0.704137 0.026316 0.062950
0 0.690378 0.652878 0.023849 0.053957
0 0.201069 0.951439 0.025493 0.046763
0 0.218750 0.025180 0.044408 0.050360
0 0.464638 0.045863 0.037829 0.070144
0 0.353207 0.962230 0.028783 0.057554
0 0.856086 0.470324 0.031250 0.052158
0 0.606497 0.858813 0.028783 0.044964
0 0.460526 0.486511 0.037829 0.066547
0 0.632401 0.293165 0.029605 0.061151
0 0.310855 0.822842 0.039474 0.062950
0 0.552220 0.086331 0.023849 0.061151
0 0.694490 0.702338 0.023849 0.044964
0 0.235609 0.587230 0.027138 0.052158
0 0.350329 0.063849 0.054276 0.116906
0 0.211760 0.885791 0.037007 0.062950
0 0.506990 0.579137 0.028783 0.057554
0 0.419819 0.745504 0.027138 0.044964
0 0.783717 0.349820 0.037829 0.055755
0 0.622944 0.027878 0.020559 0.048561
0 0.467105 0.287770 0.024671 0.050360
0 0.552220 0.153777 0.027138 0.048561
0 0.680510 0.578237 0.027138 0.055755
0 0.639391 0.648381 0.038651 0.070144
0 0.255345 0.195144 0.032072 0.052158
0 0.298520 0.704137 0.036184 0.059353
0 0.563322 0.681655 0.049342 0.086331
0 0.178865 0.908273 0.038651 0.071942
0 0.113076 0.711331 0.063322 0.102518
0 0.735197 0.220324 0.027960 0.055755
0 0.361020 0.182554 0.027961 0.073741
0 0.192023 0.726619 0.035362 0.071942
0 0.666530 0.205036 0.035362 0.061151
0 0.465461 0.588130 0.026316 0.061151
0 0.438734 0.202338 0.046875 0.091727
0 0.425576 0.681655 0.030428 0.071942
0 0.583882 0.756295 0.031250 0.088129
0 0.919408 0.201439 0.034539 0.061151
0 0.189967 0.205036 0.046053 0.075540
0 0.595806 0.426259 0.041941 0.089928
0 0.317023 0.143885 0.040296 0.089928
0 0.850740 0.128597 0.043586 0.084532
0 0.305921 0.912770 0.037829 0.070144
0 0.619655 0.784173 0.051809 0.111511
0 0.770970 0.835432 0.004112 0.008993
0 0.865132 0.982014 0.029605 0.028777
0 0.804276 0.866906 0.003289 0.007194
0 0.814145 0.602518 0.003289 0.010791
0 0.510691 0.488309 0.003289 0.012590
0 0.711760 0.625000 0.004112 0.008993
0 0.527549 0.249101 0.004112 0.008993
0 0.331003 0.738309 0.004112 0.008993
0 0.710526 0.535971 0.004934 0.014388
0 0.775493 0.739209 0.003289 0.010791
0 0.504523 0.883993 0.004112 0.008993
0 0.210938 0.795863 0.007401 0.019784
0 0.651727 0.729317 0.004112 0.008993
0 0.662418 0.763489 0.004112 0.012590
0 0.622944 0.394784 0.004112 0.012590
0 0.566201 0.943345 0.004112 0.012590
0 0.804688 0.020684 0.004112 0.008993
0 0.464227 0.954137 0.004112 0.012590
0 0.801398 0.502698 0.004112 0.012590
0 0.583470 0.616007 0.004112 0.012590
0 0.057566 0.794964 0.004934 0.039568
0 0.585526 0.287770 0.004934 0.010791
0 0.671464 0.014389 0.005757 0.010791
0 0.568668 0.355216 0.004112 0.012590
0 0.929276 0.551259 0.029605 0.066547
0 0.785773 0.669964 0.004112 0.012590
0 0.423109 0.063849 0.004112 0.012590
0 0.601562 0.368705 0.005757 0.017986
0 0.590049 0.578237 0.007401 0.012590
0 0.646382 0.127698 0.004934 0.014388
0 0.549342 0.395683 0.004934 0.017986
0 0.907895 0.988309 0.009868 0.019784
0 0.664062 0.040468 0.005757 0.016187
0 0.678865 0.387590 0.007401 0.012590
