0 0.123766 0.345324 0.007401 0.017986
0 0.620066 0.478417 0.011513 0.021583
0 0.793174 0.008993 0.018915 0.017986
0 0.380757 0.049460 0.009868 0.026978
0 0.527549 0.892986 0.013980 0.016187
0 0.530428 0.744604 0.011513 0.025180
0 0.523026 0.989209 0.011513 0.017986
0 0.767681 0.008993 0.027138 0.017986
0 0.138569 0.918165 0.009046 0.026978
0 0.688734 0.988309 0.027138 0.019784
0 0.597451 0.262590 0.012335 0.021583
0 0.420641 0.008094 0.018914 0.016187
0 0.563322 0.743705 0.013158 0.026978
0 0.647204 0.971223 0.011513 0.021583
0 0.728618 0.471223 0.013158 0.021583
0 0.326069 0.963130 0.063322 0.073741
0 0.253701 0.790468 0.013980 0.030575
0 0.825247 0.338129 0.030428 0.039568
0 0.425164 0.530576 0.023026 0.057554
0 0.307977 0.119604 0.037007 0.044964
0 0.738076 0.388489 0.035362 0.064748
0 0.405016 0.391187 0.020559 0.052158
0 0.275905 0.943345 0.023849 0.037770
0 0.265625 0.638489 0.016447 0.043166
0 0.677632 0.581835 0.046053 0.095324
0 0.453536 0.394784 0.028783 0.041367
0 0.763980 0.411871 0.034540 0.093525
0 0.171053 0.981115 0.024671 0.034173
0 0.643914 0.089928 0.027960 0.039568
0 0.713816 0.669065 0.026316 0.039568
0 0.165707 0.804856 0.040296 0.062950
0 0.761924 0.498201 0.040296 0.061151
0 0.388569 0.942446 0.028783 0.050360
0 0.608141 0.039568 0.030428 0.071942
0 0.788240 0.531475 0.023849 0.059353
0 0.125411 0.761691 0.043585 0.070144
0 0.148026 0.026978 0.027960 0.050360
0 0.513569 0.616007 0.027138 0.062950
0 0.766859 0.097122 0.027138 0.039568
0 0.750822 0.287770 0.024671 0.043166
0 0.178454 0.549460 0.039474 0.070144
0 0.926809 0.738309 0.034539 0.070144
0 0.363487 0.944245 0.023026 0.053957
0 0.655428 0.394784 0.029605 0.052158
0 0.554276 0.337230 0.027960 0.059352
0 0.630345 0.499101 0.033717 0.066547
0 0.368832 0.806655 0.032072 0.066547
0 0.701480 0.406475 0.032895 0.068345
0 0.131579 0.123201 0.074013 0.106115
0 0.502467 0.178957 0.046053 0.091727
0 0.564556 0.963130 0.032072 0.073741
0 0.360197 0.514389 0.041118 0.071942
0 0.417352 0.339928 0.038651 0.086331
0 0.692434 0.236511 0.037829 0.073741
0 0.210526 0.929856 0.044408 0.097122
0 0.134868 0.265288 0.065790 0.109712
0 0.420230 0.110612 0.031250 0.062950
0 0.367599 0.112410 0.059210 0.098921
0 0.806743 0.208633 0.050987 0.082734
0 0.319079 0.060252 0.039474 0.077338
0 0.168997 0.723022 0.032072 0.082734
0 0.694079 0.785072 0.044408 0.116906
0 0.733964 0.090827 0.030428 0.080935
0 0.543586 0.254496 0.031250 0.080935
0 0.734786 0.697842 0.004112 0.007194
0 0.736842 0.464928 0.004934 0.012590
0 0.664885 0.271583 0.004112 0.010791
0 0.277549 0.598921 0.004112 0.010791
0 0.870477 0.466727 0.004112 0.008993
0 0.629934 0.892086 0.003289 0.010791
0 0.896382 0.754496 0.004934 0.008993
0 0.709704 0.083633 0.004934 0.008993
0 0.212582 0.118705 0.004112 0.017986
0 0.588816 0.611511 0.003289 0.014388
0 0.776316 0.733813 0.003289 0.010791
0 0.369655 0.747302 0.004112 0.008993
0 0.571546 0.142986 0.004934 0.008993
0 0.227385 0.065648 0.005757 0.008993
0 0.379934 0.352518 0.006579 0.010791
0 0.120477 0.672662 0.004112 0.010791
0 0.245477 0.018885 0.005757 0.012590
0 0.556332 0.520683 0.004112 0.012590
0 0.504112 0.098022 0.003289 0.012590
0 0.829770 0.111511 0.004934 0.010791
0 0.218750 0.057554 0.004934 0.010791
0 0.342516 0.397482 0.004112 0.010791
0 0.413240 0.414568 0.005757 0.016187
0 0.244655 0.094424 0.004112 0.012590
0 0.678865 0.436151 0.004112 0.012590
0 0.407484 0.688849 0.005757 0.010791
0 0.414062 0.255396 0.007401 0.010791
0 0.685033 0.892986 0.004934 0.012590
0 0.393914 0.768885 0.004934 0.012590
0 0.631990 0.843525 0.005757 0.017986
0 0.556332 0.082734 0.007401 0.010791
0 0.189967 0.767986 0.006579 0.014388
0 0.321135 0.887590 0.005757 0.016187
0 0.237253 0.503597 0.007401 0.017986
0 0.458882 0.708633 0.006579 0.017986
