0 0.784128 0.505396 0.009046 0.017986
0 0.673931 0.127698 0.010691 0.025180
0 0.773438 0.330935 0.009046 0.021583
0 0.545641 0.518885 0.009046 0.019784
0 0.550987 0.750899 0.008224 0.016187
0 0.796875 0.592626 0.008224 0.019784
0 0.761102 0.990108 0.022204 0.016187
0 0.601974 0.670863 0.014803 0.025180
0 0.590461 0.273381 0.011513 0.021583
0 0.428043 0.983813 0.010691 0.028777
0 0.734786 0.038669 0.010691 0.026978
0 0.634868 0.598921 0.016447 0.050360
0 0.657484 0.709532 0.017270 0.030575
0 0.317023 0.016187 0.037007 0.032374
0 0.709293 0.325540 0.012335 0.028777
0 0.620066 0.687950 0.014803 0.026978
0 0.576480 0.637590 0.044408 0.091727
0 0.689145 0.553058 0.019737 0.034173
0 0.426809 0.748201 0.037829 0.082734
0 0.340461 0.317446 0.018092 0.037770
0 0.794408 0.016187 0.027960 0.032374
0 0.454770 0.014389 0.026316 0.028777
0 0.189556 0.609712 0.027138 0.046763
0 0.077303 0.717626 0.031250 0.053957
0 0.522204 0.231115 0.019737 0.034173
0 0.289885 0.744604 0.018914 0.050360
0 0.181332 0.017086 0.037007 0.034173
0 0.372944 0.335432 0.035362 0.048561
0 0.923931 0.235612 0.063322 0.190647
0 0.396793 0.214928 0.028783 0.037770
0 0.560033 0.542266 0.026316 0.059353
0 0.438322 0.803957 0.031250 0.053957
0 0.601562 0.523381 0.032072 0.053957
0 0.705592 0.272482 0.031250 0.059352
0 0.259868 0.607914 0.031250 0.061151
0 0.576480 0.532374 0.029605 0.064748
0 0.422286 0.034173 0.030428 0.068345
0 0.871711 0.975719 0.032895 0.044964
0 0.655839 0.757194 0.017270 0.053957
0 0.121711 0.624101 0.032895 0.046763
0 0.578947 0.789568 0.052632 0.079137
0 0.862253 0.847122 0.023849 0.043166
0 0.226974 0.448741 0.023026 0.070144
0 0.185444 0.445144 0.035362 0.073741
0 0.611020 0.477518 0.034540 0.066547
0 0.075658 0.763489 0.029605 0.044964
0 0.514803 0.046763 0.024671 0.061151
0 0.262747 0.376799 0.046875 0.062950
0 0.494655 0.967626 0.063322 0.064748
0 0.464227 0.817446 0.025493 0.062950
0 0.495066 0.634892 0.026316 0.053957
0 0.729441 0.882194 0.047697 0.062950
0 0.240132 0.126799 0.021382 0.059352
0 0.771793 0.870504 0.032072 0.064748
0 0.582237 0.848022 0.021382 0.062950
0 0.382401 0.521583 0.023026 0.068345
0 0.213816 0.563849 0.026316 0.070144
0 0.395148 0.664568 0.030428 0.052158
0 0.108141 0.546763 0.030428 0.046763
0 0.590461 0.337230 0.026316 0.066547
0 0.560855 0.068345 0.027960 0.050360
0 0.618832 0.154676 0.022204 0.068345
0 0.654194 0.600719 0.038651 0.122302
0 0.797697 0.938849 0.036184 0.082734
0 0.822780 0.045863 0.053454 0.088130
0 0.188734 0.216727 0.032072 0.055755
0 0.328947 0.727518 0.031250 0.066547
0 0.331826 0.852518 0.028783 0.057554
0 0.773026 0.043166 0.027960 0.046763
0 0.890625 0.034173 0.034539 0.068345
0 0.189145 0.690647 0.036184 0.079137
0 0.918586 0.856115 0.032895 0.057554
0 0.283717 0.694245 0.034539 0.057554
0 0.263980 0.862410 0.029605 0.052158
0 0.289885 0.050360 0.040296 0.093525
0 0.564967 0.204137 0.044408 0.084532
0 0.144737 0.533273 0.047697 0.077338
0 0.218339 0.330935 0.038651 0.104317
0 0.381168 0.162770 0.004112 0.008993
0 0.678454 0.413669 0.004934 0.010791
0 0.643092 0.464928 0.003289 0.012590
0 0.563322 0.582734 0.004934 0.010791
0 0.628289 0.047662 0.003289 0.008993
0 0.691612 0.992806 0.006579 0.010791
0 0.423109 0.580935 0.004112 0.010791
0 0.830181 0.361511 0.004112 0.014389
0 0.536184 0.807554 0.003289 0.010791
0 0.532484 0.489209 0.004112 0.010791
0 0.601974 0.374101 0.004934 0.010791
0 0.660773 0.409173 0.004112 0.012590
0 0.629112 0.704137 0.003289 0.008993
0 0.518914 0.589928 0.003289 0.010791
0 0.694490 0.800360 0.004112 0.014388
0 0.478207 0.005396 0.004112 0.010791
0 0.573602 0.922662 0.004112 0.010791
0 0.442434 0.669964 0.003289 0.012590
0 0.656250 0.504496 0.003289 0.012590
0 0.622944 0.575540 0.004112 0.014388
0 0.132812 0.303957 0.004112 0.010791
0 0.442023 0.301259 0.004112 0.008993
0 0.223273 0.880396 0.004112 0.012590
0 0.370888 0.143885 0.003289 0.010791
0 0.487253 0.700540 0.004112 0.012590
0 0.585526 0.867806 0.011513 0.026978
0 0.648849 0.312050 0.004934 0.008993
0 0.456003 0.074640 0.004112 0.012590
0 0.465049 0.709532 0.004112 0.012590
0 0.835938 0.156475 0.005757 0.010791
0 0.676398 0.520683 0.005757 0.012590
0 0.616776 0.213129 0.004934 0.016187
0 0.553865 0.384892 0.007401 0.010791
0 0.635691 0.782374 0.006579 0.010791
0 0.607730 0.855216 0.004934 0.012590
0 0.692845 0.982014 0.009046 0.017986
0 0.883635 0.395683 0.007401 0.010791
0 0.664062 0.890288 0.007401 0.010791
0 0.685444 0.238309 0.004112 0.012590
0 0.717928 0.968525 0.004934 0.012590
0 0.456003 0.348022 0.007401 0.019784
0 0.567434 0.897482 0.008224 0.017986
0 0.603618 0.585432 0.006579 0.016187
