0 0.740132 0.277878 0.008224 0.023381
0 0.790296 0.789568 0.008224 0.017986
0 0.482730 0.668165 0.014803 0.016187
0 0.760691 0.113309 0.008224 0.025180
0 0.580181 0.868705 0.012335 0.021583
0 0.786184 0.283273 0.016447 0.023381
0 0.735197 0.312050 0.014803 0.023381
0 0.349507 0.984712 0.029605 0.026978
0 0.538240 0.775180 0.022204 0.057554
0 0.782895 0.656475 0.013158 0.028777
0 0.661595 0.500000 0.022204 0.050360
0 0.923931 0.529676 0.030428 0.073741
0 0.524260 0.529676 0.020559 0.044964
0 0.734786 0.983813 0.022204 0.028777
0 0.731086 0.703237 0.016447 0.035971
0 0.692023 0.685252 0.018915 0.028777
0 0.263569 0.980216 0.050164 0.039568
0 0.476974 0.196942 0.039474 0.062950
0 0.923520 0.089029 0.032895 0.070144
0 0.233141 0.186151 0.035362 0.041367
0 0.922286 0.016187 0.028783 0.032374
0 0.337582 0.196942 0.037007 0.059353
0 0.650082 0.178058 0.017270 0.028777
0 0.451069 0.021583 0.025493 0.043165
0 0.321957 0.855216 0.035362 0.062950
0 0.693257 0.420863 0.027960 0.053957
0 0.688734 0.273381 0.017270 0.043166
0 0.411184 0.934353 0.031250 0.077338
0 0.229441 0.033273 0.059211 0.066547
0 0.680510 0.028777 0.037007 0.050360
0 0.073191 0.305755 0.024671 0.046763
0 0.158306 0.531475 0.032072 0.048561
0 0.539885 0.322842 0.022204 0.044964
0 0.602385 0.828237 0.040296 0.066547
0 0.555921 0.774281 0.026316 0.055755
0 0.334293 0.154676 0.023849 0.046763
0 0.920230 0.916367 0.034539 0.048561
0 0.435444 0.060252 0.025493 0.048561
0 0.660362 0.313849 0.042763 0.091727
0 0.194079 0.214029 0.024671 0.050360
0 0.764391 0.718525 0.033717 0.066547
0 0.133635 0.268885 0.033717 0.062950
0 0.204359 0.850719 0.025493 0.061151
0 0.687911 0.353417 0.060033 0.109712
0 0.111842 0.965827 0.064145 0.068345
0 0.612664 0.726619 0.034540 0.046763
0 0.857730 0.160971 0.029605 0.048561
0 0.131990 0.594424 0.023849 0.052158
0 0.220395 0.361511 0.027961 0.061151
0 0.313734 0.968525 0.041941 0.062950
0 0.833059 0.030575 0.047697 0.061151
0 0.593339 0.542266 0.037007 0.066547
0 0.608553 0.898381 0.024671 0.055755
0 0.910362 0.971223 0.024671 0.050360
0 0.839638 0.378597 0.041118 0.062950
0 0.675987 0.466727 0.027960 0.059353
0 0.793174 0.069245 0.027138 0.073741
0 0.560855 0.067446 0.044408 0.102518
0 0.543174 0.665468 0.035362 0.057554
0 0.875411 0.843525 0.035362 0.064748
0 0.538651 0.455036 0.032895 0.064748
0 0.411184 0.594424 0.026316 0.073741
0 0.531250 0.359712 0.026316 0.050360
0 0.456003 0.327338 0.033717 0.071942
0 0.376645 0.377698 0.036184 0.075540
0 0.620066 0.635791 0.027960 0.048561
0 0.818257 0.457734 0.034540 0.059352
0 0.517681 0.803957 0.032072 0.057554
0 0.618832 0.475719 0.048520 0.098921
0 0.171464 0.481115 0.032072 0.055755
0 0.192434 0.694245 0.023026 0.075540
0 0.828125 0.117806 0.032895 0.091727
0 0.509046 0.189748 0.026316 0.059353
0 0.370888 0.236511 0.032895 0.070144
0 0.208882 0.777878 0.032895 0.077338
0 0.718750 0.613309 0.031250 0.064748
0 0.717105 0.428058 0.036184 0.086331
0 0.394737 0.687950 0.032895 0.073741
0 0.419408 0.835432 0.037829 0.106115
0 0.425164 0.178058 0.041118 0.075540
0 0.435033 0.919065 0.031250 0.046763
0 0.305099 0.742806 0.003289 0.010791
0 0.368421 0.652878 0.003289 0.010791
0 0.487664 0.768885 0.003289 0.008993
0 0.349095 0.499101 0.005757 0.008993
0 0.236020 0.060252 0.021382 0.030575
0 0.236842 0.682554 0.003289 0.012590
0 0.717105 0.651079 0.013158 0.017986
0 0.639803 0.892986 0.003289 0.012590
0 0.697780 0.881295 0.004112 0.007194
0 0.759046 0.808453 0.003289 0.008993
0 0.558799 0.884892 0.004112 0.010791
0 0.638158 0.850719 0.004934 0.014388
0 0.828125 0.642086 0.004934 0.010791
0 0.659539 0.698741 0.004934 0.008993
0 0.672286 0.431655 0.005757 0.014389
0 0.766859 0.293165 0.005757 0.010791
0 0.646793 0.699640 0.005757 0.010791
0 0.404194 0.295863 0.005757 0.008993
0 0.664885 0.582734 0.005757 0.010791
0 0.353618 0.164568 0.004934 0.016187
0 0.377056 0.496403 0.005757 0.014388
0 0.600740 0.199640 0.005757 0.032374
0 0.673109 0.588130 0.005757 0.017986
0 0.493832 0.865108 0.005757 0.032374
0 0.782072 0.346223 0.008224 0.012590
0 0.630757 0.142086 0.008224 0.017986
0 0.817023 0.552158 0.007401 0.014388
0 0.744243 0.611511 0.008224 0.017986
