0 0.555099 0.694245 0.008224 0.017986
0 0.497944 0.548561 0.009046 0.017986
0 0.561678 0.600719 0.006579 0.017986
0 0.516447 0.114209 0.009868 0.023381
0 0.389803 0.727518 0.009868 0.016187
0 0.652961 0.627698 0.011513 0.017986
0 0.279194 0.808453 0.009046 0.019784
0 0.261513 0.010791 0.026316 0.021583
0 0.671464 0.009892 0.033717 0.019784
0 0.583470 0.348022 0.010691 0.019784
0 0.658306 0.388489 0.009046 0.021583
0 0.504934 0.060252 0.011513 0.023381
0 0.305099 0.229317 0.014803 0.026978
0 0.486431 0.013489 0.030428 0.026978
0 0.729030 0.986511 0.025493 0.023381
0 0.453536 0.732914 0.015625 0.055755
0 0.187911 0.398381 0.018915 0.026978
0 0.264391 0.910971 0.028783 0.044964
0 0.488898 0.637590 0.023849 0.055755
0 0.313734 0.361511 0.025493 0.039568
0 0.614309 0.332734 0.021382 0.057554
0 0.927220 0.883993 0.025493 0.055755
0 0.137747 0.027878 0.037007 0.055755
0 0.810444 0.019784 0.022204 0.039568
0 0.323602 0.741007 0.027138 0.050360
0 0.605674 0.948741 0.023849 0.055755
0 0.527961 0.955036 0.031250 0.046763
0 0.776316 0.385791 0.027960 0.055755
0 0.742188 0.543165 0.027138 0.061151
0 0.096217 0.864209 0.036184 0.048561
0 0.202303 0.681655 0.046053 0.136691
0 0.655839 0.273381 0.028783 0.057554
0 0.515214 0.704137 0.032072 0.062950
0 0.231497 0.685252 0.022204 0.053957
0 0.321546 0.305755 0.026316 0.039568
0 0.460938 0.221223 0.022204 0.061151
0 0.441201 0.467626 0.018915 0.057554
0 0.418586 0.597122 0.029605 0.064748
0 0.632812 0.733813 0.023849 0.053957
0 0.763980 0.034173 0.042763 0.068345
0 0.920641 0.473022 0.022204 0.061151
0 0.479852 0.904676 0.020559 0.057554
0 0.752467 0.276079 0.039474 0.066547
0 0.396793 0.867806 0.025493 0.055755
0 0.337582 0.571043 0.040296 0.055755
0 0.249178 0.836331 0.057566 0.100719
0 0.453125 0.519784 0.027960 0.053957
0 0.375000 0.075540 0.029605 0.061151
0 0.847451 0.536870 0.025493 0.066547
0 0.545230 0.167266 0.024671 0.071942
0 0.558799 0.236511 0.023849 0.055755
0 0.805510 0.376799 0.037007 0.066547
0 0.426398 0.647482 0.027138 0.064748
0 0.089638 0.673561 0.042763 0.073741
0 0.159951 0.040468 0.032072 0.059353
0 0.241365 0.234712 0.046875 0.077338
0 0.524260 0.074640 0.028783 0.048561
0 0.583059 0.585432 0.031250 0.062950
0 0.790707 0.427158 0.027138 0.048561
0 0.608553 0.680755 0.023026 0.073741
0 0.713405 0.051259 0.025493 0.077338
0 0.496711 0.946942 0.037829 0.066547
0 0.522615 0.148381 0.027138 0.066547
0 0.469984 0.750899 0.035362 0.088129
0 0.363076 0.297662 0.037007 0.055755
0 0.927632 0.207734 0.029605 0.059352
0 0.802220 0.872302 0.028783 0.071942
0 0.212993 0.468525 0.042763 0.080935
0 0.630345 0.060252 0.025493 0.077338
0 0.768092 0.193345 0.036184 0.077338
0 0.184211 0.213129 0.065789 0.131295
0 0.148849 0.817446 0.037829 0.066547
0 0.408306 0.834532 0.020559 0.053957
0 0.657484 0.696942 0.004112 0.008993
0 0.628701 0.993705 0.004112 0.008993
0 0.614720 0.214928 0.004112 0.008993
0 0.900905 0.846223 0.004112 0.008993
0 0.602385 0.909173 0.004112 0.008993
0 0.726562 0.396583 0.004112 0.008993
0 0.510691 0.243705 0.003289 0.008993
0 0.143914 0.458633 0.004934 0.010791
0 0.650905 0.068345 0.004112 0.010791
0 0.442023 0.576439 0.004112 0.008993
0 0.776316 0.915468 0.003289 0.010791
0 0.664885 0.741007 0.004112 0.010791
0 0.629934 0.870504 0.003289 0.010791
0 0.652961 0.724820 0.004934 0.007194
0 0.128701 0.304856 0.004112 0.008993
0 0.581826 0.928957 0.004112 0.008993
0 0.312089 0.134892 0.004112 0.010791
0 0.249589 0.358813 0.004112 0.012590
0 0.622944 0.652878 0.004112 0.017986
0 0.675576 0.473022 0.004112 0.010791
0 0.534539 0.668165 0.004934 0.012590
0 0.728207 0.691547 0.005757 0.008993
0 0.812500 0.983813 0.004934 0.010791
0 0.827303 0.040468 0.004934 0.008993
0 0.786595 0.993705 0.004112 0.008993
0 0.650905 0.456835 0.004112 0.014389
0 0.478618 0.697842 0.003289 0.010791
0 0.514803 0.773381 0.004934 0.010791
0 0.648026 0.228417 0.004934 0.010791
0 0.356908 0.959532 0.006579 0.016187
0 0.570312 0.922662 0.004112 0.010791
0 0.371711 0.904676 0.004934 0.010791
0 0.567023 0.463129 0.004112 0.019784
0 0.471217 0.635791 0.004934 0.012590
0 0.286595 0.890288 0.004112 0.014388
0 0.747533 0.608813 0.004934 0.012590
0 0.707237 0.607014 0.006579 0.012590
0 0.388980 0.599820 0.004934 0.019784
0 0.392681 0.262590 0.004112 0.014389
0 0.358141 0.419964 0.005757 0.016187
0 0.555510 0.086331 0.004112 0.021583
0 0.491776 0.047662 0.004934 0.012590
0 0.617599 0.848921 0.004934 0.014388
0 0.366776 0.005396 0.006579 0.010791
0 0.591694 0.394784 0.007401 0.012590
0 0.672286 0.516187 0.009046 0.017986
0 0.579359 0.888489 0.005757 0.017986
0 0.539474 0.536870 0.008224 0.012590
0 0.632401 0.839029 0.004934 0.016187
0 0.548931 0.006295 0.018915 0.012590
