0 0.058799 0.104317 0.013980 0.050360
0 0.433388 0.683453 0.008224 0.025180
0 0.489720 0.675360 0.007401 0.023381
0 0.601151 0.233813 0.009868 0.017986
0 0.838405 0.835432 0.007401 0.019784
0 0.745066 0.156475 0.009868 0.021583
0 0.721628 0.399281 0.009046 0.017986
0 0.734375 0.708633 0.011513 0.025180
0 0.335526 0.471223 0.009868 0.017986
0 0.054688 0.528777 0.020559 0.086331
0 0.647615 0.607914 0.012335 0.025180
0 0.832237 0.586331 0.013158 0.021583
0 0.587993 0.964928 0.024671 0.048561
0 0.078125 0.524281 0.041118 0.091727
0 0.287829 0.228417 0.031250 0.064748
0 0.367599 0.869604 0.032895 0.066547
0 0.750411 0.080036 0.022204 0.062950
0 0.664474 0.089928 0.026316 0.053957
0 0.726151 0.443345 0.037829 0.062950
0 0.351151 0.518885 0.024671 0.066547
0 0.174753 0.287770 0.022204 0.061151
0 0.812089 0.421763 0.028783 0.066547
0 0.737253 0.616007 0.037007 0.041367
0 0.405016 0.357914 0.015625 0.043166
0 0.500822 0.281475 0.032895 0.055755
0 0.298109 0.498201 0.040296 0.097122
0 0.286184 0.168165 0.027961 0.055755
0 0.649260 0.152878 0.022204 0.079137
0 0.478207 0.555755 0.027138 0.057554
0 0.640625 0.925360 0.019737 0.052158
0 0.468339 0.368705 0.022204 0.043166
0 0.356086 0.348921 0.031250 0.050360
0 0.678043 0.470324 0.022204 0.044964
0 0.434211 0.334532 0.029605 0.064748
0 0.408717 0.609712 0.019737 0.061151
0 0.712171 0.508993 0.024671 0.053957
0 0.717928 0.760791 0.027960 0.061151
0 0.260691 0.338129 0.031250 0.064748
0 0.634868 0.976619 0.046053 0.043165
0 0.077303 0.111511 0.037829 0.079137
0 0.329770 0.506295 0.023026 0.059353
0 0.379112 0.908273 0.041118 0.097122
0 0.919408 0.756295 0.034539 0.048561
0 0.401727 0.022482 0.027138 0.044964
0 0.918997 0.879496 0.038651 0.053957
0 0.314145 0.383993 0.057566 0.095324
0 0.261924 0.749101 0.037007 0.084532
0 0.337582 0.929856 0.025493 0.043165
0 0.754112 0.407374 0.023026 0.052158
0 0.769326 0.021583 0.025493 0.043165
0 0.441201 0.831835 0.025493 0.052158
0 0.191201 0.436151 0.030428 0.062950
0 0.329359 0.272482 0.035362 0.066547
0 0.787829 0.046763 0.026316 0.050360
0 0.546464 0.068345 0.037007 0.053957
0 0.328125 0.044964 0.046053 0.089928
0 0.302220 0.973921 0.033717 0.048561
0 0.264391 0.549460 0.030428 0.070144
0 0.235609 0.973921 0.035362 0.052158
0 0.331826 0.794964 0.051809 0.082734
0 0.845806 0.956835 0.033717 0.079137
0 0.571135 0.767986 0.025493 0.050360
0 0.557566 0.883993 0.037829 0.066547
0 0.222039 0.221223 0.049342 0.068345
0 0.821957 0.247302 0.055099 0.106115
0 0.395559 0.411871 0.029605 0.071942
0 0.608553 0.733813 0.037829 0.133094
0 0.416941 0.949640 0.042763 0.071942
0 0.182155 0.352518 0.043585 0.079137
0 0.918174 0.135791 0.038651 0.062950
0 0.137747 0.243705 0.045230 0.113309
0 0.625000 0.417266 0.004934 0.010791
0 0.756990 0.301259 0.004112 0.012590
0 0.604852 0.563849 0.004112 0.012590
0 0.734375 0.945144 0.003289 0.008993
0 0.635280 0.027878 0.005757 0.034173
0 0.526727 0.544964 0.004112 0.010791
0 0.223684 0.776079 0.003289 0.016187
0 0.479852 0.186151 0.007401 0.008993
0 0.528372 0.663669 0.004112 0.010791
0 0.745888 0.110612 0.008224 0.019784
0 0.654194 0.832734 0.004112 0.010791
0 0.300164 0.583633 0.004934 0.012590
0 0.617188 0.563849 0.004112 0.016187
0 0.530839 0.416367 0.004112 0.012590
0 0.589227 0.612410 0.004112 0.008993
0 0.627056 0.357014 0.004112 0.012590
0 0.625000 0.183453 0.004934 0.014388
0 0.635280 0.750899 0.005757 0.008993
0 0.121299 0.663669 0.004112 0.014388
0 0.404194 0.830935 0.004112 0.010791
0 0.550576 0.761691 0.004112 0.012590
0 0.254523 0.859712 0.004112 0.010791
0 0.643503 0.738309 0.004112 0.012590
0 0.177220 0.247302 0.009046 0.019784
0 0.491365 0.451439 0.004112 0.014389
0 0.478618 0.463129 0.004934 0.012590
0 0.608141 0.437950 0.005757 0.012590
0 0.692023 0.426259 0.005757 0.010791
0 0.757812 0.717626 0.007401 0.010791
0 0.159539 0.753597 0.006579 0.010791
0 0.525493 0.757194 0.006579 0.010791
0 0.578947 0.549460 0.006579 0.016187
0 0.652138 0.572842 0.008224 0.012590
0 0.616776 0.006295 0.019737 0.012590
0 0.775493 0.711331 0.006579 0.019784
