0 0.616776 0.349820 0.008224 0.019784
0 0.199013 0.534173 0.008224 0.017986
0 0.421053 0.435252 0.008224 0.014389
0 0.467516 0.986511 0.007401 0.019784
0 0.389391 0.815647 0.005757 0.016187
0 0.419819 0.925360 0.010691 0.019784
0 0.503289 0.277878 0.014803 0.023381
0 0.895970 0.589928 0.020559 0.035971
0 0.505345 0.628597 0.010691 0.019784
0 0.630345 0.587230 0.009046 0.019784
0 0.489309 0.967626 0.011513 0.017986
0 0.731908 0.079137 0.018092 0.032374
0 0.247533 0.290468 0.009868 0.026978
0 0.664062 0.016187 0.013980 0.032374
0 0.274260 0.908273 0.023849 0.064748
0 0.099095 0.746403 0.030428 0.053957
0 0.228207 0.035971 0.012336 0.028777
0 0.499178 0.014389 0.019737 0.028777
0 0.841283 0.171763 0.016447 0.026978
0 0.799342 0.525180 0.023026 0.061151
0 0.723273 0.235612 0.018915 0.035971
0 0.800164 0.765288 0.016447 0.037770
0 0.076891 0.939748 0.030428 0.091727
0 0.617188 0.709532 0.013980 0.052158
0 0.186678 0.979317 0.041118 0.034173
0 0.260280 0.527878 0.035362 0.055755
0 0.446546 0.804856 0.042763 0.073741
0 0.740954 0.349820 0.021382 0.037770
0 0.379934 0.705935 0.024671 0.055755
0 0.836760 0.443345 0.035362 0.066547
0 0.430099 0.849820 0.031250 0.073741
0 0.250822 0.171763 0.032895 0.052158
0 0.456826 0.214029 0.030428 0.043166
0 0.537418 0.629496 0.022204 0.050360
0 0.377056 0.053957 0.040296 0.068345
0 0.726974 0.448741 0.031250 0.062950
0 0.099918 0.848921 0.027138 0.046763
0 0.774260 0.286871 0.030428 0.052158
0 0.291941 0.561151 0.032895 0.089928
0 0.808388 0.406475 0.026316 0.057554
0 0.414474 0.491906 0.031250 0.062950
0 0.403372 0.857014 0.025493 0.052158
0 0.472039 0.309353 0.026316 0.061151
0 0.724918 0.287770 0.038651 0.071942
0 0.679276 0.487410 0.032895 0.053957
0 0.418586 0.723921 0.029605 0.055755
0 0.685444 0.441547 0.027138 0.044964
0 0.671875 0.908273 0.029605 0.061151
0 0.691201 0.325540 0.023849 0.046763
0 0.618010 0.401079 0.028783 0.050360
0 0.821957 0.673561 0.035362 0.059353
0 0.608141 0.142086 0.023849 0.050360
0 0.781250 0.776079 0.024671 0.052158
0 0.602385 0.546763 0.038651 0.071942
0 0.393092 0.187950 0.034539 0.055755
0 0.558799 0.839928 0.023849 0.071942
0 0.881579 0.568345 0.044408 0.089928
0 0.125822 0.705935 0.044408 0.070144
0 0.409951 0.141187 0.025493 0.052158
0 0.595806 0.853417 0.028783 0.052158
0 0.388980 0.521583 0.031250 0.079137
0 0.412418 0.053957 0.037007 0.057554
0 0.235609 0.397482 0.038651 0.122302
0 0.780428 0.341727 0.037829 0.068345
0 0.086760 0.270683 0.033717 0.062950
0 0.444901 0.089029 0.024671 0.062950
0 0.327303 0.564748 0.059211 0.118705
0 0.401727 0.430755 0.028783 0.052158
0 0.821135 0.563849 0.030428 0.048561
0 0.463816 0.906475 0.034540 0.057554
0 0.178865 0.555755 0.038651 0.075540
0 0.568257 0.337230 0.037829 0.066547
0 0.556743 0.064748 0.026316 0.061151
0 0.617188 0.253597 0.033717 0.068345
0 0.706826 0.805755 0.048520 0.118705
0 0.630345 0.812950 0.068257 0.100719
0 0.474507 0.158273 0.034540 0.071942
0 0.312500 0.950540 0.046053 0.084532
0 0.691201 0.627698 0.022204 0.053957
0 0.633635 0.935252 0.030428 0.079137
0 0.244243 0.739209 0.047697 0.122302
0 0.132812 0.356115 0.045230 0.079137
0 0.382401 0.269784 0.003289 0.010791
0 0.201480 0.651978 0.003289 0.008993
0 0.411184 0.348022 0.003289 0.008993
0 0.225329 0.926259 0.004934 0.010791
0 0.210526 0.119604 0.003289 0.008993
0 0.857319 0.752698 0.004112 0.008993
0 0.608964 0.326439 0.010691 0.034173
0 0.365954 0.461331 0.003289 0.008993
0 0.270559 0.675360 0.004934 0.012590
0 0.474095 0.764389 0.004112 0.010791
0 0.494655 0.443345 0.004112 0.008993
0 0.477796 0.525180 0.004934 0.010791
0 0.685033 0.606115 0.004934 0.010791
0 0.798931 0.993705 0.009046 0.008993
0 0.571135 0.095324 0.004112 0.010791
0 0.578125 0.632194 0.004934 0.008993
0 0.696135 0.535971 0.004112 0.014388
0 0.690789 0.736511 0.003289 0.008993
0 0.437911 0.329137 0.004112 0.010791
0 0.631579 0.732014 0.004934 0.014388
0 0.048520 0.448741 0.004934 0.012590
0 0.793174 0.864209 0.004112 0.008993
0 0.503289 0.552158 0.004934 0.010791
0 0.777138 0.128597 0.004934 0.012590
0 0.576891 0.128597 0.005757 0.008993
0 0.201069 0.609712 0.005757 0.014388
0 0.236842 0.884892 0.003289 0.010791
0 0.803454 0.137590 0.004934 0.008993
0 0.432566 0.809353 0.013158 0.028777
0 0.500000 0.727518 0.004934 0.012590
0 0.613487 0.081835 0.006579 0.008993
0 0.653372 0.552158 0.004112 0.010791
0 0.528372 0.434353 0.005757 0.016187
0 0.673520 0.615108 0.004934 0.010791
0 0.620477 0.347122 0.005757 0.014389
0 0.534951 0.374101 0.005757 0.010791
0 0.622533 0.569245 0.006579 0.019784
0 0.315378 0.495504 0.005757 0.012590
0 0.321957 0.882194 0.005757 0.012590
0 0.337993 0.651978 0.006579 0.016187
0 0.283306 0.327338 0.007401 0.014389
0 0.604852 0.919065 0.004112 0.010791
0 0.635280 0.182554 0.005757 0.012590
0 0.574013 0.511691 0.006579 0.019784
0 0.350740 0.065647 0.010691 0.016187
0 0.341283 0.935252 0.006579 0.014388
0 0.456003 0.009892 0.010691 0.019784
0 0.622944 0.450540 0.005757 0.016187
0 0.258224 0.973921 0.006579 0.016187
0 0.653783 0.106115 0.008224 0.014388
0 0.418997 0.629496 0.007401 0.014388
