0 0.245888 0.569245 0.008224 0.023381
0 0.717105 0.423561 0.008224 0.019784
0 0.544408 0.293165 0.009868 0.025180
0 0.672286 0.646583 0.012335 0.030575
0 0.298109 0.477518 0.017270 0.026978
0 0.268914 0.986511 0.031250 0.026978
0 0.500000 0.312050 0.023026 0.062950
0 0.331826 0.803957 0.012336 0.028777
0 0.748766 0.744604 0.053454 0.118705
0 0.271793 0.784173 0.030428 0.064748
0 0.344984 0.567446 0.023849 0.048561
0 0.813322 0.611511 0.029605 0.053957
0 0.367188 0.240108 0.022204 0.055755
0 0.713405 0.549460 0.028783 0.052158
0 0.666530 0.580935 0.020559 0.039568
0 0.106086 0.978417 0.034539 0.039568
0 0.622944 0.225719 0.023849 0.041367
0 0.576480 0.016187 0.021382 0.032374
0 0.543997 0.016187 0.025493 0.032374
0 0.615132 0.446043 0.021382 0.043165
0 0.833059 0.498201 0.031250 0.043166
0 0.471628 0.300360 0.048520 0.089928
0 0.350740 0.613309 0.027138 0.064748
0 0.382401 0.211331 0.034540 0.066547
0 0.837993 0.110612 0.023026 0.062950
0 0.674753 0.775675 0.033717 0.062950
0 0.266859 0.051259 0.032072 0.044964
0 0.764803 0.393885 0.029605 0.064748
0 0.389803 0.566547 0.032895 0.061151
0 0.694079 0.277878 0.023026 0.048561
0 0.263980 0.100719 0.029605 0.061151
0 0.141859 0.492806 0.032072 0.050360
0 0.361431 0.678957 0.028783 0.070144
0 0.636924 0.559353 0.043585 0.100719
0 0.224918 0.237410 0.027138 0.050360
0 0.368010 0.444245 0.027138 0.061151
0 0.740543 0.234712 0.032072 0.044964
0 0.299753 0.821942 0.040296 0.050360
0 0.266036 0.734712 0.033717 0.077338
0 0.468750 0.098022 0.026316 0.048561
0 0.490543 0.246403 0.038651 0.068345
0 0.226974 0.081835 0.027960 0.048561
0 0.398026 0.319245 0.026316 0.052158
0 0.427632 0.630396 0.021382 0.048561
0 0.236020 0.930755 0.037829 0.073741
0 0.724095 0.518885 0.032072 0.052158
0 0.661184 0.407374 0.029605 0.066547
0 0.699013 0.325540 0.037829 0.053957
0 0.265214 0.905576 0.025493 0.091727
0 0.309211 0.683453 0.057566 0.089928
0 0.299753 0.294065 0.038651 0.073741
0 0.200247 0.218525 0.033717 0.052158
0 0.592516 0.280576 0.035362 0.064748
0 0.522615 0.073741 0.030428 0.071942
0 0.522204 0.178058 0.024671 0.050360
0 0.788240 0.211331 0.028783 0.059353
0 0.297286 0.742806 0.028783 0.061151
0 0.213405 0.354317 0.053454 0.086331
0 0.542763 0.604317 0.044408 0.089928
0 0.795230 0.791367 0.052632 0.104317
0 0.556332 0.819574 0.040296 0.106115
0 0.490954 0.111511 0.003289 0.010791
0 0.552632 0.312950 0.003289 0.007194
0 0.425164 0.886691 0.003289 0.010791
0 0.409951 0.741906 0.004112 0.008993
0 0.367599 0.799460 0.003289 0.008993
0 0.304276 0.201439 0.003289 0.010791
0 0.400082 0.905576 0.004112 0.008993
0 0.478207 0.878597 0.004112 0.008993
0 0.487253 0.036870 0.004112 0.012590
0 0.385691 0.254496 0.003289 0.012590
0 0.413240 0.883993 0.004112 0.012590
0 0.476562 0.734712 0.004112 0.008993
0 0.297697 0.916367 0.003289 0.008993
0 0.164062 0.062050 0.004112 0.008993
0 0.495477 0.491007 0.004112 0.014388
0 0.398026 0.864209 0.003289 0.008993
0 0.427632 0.564748 0.004934 0.010791
0 0.460526 0.866906 0.003289 0.007194
0 0.576891 0.370504 0.004112 0.010791
0 0.215872 0.815647 0.005757 0.023381
0 0.286184 0.927158 0.004934 0.012590
0 0.257812 0.657374 0.004112 0.012590
0 0.766447 0.830036 0.003289 0.008993
0 0.522615 0.429856 0.004112 0.010791
0 0.657895 0.914568 0.004934 0.012590
0 0.434622 0.383094 0.004112 0.010791
0 0.767270 0.631295 0.003289 0.010791
0 0.483553 0.662770 0.004934 0.008993
0 0.543997 0.255396 0.004112 0.010791
0 0.455181 0.068345 0.004112 0.014388
0 0.520148 0.802158 0.004112 0.010791
0 0.195312 0.754496 0.005757 0.012590
0 0.526727 0.305755 0.005757 0.014389
0 0.851974 0.151079 0.004934 0.010791
0 0.382401 0.922662 0.004934 0.010791
0 0.333059 0.374101 0.006579 0.010791
0 0.586349 0.752698 0.003289 0.012590
0 0.506579 0.807554 0.004934 0.010791
0 0.805510 0.677158 0.005757 0.012590
0 0.199424 0.289568 0.004112 0.014389
0 0.647615 0.678957 0.005757 0.012590
0 0.137336 0.907374 0.004934 0.012590
0 0.075658 0.456835 0.008224 0.014389
0 0.250411 0.519784 0.007401 0.014388
0 0.749589 0.961331 0.005757 0.012590
0 0.585115 0.125899 0.007401 0.014388
0 0.643092 0.017086 0.008224 0.016187
0 0.891447 0.750899 0.006579 0.019784
