0 0.784128 0.778777 0.007401 0.014388
0 0.456003 0.749101 0.010691 0.016187
0 0.731908 0.920863 0.011513 0.014388
0 0.303043 0.186151 0.009046 0.019784
0 0.832237 0.861511 0.006579 0.017986
0 0.817434 0.540468 0.011513 0.016187
0 0.593750 0.707734 0.011513 0.019784
0 0.545641 0.594424 0.007401 0.026978
0 0.763569 0.799460 0.010691 0.019784
0 0.723684 0.980216 0.008224 0.021583
0 0.599095 0.782374 0.013980 0.025180
0 0.481086 0.033273 0.014803 0.019784
0 0.334704 0.989209 0.018092 0.021583
0 0.564556 0.404676 0.010691 0.017986
0 0.285362 0.989209 0.011513 0.021583
0 0.691612 0.315647 0.013158 0.026978
0 0.668174 0.523381 0.012335 0.021583
0 0.405428 0.987410 0.019737 0.021583
0 0.226151 0.983813 0.034540 0.028777
0 0.748355 0.573741 0.014803 0.025180
0 0.405016 0.611511 0.018914 0.025180
0 0.675164 0.582734 0.024671 0.053957
0 0.562500 0.984712 0.029605 0.030576
0 0.689556 0.196942 0.013980 0.026978
0 0.216694 0.849820 0.027138 0.037770
0 0.226151 0.661870 0.027960 0.053957
0 0.662418 0.776978 0.033717 0.075540
0 0.402549 0.308453 0.048520 0.066547
0 0.282895 0.430755 0.032895 0.041367
0 0.473684 0.253597 0.034540 0.086331
0 0.523849 0.500000 0.031250 0.061151
0 0.666530 0.730216 0.027138 0.046763
0 0.535773 0.553058 0.028783 0.066547
0 0.499178 0.824640 0.024671 0.062950
0 0.419408 0.815647 0.027961 0.044964
0 0.467928 0.981115 0.023026 0.034173
0 0.735197 0.746403 0.031250 0.068345
0 0.223684 0.788669 0.069079 0.127698
0 0.328125 0.294065 0.021382 0.044964
0 0.856497 0.434353 0.038651 0.048561
0 0.182977 0.455935 0.025493 0.055755
0 0.664474 0.413669 0.026316 0.061151
0 0.561266 0.221223 0.025493 0.046763
0 0.459293 0.716727 0.030428 0.055755
0 0.714638 0.934353 0.026316 0.052158
0 0.165707 0.321942 0.030428 0.057554
0 0.280016 0.667266 0.038651 0.068345
0 0.555510 0.449640 0.022204 0.068345
0 0.293997 0.625000 0.033717 0.095324
0 0.389803 0.657374 0.026316 0.044964
0 0.648026 0.205935 0.032895 0.052158
0 0.541118 0.706835 0.024671 0.050360
0 0.554688 0.935252 0.041941 0.071942
0 0.495066 0.128597 0.029605 0.052158
0 0.521793 0.144784 0.023849 0.055755
0 0.655839 0.308453 0.033717 0.052158
0 0.677632 0.959532 0.026316 0.048561
0 0.359375 0.353417 0.027961 0.066547
0 0.390214 0.924460 0.028783 0.053957
0 0.365543 0.266187 0.043585 0.104317
0 0.148026 0.537770 0.059210 0.104317
0 0.585938 0.437950 0.028783 0.062950
0 0.567023 0.530576 0.040296 0.075540
0 0.784539 0.232014 0.054276 0.097122
0 0.362664 0.701439 0.027961 0.050360
0 0.391447 0.146583 0.029605 0.091727
0 0.297286 0.846223 0.032072 0.077338
0 0.776316 0.727518 0.050987 0.080935
0 0.384457 0.971223 0.022204 0.057554
0 0.719984 0.429856 0.041941 0.071942
0 0.814967 0.767086 0.029605 0.059353
0 0.520559 0.724820 0.023026 0.050360
0 0.116365 0.156475 0.043585 0.111511
0 0.465872 0.176259 0.027138 0.053957
0 0.362253 0.053957 0.030428 0.071942
0 0.543586 0.332734 0.024671 0.082734
0 0.741776 0.866007 0.034540 0.073741
0 0.158717 0.085432 0.041118 0.077338
0 0.185444 0.683453 0.056743 0.107914
0 0.167352 0.955935 0.027138 0.073741
0 0.717105 0.110612 0.031250 0.080935
0 0.464227 0.357014 0.035362 0.066547
0 0.506579 0.038669 0.036184 0.077338
0 0.681743 0.620504 0.004934 0.010791
0 0.377878 0.790468 0.004112 0.008993
0 0.233553 0.045863 0.003289 0.016187
0 0.828536 0.500899 0.005757 0.008993
0 0.509457 0.590827 0.002467 0.012590
0 0.530839 0.401978 0.004112 0.008993
0 0.596628 0.084532 0.004112 0.010791
0 0.619243 0.266187 0.004934 0.010791
0 0.846217 0.126799 0.004934 0.008993
0 0.669819 0.651978 0.004112 0.008993
0 0.876234 0.141187 0.004112 0.008993
0 0.660362 0.008993 0.003289 0.010791
0 0.289474 0.079137 0.004934 0.010791
0 0.414885 0.591727 0.004112 0.010791
0 0.591694 0.251799 0.005757 0.010791
0 0.221217 0.493705 0.004934 0.012590
0 0.813734 0.418165 0.004112 0.008993
0 0.611842 0.692446 0.008224 0.014388
0 0.874589 0.914568 0.004112 0.008993
0 0.653372 0.352518 0.004112 0.010791
0 0.164474 0.014389 0.003289 0.010791
0 0.645148 0.964928 0.005757 0.026978
0 0.576891 0.893885 0.004112 0.010791
0 0.746299 0.993705 0.020559 0.012590
0 0.855674 0.357914 0.004112 0.010791
0 0.633635 0.054856 0.004112 0.008993
0 0.609786 0.503597 0.004112 0.014388
0 0.691612 0.285072 0.004934 0.012590
0 0.616776 0.758094 0.004934 0.008993
0 0.652549 0.859712 0.004112 0.010791
0 0.556743 0.263489 0.004934 0.016187
0 0.525905 0.582734 0.005757 0.014388
0 0.508224 0.566547 0.004934 0.010791
0 0.698602 0.705935 0.005757 0.008993
0 0.645148 0.090827 0.004112 0.012590
0 0.691201 0.505396 0.004112 0.014388
0 0.500411 0.916367 0.004112 0.008993
0 0.853618 0.096223 0.004934 0.012590
0 0.699013 0.392086 0.006579 0.017986
0 0.470806 0.003597 0.009046 0.007194
0 0.615954 0.082734 0.004934 0.010791
0 0.652549 0.651079 0.005757 0.017986
0 0.659539 0.470324 0.003289 0.016187
0 0.606497 0.925360 0.005757 0.016187
0 0.752878 0.928957 0.007401 0.012590
0 0.436678 0.614209 0.006579 0.012590
0 0.501645 0.868705 0.004934 0.017986
0 0.702303 0.883993 0.006579 0.016187
0 0.649671 0.613309 0.004934 0.014388
0 0.667763 0.499101 0.009868 0.016187
0 0.555099 0.790468 0.006579 0.012590
0 0.847451 0.906475 0.005757 0.014388
0 0.555510 0.830935 0.005757 0.017986
0 0.828947 0.830935 0.006579 0.017986
0 0.597862 0.294065 0.006579 0.016187
0 0.725740 0.532374 0.009046 0.014388
