0 0.167352 0.808453 0.007401 0.019784
0 0.448602 0.549460 0.009046 0.016187
0 0.689145 0.651978 0.009868 0.019784
0 0.776727 0.235612 0.007401 0.021583
0 0.706414 0.644784 0.009868 0.023381
0 0.643914 0.325540 0.013158 0.017986
0 0.671464 0.340827 0.010691 0.019784
0 0.476151 0.146583 0.018092 0.023381
0 0.801809 0.857014 0.009868 0.023381
0 0.368421 0.738309 0.011513 0.019784
0 0.274260 0.526978 0.017270 0.043166
0 0.749178 0.911870 0.021382 0.050360
0 0.224507 0.034173 0.036184 0.068345
0 0.775493 0.018885 0.054276 0.037770
0 0.603618 0.015288 0.016447 0.030575
0 0.797697 0.637590 0.037829 0.088129
0 0.700247 0.391187 0.028783 0.048561
0 0.627467 0.121403 0.014803 0.044964
0 0.250000 0.646583 0.024671 0.066547
0 0.097451 0.558453 0.032072 0.055755
0 0.424753 0.274281 0.020559 0.055755
0 0.342928 0.275180 0.018092 0.035971
0 0.781250 0.856115 0.031250 0.039568
0 0.657484 0.891187 0.020559 0.037770
0 0.641447 0.718525 0.018092 0.062950
0 0.298109 0.385791 0.020559 0.066547
0 0.668586 0.559353 0.026316 0.050360
0 0.452303 0.934353 0.026316 0.055755
0 0.648026 0.844424 0.023026 0.041367
0 0.760280 0.535072 0.022204 0.037770
0 0.500411 0.721223 0.030428 0.061151
0 0.186678 0.592626 0.023026 0.052158
0 0.456003 0.163669 0.028783 0.050360
0 0.796875 0.976619 0.032895 0.043165
0 0.263980 0.459532 0.044408 0.052158
0 0.793586 0.712230 0.034540 0.043166
0 0.739309 0.198741 0.029605 0.062950
0 0.328947 0.331835 0.024671 0.048561
0 0.457648 0.111511 0.040296 0.068345
0 0.109375 0.495504 0.029605 0.044964
0 0.335115 0.771583 0.035362 0.075540
0 0.107730 0.630396 0.032895 0.062950
0 0.283717 0.412770 0.023026 0.044964
0 0.560033 0.392086 0.023026 0.046763
0 0.153372 0.053058 0.028783 0.052158
0 0.178865 0.895683 0.028783 0.068345
0 0.074424 0.710432 0.030428 0.064748
0 0.771382 0.923561 0.027960 0.044964
0 0.190789 0.344424 0.042763 0.062950
0 0.418174 0.522482 0.028783 0.044964
0 0.798931 0.127698 0.025493 0.053957
0 0.496299 0.035072 0.030428 0.062950
0 0.099507 0.792266 0.060855 0.088129
0 0.578536 0.166367 0.040296 0.070144
0 0.350329 0.053957 0.041118 0.107914
0 0.398849 0.767986 0.034540 0.068345
0 0.437089 0.973921 0.032072 0.048561
0 0.680510 0.742806 0.027138 0.064748
0 0.214638 0.680755 0.031250 0.048561
0 0.608141 0.126799 0.027138 0.055755
0 0.434211 0.871403 0.027961 0.055755
0 0.528372 0.601619 0.027138 0.052158
0 0.611842 0.050360 0.029605 0.061151
0 0.595806 0.413669 0.025493 0.064748
0 0.460115 0.345324 0.023849 0.053957
0 0.262747 0.081835 0.038651 0.059352
0 0.337582 0.404676 0.030428 0.064748
0 0.666530 0.305755 0.030428 0.050360
0 0.855263 0.078237 0.031250 0.070144
0 0.671875 0.149281 0.026316 0.053957
0 0.128701 0.686151 0.037007 0.077338
0 0.439967 0.778777 0.024671 0.068345
0 0.228618 0.655576 0.024671 0.055755
0 0.143503 0.423561 0.035362 0.073741
0 0.692023 0.601619 0.043585 0.080935
0 0.279194 0.702338 0.037007 0.091727
0 0.534539 0.880396 0.050987 0.134892
0 0.560444 0.462230 0.040296 0.097122
0 0.171875 0.749101 0.004934 0.016187
0 0.478618 0.600719 0.003289 0.010791
0 0.738898 0.281475 0.004112 0.008993
0 0.354441 0.329137 0.004934 0.014389
0 0.733553 0.993705 0.019737 0.012590
0 0.205181 0.407374 0.004112 0.012590
0 0.209293 0.169964 0.004112 0.008993
0 0.501234 0.376799 0.005757 0.012590
0 0.426809 0.637590 0.003289 0.008993
0 0.258224 0.176259 0.004934 0.010791
0 0.301398 0.143885 0.004112 0.010791
0 0.125411 0.586331 0.004112 0.010791
0 0.488898 0.579137 0.004112 0.010791
0 0.657072 0.639389 0.004934 0.008993
0 0.060855 0.704137 0.004934 0.037770
0 0.592928 0.010791 0.004934 0.017986
0 0.453947 0.719424 0.003289 0.010791
0 0.523849 0.352518 0.004934 0.010791
0 0.428865 0.333633 0.004112 0.008993
0 0.841694 0.924460 0.004112 0.010791
0 0.631168 0.972122 0.004112 0.012590
0 0.414885 0.821043 0.004112 0.012590
0 0.150493 0.551259 0.004934 0.023381
0 0.659128 0.544964 0.009046 0.021583
0 0.531250 0.457734 0.006579 0.016187
0 0.521382 0.320144 0.004934 0.010791
0 0.166530 0.768885 0.005757 0.012590
0 0.711760 0.666367 0.004112 0.012590
0 0.500000 0.336331 0.008224 0.014389
0 0.634457 0.891187 0.004112 0.012590
0 0.537829 0.258094 0.006579 0.016187
0 0.702303 0.050360 0.004934 0.014388
0 0.544408 0.026978 0.008224 0.014389
0 0.663240 0.509892 0.005757 0.016187
0 0.674753 0.273381 0.005757 0.014389
0 0.812500 0.494604 0.006579 0.010791
0 0.222451 0.991906 0.020559 0.012590
0 0.669408 0.420863 0.006579 0.014389
0 0.805510 0.576439 0.005757 0.023381
0 0.571957 0.928058 0.005757 0.025180
0 0.568257 0.970324 0.008224 0.012590
0 0.866365 0.949640 0.007401 0.017986
