0 0.520148 0.887590 0.010691 0.016187
0 0.628289 0.809353 0.008224 0.017986
0 0.601562 0.837230 0.007401 0.016187
0 0.395970 0.812950 0.009046 0.017986
0 0.656661 0.708633 0.010691 0.017986
0 0.642270 0.233813 0.006579 0.021583
0 0.566201 0.273381 0.017270 0.021583
0 0.479852 0.298561 0.010691 0.017986
0 0.306743 0.128597 0.013158 0.026978
0 0.147204 0.010791 0.037829 0.021583
0 0.867599 0.395683 0.009868 0.017986
0 0.525082 0.397482 0.009046 0.021583
0 0.467105 0.294065 0.009868 0.019784
0 0.698191 0.857014 0.027960 0.034173
0 0.224918 0.134892 0.023849 0.064748
0 0.601562 0.493705 0.020559 0.052158
0 0.460938 0.927158 0.020559 0.059353
0 0.678043 0.772482 0.027138 0.052158
0 0.825247 0.632194 0.027138 0.059353
0 0.316201 0.486511 0.028783 0.062950
0 0.450658 0.169964 0.029605 0.073741
0 0.665707 0.830935 0.030428 0.043166
0 0.575658 0.980216 0.023026 0.032374
0 0.191201 0.076439 0.025493 0.044964
0 0.375411 0.084532 0.025493 0.057554
0 0.449013 0.728417 0.021382 0.053957
0 0.870888 0.662770 0.021382 0.037770
0 0.245477 0.598921 0.033717 0.046763
0 0.358964 0.977518 0.033717 0.044964
0 0.380345 0.374101 0.027138 0.061151
0 0.259868 0.764389 0.031250 0.046763
0 0.461349 0.569245 0.027960 0.052158
0 0.383224 0.879496 0.037829 0.061151
0 0.290296 0.350719 0.019737 0.050360
0 0.502467 0.516187 0.026316 0.050360
0 0.213816 0.730216 0.024671 0.057554
0 0.583059 0.127698 0.021382 0.053957
0 0.381579 0.504496 0.026316 0.055755
0 0.303865 0.421763 0.028783 0.044964
0 0.474507 0.029676 0.027960 0.059353
0 0.485609 0.636691 0.046875 0.086331
0 0.202303 0.116007 0.031250 0.077338
0 0.370888 0.162770 0.029605 0.052158
0 0.154194 0.892986 0.037007 0.070144
0 0.388980 0.310252 0.042763 0.080935
0 0.742188 0.537770 0.045230 0.061151
0 0.498766 0.860611 0.027138 0.052158
0 0.620066 0.507194 0.023026 0.043166
0 0.597451 0.893885 0.023849 0.043166
0 0.495066 0.942446 0.044408 0.115108
0 0.233964 0.068345 0.025493 0.082734
0 0.241365 0.677158 0.030428 0.113309
0 0.722451 0.260791 0.025493 0.043166
0 0.270970 0.662770 0.030428 0.070144
0 0.788651 0.321043 0.029605 0.059352
0 0.161595 0.702338 0.061678 0.109712
0 0.076480 0.957734 0.027960 0.070144
0 0.576480 0.483813 0.031250 0.043166
0 0.465872 0.245504 0.027138 0.059353
0 0.683799 0.132194 0.043585 0.073741
0 0.381990 0.569245 0.056743 0.091727
0 0.441201 0.633094 0.035362 0.079137
0 0.831003 0.264389 0.055099 0.093525
0 0.660773 0.562950 0.018915 0.050360
0 0.256990 0.162770 0.046875 0.091727
0 0.266859 0.068345 0.004112 0.010791
0 0.855263 0.889389 0.003289 0.012590
0 0.289062 0.874101 0.004112 0.010791
0 0.566201 0.547662 0.004112 0.019784
0 0.798109 0.092626 0.004112 0.008993
0 0.589638 0.524281 0.003289 0.012590
0 0.902138 0.436151 0.003289 0.012590
0 0.555099 0.924460 0.003289 0.010791
0 0.872122 0.253597 0.004112 0.010791
0 0.300576 0.815647 0.004112 0.012590
0 0.274671 0.062050 0.004934 0.012590
0 0.696546 0.223022 0.003289 0.010791
0 0.802220 0.544964 0.004112 0.017986
0 0.324424 0.189748 0.004112 0.012590
0 0.623355 0.086331 0.006579 0.017986
0 0.199424 0.616007 0.004112 0.008993
0 0.491776 0.791367 0.003289 0.010791
0 0.693668 0.344424 0.004112 0.008993
0 0.653783 0.426259 0.003289 0.010791
0 0.604852 0.468525 0.007401 0.016187
0 0.872944 0.712230 0.004112 0.010791
0 0.432566 0.699640 0.004934 0.010791
0 0.476562 0.419065 0.004112 0.010791
0 0.583470 0.340827 0.004112 0.012590
0 0.318668 0.289568 0.004112 0.014389
0 0.229852 0.422662 0.009046 0.021583
0 0.580592 0.697842 0.004934 0.014388
0 0.622122 0.901978 0.004112 0.012590
0 0.183388 0.598022 0.003289 0.012590
0 0.652549 0.708633 0.005757 0.014388
0 0.674753 0.653777 0.004112 0.008993
0 0.673931 0.616906 0.004112 0.010791
0 0.328536 0.463129 0.005757 0.016187
0 0.810033 0.675360 0.004934 0.008993
0 0.595395 0.855216 0.004934 0.016187
0 0.655428 0.661870 0.003289 0.014388
0 0.633224 0.125000 0.006579 0.037770
0 0.122944 0.758993 0.005757 0.032374
0 0.646793 0.857914 0.005757 0.010791
0 0.560033 0.173561 0.006579 0.012590
0 0.657072 0.103417 0.008224 0.012590
0 0.644326 0.760791 0.009046 0.014388
0 0.605263 0.148381 0.006579 0.012590
0 0.608141 0.594424 0.007401 0.019784
0 0.583882 0.447842 0.004934 0.014389
0 0.105674 0.737410 0.005757 0.010791
0 0.667763 0.243705 0.008224 0.012590
0 0.362253 0.449640 0.007401 0.014389
0 0.567023 0.032374 0.007401 0.017986
0 0.477385 0.142986 0.007401 0.016187
0 0.324013 0.246403 0.006579 0.014389
0 0.211760 0.530576 0.007401 0.017986
