0 0.234375 0.989209 0.006579 0.014388
0 0.346628 0.232914 0.009046 0.023381
0 0.657072 0.433453 0.009868 0.025180
0 0.164474 0.632194 0.006579 0.023381
0 0.423931 0.985611 0.007401 0.017986
0 0.358553 0.989209 0.014803 0.017986
0 0.881168 0.710432 0.009046 0.017986
0 0.485609 0.040468 0.010691 0.023381
0 0.539885 0.256295 0.010691 0.016187
0 0.122533 0.991007 0.019737 0.014388
0 0.352385 0.974820 0.010691 0.025180
0 0.405428 0.013489 0.031250 0.026978
0 0.311678 0.254496 0.024671 0.062950
0 0.300576 0.092626 0.028783 0.059352
0 0.564145 0.584532 0.016447 0.035971
0 0.226151 0.203237 0.034540 0.082734
0 0.799342 0.895683 0.024671 0.043166
0 0.689145 0.837230 0.018092 0.026978
0 0.310855 0.511691 0.027961 0.048561
0 0.449836 0.449640 0.034540 0.057554
0 0.087993 0.499101 0.034540 0.052158
0 0.585115 0.542266 0.013980 0.030575
0 0.501645 0.089928 0.023026 0.053957
0 0.427632 0.473022 0.027961 0.053957
0 0.783306 0.944245 0.013980 0.035971
0 0.775082 0.883993 0.040296 0.095324
0 0.336349 0.537770 0.021382 0.053957
0 0.660362 0.696043 0.032895 0.053957
0 0.398849 0.546763 0.023026 0.043166
0 0.287418 0.523381 0.032072 0.075540
0 0.527549 0.967626 0.038651 0.061151
0 0.161184 0.207734 0.031250 0.059352
0 0.256579 0.180755 0.023026 0.066547
0 0.608553 0.542266 0.026316 0.059353
0 0.585115 0.018885 0.023849 0.037770
0 0.695724 0.638489 0.024671 0.046763
0 0.474095 0.522482 0.030428 0.073741
0 0.131168 0.069245 0.037007 0.066547
0 0.386102 0.093525 0.037007 0.057554
0 0.833059 0.545863 0.026316 0.055755
0 0.719572 0.062050 0.024671 0.052158
0 0.924342 0.764389 0.027961 0.061151
0 0.585115 0.404676 0.030428 0.043166
0 0.855263 0.588130 0.032895 0.068345
0 0.140625 0.025180 0.036184 0.050360
0 0.470806 0.724820 0.033717 0.046763
0 0.204770 0.270683 0.037829 0.070144
0 0.600740 0.285072 0.051809 0.138489
0 0.779194 0.250000 0.051809 0.100719
0 0.523438 0.892086 0.027138 0.053957
0 0.423109 0.593525 0.032072 0.061151
0 0.585526 0.589029 0.031250 0.048561
0 0.188734 0.158273 0.046875 0.075540
0 0.528783 0.181655 0.024671 0.050360
0 0.426809 0.071942 0.046053 0.089928
0 0.289062 0.339029 0.023849 0.052158
0 0.783306 0.390288 0.048520 0.079137
0 0.472451 0.344424 0.027138 0.048561
0 0.367599 0.547662 0.047697 0.091727
0 0.193668 0.380396 0.033717 0.066547
0 0.768503 0.502698 0.069901 0.116906
0 0.463405 0.785971 0.033717 0.071942
0 0.584704 0.208633 0.029605 0.057554
0 0.294408 0.964029 0.052632 0.071942
0 0.421875 0.752698 0.024671 0.059353
0 0.123355 0.916367 0.026316 0.048561
0 0.239309 0.545863 0.029605 0.070144
0 0.710526 0.357014 0.055921 0.084532
0 0.733553 0.648381 0.044408 0.084532
0 0.733553 0.268885 0.042763 0.088129
0 0.398438 0.591727 0.018914 0.053957
0 0.729030 0.822842 0.027138 0.077338
0 0.638158 0.241007 0.041118 0.097122
0 0.544408 0.759892 0.034540 0.084532
0 0.550576 0.403777 0.037007 0.084532
0 0.594161 0.475719 0.041941 0.088129
0 0.692434 0.883993 0.003289 0.008993
0 0.886102 0.573741 0.004112 0.010791
0 0.231497 0.437050 0.004112 0.010791
0 0.342928 0.857014 0.003289 0.008993
0 0.422697 0.846223 0.003289 0.008993
0 0.560855 0.966727 0.003289 0.012590
0 0.248355 0.674460 0.003289 0.007194
0 0.518092 0.030575 0.003289 0.010791
0 0.583882 0.663669 0.004934 0.010791
0 0.783306 0.682554 0.004112 0.008993
0 0.608141 0.069245 0.004112 0.008993
0 0.482319 0.908273 0.004112 0.007194
0 0.810855 0.239209 0.004934 0.010791
0 0.263569 0.250000 0.004112 0.010791
0 0.398438 0.668165 0.004112 0.008993
0 0.519737 0.366906 0.003289 0.010791
0 0.465461 0.232014 0.004934 0.010791
0 0.645970 0.098921 0.005757 0.010791
0 0.150493 0.250899 0.006579 0.023381
0 0.278372 0.640288 0.004112 0.010791
0 0.882812 0.080036 0.004112 0.008993
0 0.147615 0.431655 0.004112 0.010791
0 0.634457 0.783273 0.004112 0.008993
0 0.619655 0.610611 0.004112 0.012590
0 0.598684 0.642086 0.003289 0.010791
0 0.257812 0.815647 0.004112 0.008993
0 0.665707 0.422662 0.005757 0.014389
0 0.743010 0.126799 0.004112 0.008993
0 0.504523 0.826439 0.004112 0.012590
0 0.485197 0.985611 0.004934 0.010791
0 0.701480 0.269784 0.004934 0.010791
0 0.665296 0.958633 0.004934 0.010791
0 0.386102 0.882194 0.004112 0.008993
0 0.722451 0.169065 0.004112 0.010791
0 0.669408 0.629496 0.004934 0.010791
0 0.384868 0.264389 0.004934 0.010791
0 0.267681 0.803058 0.007401 0.012590
0 0.817845 0.867806 0.004112 0.012590
0 0.240543 0.322842 0.005757 0.016187
0 0.713816 0.135791 0.006579 0.016187
0 0.399260 0.281475 0.004112 0.016187
0 0.615954 0.962230 0.004934 0.010791
0 0.681332 0.709532 0.007401 0.012590
0 0.466694 0.033273 0.007401 0.012590
0 0.241365 0.800360 0.004112 0.014388
0 0.373355 0.350719 0.004934 0.014389
0 0.831003 0.482914 0.004112 0.012590
0 0.373766 0.794964 0.004112 0.014388
0 0.493010 0.334532 0.005757 0.021583
0 0.333882 0.054856 0.004934 0.019784
0 0.285773 0.895683 0.005757 0.014388
0 0.540296 0.582734 0.004934 0.014388
0 0.253289 0.717626 0.006579 0.010791
0 0.410362 0.983813 0.006579 0.014388
0 0.526727 0.280576 0.005757 0.017986
