0 0.314145 0.008094 0.021382 0.016187
0 0.316201 0.100719 0.007401 0.017986
0 0.313734 0.405576 0.007401 0.016187
0 0.803043 0.026978 0.009046 0.017986
0 0.730674 0.884892 0.007401 0.014388
0 0.615954 0.649281 0.008224 0.025180
0 0.555921 0.008993 0.024671 0.017986
0 0.489720 0.453237 0.010691 0.025180
0 0.425576 0.491007 0.009046 0.025180
0 0.539474 0.989209 0.013158 0.017986
0 0.468339 0.428957 0.009046 0.023381
0 0.707237 0.642086 0.009868 0.035971
0 0.553043 0.237410 0.010691 0.021583
0 0.458059 0.777878 0.013158 0.023381
0 0.324424 0.034173 0.027138 0.046763
0 0.607319 0.916367 0.013980 0.023381
0 0.535773 0.722122 0.023849 0.062950
0 0.875822 0.088129 0.031250 0.053957
0 0.252467 0.471223 0.016447 0.028777
0 0.666530 0.116906 0.013980 0.028777
0 0.518092 0.240108 0.019737 0.030575
0 0.166530 0.934353 0.015625 0.034173
0 0.625822 0.388489 0.023026 0.068345
0 0.731497 0.921763 0.030428 0.055755
0 0.462993 0.705935 0.016447 0.037770
0 0.316201 0.980216 0.037007 0.035971
0 0.757401 0.739209 0.027960 0.039568
0 0.582237 0.862410 0.014803 0.044964
0 0.418174 0.405576 0.027138 0.055755
0 0.562500 0.396583 0.016447 0.034173
0 0.159951 0.980216 0.027138 0.032374
0 0.584704 0.416367 0.023026 0.059352
0 0.859375 0.446942 0.029605 0.066547
0 0.275082 0.177158 0.023849 0.044964
0 0.476562 0.820144 0.038651 0.043166
0 0.775082 0.589928 0.020559 0.057554
0 0.602796 0.181655 0.023026 0.043165
0 0.375411 0.978417 0.038651 0.039568
0 0.523849 0.369604 0.037829 0.066547
0 0.601562 0.502698 0.032072 0.084532
0 0.629523 0.883094 0.020559 0.064748
0 0.631579 0.535971 0.024671 0.050360
0 0.858964 0.115108 0.032072 0.061151
0 0.312089 0.841727 0.023849 0.064748
0 0.363487 0.878597 0.042763 0.077338
0 0.415296 0.762590 0.027960 0.050360
0 0.831826 0.097122 0.025493 0.050360
0 0.544819 0.874101 0.041941 0.053957
0 0.096217 0.141187 0.024671 0.044964
0 0.077714 0.508094 0.033717 0.059353
0 0.255345 0.299460 0.028783 0.055755
0 0.649260 0.617806 0.020559 0.052158
0 0.560033 0.623201 0.024671 0.044964
0 0.666941 0.075540 0.036184 0.057554
0 0.319490 0.522482 0.030428 0.062950
0 0.918174 0.040468 0.041941 0.070144
0 0.281250 0.070144 0.032895 0.053957
0 0.369655 0.083633 0.030428 0.066547
0 0.841283 0.313849 0.029605 0.048561
0 0.714638 0.556655 0.037829 0.080935
0 0.545641 0.420863 0.027138 0.068345
0 0.481086 0.587230 0.024671 0.059353
0 0.552632 0.759892 0.032895 0.059353
0 0.420230 0.136691 0.026316 0.064748
0 0.167352 0.828237 0.027138 0.062950
0 0.754523 0.940647 0.033717 0.086331
0 0.295641 0.474820 0.030428 0.075540
0 0.338816 0.920863 0.024671 0.061151
0 0.605263 0.873201 0.031250 0.073741
0 0.272615 0.518885 0.025493 0.044964
0 0.527549 0.466727 0.030428 0.077338
0 0.790296 0.217626 0.052632 0.100719
0 0.509457 0.520683 0.032072 0.055755
0 0.819079 0.322842 0.024671 0.070144
0 0.775082 0.156475 0.043585 0.079137
0 0.333470 0.202338 0.046875 0.095324
0 0.192434 0.172662 0.032895 0.068345
0 0.328536 0.370504 0.030428 0.053957
0 0.559211 0.476619 0.023026 0.050360
0 0.695724 0.144784 0.031250 0.059352
0 0.408717 0.067446 0.047697 0.080935
0 0.384046 0.122302 0.026316 0.057554
0 0.692434 0.966727 0.034540 0.066547
0 0.245066 0.410072 0.041118 0.089928
0 0.791118 0.714029 0.027960 0.071942
0 0.629112 0.237410 0.036184 0.082734
0 0.655428 0.153777 0.003289 0.008993
0 0.569901 0.026079 0.004934 0.012590
0 0.673520 0.990108 0.003289 0.008993
0 0.784128 0.853417 0.004112 0.012590
0 0.211349 0.801259 0.003289 0.008993
0 0.851562 0.758993 0.004112 0.010791
0 0.472862 0.765288 0.003289 0.008993
0 0.771793 0.330935 0.004112 0.010791
0 0.509046 0.138489 0.003289 0.010791
0 0.374589 0.029676 0.004112 0.016187
0 0.824013 0.522482 0.004934 0.012590
0 0.188734 0.429856 0.004112 0.017986
0 0.629523 0.923561 0.005757 0.016187
0 0.557566 0.718525 0.004934 0.012590
0 0.634868 0.782374 0.004934 0.010791
0 0.789062 0.508094 0.004112 0.012590
0 0.669408 0.910072 0.003289 0.014388
0 0.634046 0.839928 0.006579 0.014388
0 0.657072 0.113309 0.006579 0.021583
0 0.803043 0.795863 0.004112 0.008993
0 0.303454 0.807554 0.004934 0.010791
0 0.523438 0.550360 0.005757 0.010791
0 0.378289 0.517986 0.004934 0.010791
0 0.509046 0.898381 0.004934 0.012590
0 0.253289 0.704137 0.009868 0.008993
0 0.354852 0.275180 0.004112 0.010791
0 0.060855 0.505396 0.004934 0.028777
0 0.664062 0.638489 0.004112 0.010791
0 0.504934 0.170863 0.004934 0.010791
0 0.448602 0.332734 0.005757 0.010791
0 0.707648 0.043166 0.005757 0.014389
0 0.706826 0.426259 0.005757 0.014389
0 0.201480 0.497302 0.004934 0.012590
0 0.621711 0.120504 0.004934 0.014389
0 0.303043 0.232914 0.004112 0.012590
0 0.664062 0.850719 0.007401 0.014388
0 0.693668 0.003597 0.013980 0.007194
0 0.229441 0.876799 0.006579 0.008993
0 0.659539 0.839029 0.006579 0.012590
0 0.478207 0.930755 0.005757 0.012590
0 0.601151 0.630396 0.004934 0.016187
0 0.561266 0.150180 0.005757 0.012590
0 0.465461 0.105216 0.008224 0.019784
