0 0.540707 0.332734 0.012335 0.028777
0 0.841694 0.347122 0.009046 0.017986
0 0.467105 0.170863 0.009868 0.021583
0 0.528783 0.615108 0.008224 0.017986
0 0.183799 0.008993 0.040296 0.017986
0 0.365543 0.517086 0.010691 0.034173
0 0.833882 0.135791 0.014803 0.026978
0 0.508224 0.470324 0.011513 0.026978
0 0.371299 0.041367 0.010691 0.021583
0 0.732730 0.952338 0.014803 0.023381
0 0.313322 0.111511 0.013158 0.025180
0 0.576480 0.657374 0.011513 0.023381
0 0.117188 0.013489 0.050165 0.026978
0 0.385280 0.075540 0.010691 0.025180
0 0.189556 0.262590 0.010691 0.025180
0 0.467928 0.873201 0.026316 0.048561
0 0.559622 0.337230 0.037007 0.052158
0 0.681743 0.179856 0.023026 0.061151
0 0.289885 0.350719 0.020559 0.064748
0 0.550164 0.082734 0.026316 0.035971
0 0.467516 0.436151 0.028783 0.048561
0 0.826480 0.557554 0.034540 0.061151
0 0.103618 0.704137 0.042763 0.048561
0 0.912829 0.232914 0.046053 0.059353
0 0.445312 0.740108 0.033717 0.070144
0 0.524260 0.286871 0.028783 0.048561
0 0.191612 0.758993 0.027960 0.061151
0 0.658306 0.528777 0.020559 0.046763
0 0.701480 0.165468 0.032895 0.068345
0 0.347862 0.654676 0.023026 0.061151
0 0.386513 0.327338 0.042763 0.075540
0 0.514803 0.678058 0.021382 0.046763
0 0.377056 0.140288 0.027138 0.053957
0 0.639803 0.566547 0.024671 0.050360
0 0.798520 0.628597 0.032895 0.062950
0 0.196135 0.472122 0.035362 0.055755
0 0.505345 0.508993 0.041941 0.079137
0 0.380345 0.655576 0.033717 0.066547
0 0.217516 0.973921 0.035362 0.048561
0 0.830181 0.904676 0.025493 0.050360
0 0.727385 0.546763 0.028783 0.046763
0 0.722451 0.767986 0.035362 0.057554
0 0.270559 0.332734 0.021382 0.046763
0 0.528783 0.156475 0.042763 0.075540
0 0.273026 0.828237 0.037829 0.080935
0 0.693668 0.851619 0.032072 0.052158
0 0.930099 0.424460 0.034539 0.100719
0 0.418997 0.326439 0.032072 0.062950
0 0.244243 0.671763 0.037829 0.066547
0 0.500411 0.373201 0.033717 0.059352
0 0.163651 0.428957 0.029605 0.059352
0 0.579770 0.279676 0.023026 0.062950
0 0.823191 0.645683 0.026316 0.057554
0 0.316612 0.952338 0.049342 0.084532
0 0.672286 0.905576 0.025493 0.059353
0 0.209704 0.641187 0.026316 0.055755
0 0.239309 0.311151 0.039474 0.086331
0 0.681743 0.280576 0.024671 0.079137
0 0.335115 0.615108 0.004112 0.010791
0 0.304276 0.946043 0.021382 0.061151
0 0.649671 0.901978 0.003289 0.008993
0 0.654194 0.410971 0.004112 0.019784
0 0.391859 0.102518 0.004112 0.010791
0 0.559622 0.241906 0.004112 0.008993
0 0.565789 0.150180 0.003289 0.008993
0 0.742188 0.035072 0.004112 0.008993
0 0.638569 0.378597 0.004112 0.008993
0 0.394737 0.229317 0.008224 0.012590
0 0.210938 0.244604 0.004112 0.010791
0 0.778783 0.907374 0.003289 0.008993
0 0.321135 0.371403 0.004112 0.008993
0 0.588816 0.677158 0.003289 0.008993
0 0.199836 0.670863 0.008224 0.017986
0 0.192023 0.385791 0.004112 0.012590
0 0.773026 0.535971 0.004934 0.014388
0 0.661595 0.468525 0.004112 0.008993
0 0.766447 0.592626 0.004934 0.008993
0 0.225740 0.256295 0.005757 0.019784
0 0.620477 0.785072 0.004112 0.008993
0 0.141036 0.864209 0.004112 0.008993
0 0.132401 0.310252 0.004934 0.008993
0 0.627056 0.012590 0.004112 0.010791
0 0.655839 0.228417 0.004112 0.010791
0 0.418174 0.383993 0.004112 0.012590
0 0.602796 0.570144 0.004934 0.010791
0 0.214638 0.413669 0.004934 0.010791
0 0.645970 0.185252 0.004112 0.010791
0 0.559211 0.776079 0.004934 0.008993
0 0.691612 0.935252 0.003289 0.010791
0 0.629934 0.406475 0.004934 0.010791
0 0.224918 0.054856 0.005757 0.008993
0 0.470806 0.387590 0.005757 0.016187
0 0.608141 0.205935 0.005757 0.008993
0 0.467928 0.845324 0.009868 0.014388
0 0.589227 0.398381 0.004112 0.012590
0 0.620066 0.764389 0.003289 0.014388
0 0.354852 0.096223 0.004112 0.012590
0 0.724918 0.379496 0.007401 0.010791
0 0.629934 0.176259 0.004934 0.010791
0 0.533717 0.087230 0.004934 0.012590
0 0.316612 0.801259 0.004934 0.012590
0 0.532484 0.230216 0.007401 0.014388
0 0.083470 0.236511 0.005757 0.012590
0 0.621299 0.228417 0.007401 0.014388
0 0.698602 0.223921 0.004112 0.012590
0 0.603618 0.527878 0.004934 0.012590
0 0.495477 0.773381 0.007401 0.010791
0 0.372533 0.225719 0.004934 0.016187
0 0.894326 0.929856 0.005757 0.014388
0 0.521793 0.333633 0.005757 0.016187
0 0.597862 0.706835 0.004934 0.014388
0 0.526727 0.532374 0.005757 0.017986
0 0.694901 0.442446 0.008224 0.014389
0 0.421875 0.269784 0.004934 0.014389
0 0.363487 0.697842 0.009868 0.017986
