0 0.369243 0.678058 0.019737 0.039568
0 0.212171 0.688849 0.008224 0.025180
0 0.469572 0.253597 0.009868 0.025180
0 0.748766 0.932554 0.010691 0.019784
0 0.377467 0.228417 0.008224 0.028777
0 0.727796 0.990108 0.013158 0.016187
0 0.363898 0.759892 0.025493 0.066547
0 0.552220 0.698741 0.009046 0.023381
0 0.721628 0.047662 0.009046 0.023381
0 0.613487 0.399281 0.009868 0.028777
0 0.702714 0.473921 0.012335 0.026978
0 0.409539 0.209532 0.011513 0.023381
0 0.695312 0.819245 0.012335 0.030575
0 0.375000 0.169065 0.013158 0.039568
0 0.520559 0.754496 0.016447 0.026978
0 0.697368 0.922662 0.014803 0.035971
0 0.587582 0.119604 0.020559 0.044964
0 0.726974 0.645683 0.016447 0.032374
0 0.606497 0.144784 0.023849 0.034173
0 0.451891 0.405576 0.013980 0.034173
0 0.500822 0.196043 0.062500 0.107914
0 0.661184 0.913669 0.032895 0.046763
0 0.384868 0.722122 0.047697 0.127698
0 0.669408 0.076439 0.026316 0.041367
0 0.259046 0.433453 0.023026 0.039568
0 0.659951 0.719424 0.022204 0.057554
0 0.664062 0.111511 0.028783 0.053957
0 0.572368 0.760791 0.014803 0.043166
0 0.775493 0.687050 0.029605 0.046763
0 0.615132 0.982014 0.021382 0.032374
0 0.861020 0.118705 0.031250 0.053957
0 0.423520 0.491007 0.060855 0.089928
0 0.653372 0.637590 0.017270 0.055755
0 0.827714 0.044964 0.025493 0.039568
0 0.474507 0.539568 0.029605 0.064748
0 0.423109 0.038669 0.028783 0.041367
0 0.502467 0.541367 0.032895 0.064748
0 0.223684 0.322842 0.027961 0.041367
0 0.602796 0.200540 0.036184 0.088129
0 0.417352 0.339928 0.037007 0.053957
0 0.591283 0.267086 0.032895 0.070144
0 0.232730 0.971223 0.031250 0.053957
0 0.874178 0.412770 0.024671 0.048561
0 0.818257 0.427158 0.021382 0.044964
0 0.203947 0.961331 0.039474 0.062950
0 0.418174 0.702338 0.027138 0.084532
0 0.459293 0.577338 0.022204 0.050360
0 0.109786 0.554856 0.063322 0.102518
0 0.887336 0.614209 0.046053 0.070144
0 0.633224 0.339928 0.023026 0.043166
0 0.500411 0.045863 0.025493 0.070144
0 0.900905 0.975719 0.033717 0.044964
0 0.277138 0.223022 0.037829 0.118705
0 0.233141 0.026978 0.028783 0.053957
0 0.689967 0.566547 0.034540 0.061151
0 0.532072 0.851619 0.027960 0.048561
0 0.618010 0.795863 0.020559 0.055755
0 0.527961 0.546763 0.024671 0.068345
0 0.428043 0.932554 0.025493 0.052158
0 0.329359 0.696942 0.038651 0.091727
0 0.323191 0.848921 0.027961 0.057554
0 0.215872 0.236511 0.040296 0.077338
0 0.109375 0.965827 0.042763 0.068345
0 0.332237 0.544065 0.037829 0.084532
0 0.329770 0.955935 0.036184 0.070144
0 0.819901 0.769784 0.027960 0.071942
0 0.720806 0.135791 0.033717 0.073741
0 0.172286 0.564748 0.040296 0.071942
0 0.083059 0.064748 0.029605 0.061151
0 0.699424 0.622302 0.032072 0.071942
0 0.196957 0.879496 0.038651 0.064748
0 0.467516 0.328237 0.028783 0.088129
0 0.544408 0.432554 0.037829 0.066547
0 0.336760 0.239209 0.035362 0.079137
0 0.530839 0.691547 0.035362 0.073741
0 0.210938 0.065647 0.004112 0.012590
0 0.627467 0.010791 0.004934 0.010791
0 0.666530 0.312950 0.004112 0.010791
0 0.706003 0.403777 0.005757 0.012590
0 0.302220 0.148381 0.005757 0.012590
0 0.747533 0.650180 0.003289 0.008993
0 0.461349 0.928957 0.003289 0.008993
0 0.532484 0.056655 0.004112 0.008993
0 0.613487 0.368705 0.003289 0.010791
0 0.577714 0.839029 0.004112 0.008993
0 0.724507 0.295863 0.004934 0.008993
0 0.675164 0.223921 0.004934 0.012590
0 0.589638 0.327338 0.003289 0.010791
0 0.509868 0.862410 0.003289 0.008993
0 0.586349 0.910072 0.003289 0.014388
0 0.361431 0.464928 0.004112 0.008993
0 0.455592 0.860611 0.003289 0.008993
0 0.544408 0.202338 0.004934 0.008993
0 0.552220 0.153777 0.005757 0.012590
0 0.578536 0.603417 0.004112 0.012590
0 0.367188 0.056655 0.004112 0.008993
0 0.659951 0.183453 0.004112 0.010791
0 0.576891 0.642086 0.004112 0.010791
0 0.759457 0.232914 0.004112 0.008993
0 0.634868 0.146583 0.003289 0.012590
0 0.228207 0.135791 0.004112 0.008993
0 0.630757 0.235612 0.004934 0.010791
0 0.779605 0.309353 0.004934 0.010791
0 0.446546 0.297662 0.004934 0.012590
0 0.599507 0.896583 0.004934 0.012590
0 0.653372 0.468525 0.004112 0.012590
0 0.146793 0.241906 0.007401 0.008993
0 0.229441 0.755396 0.004934 0.010791
0 0.900493 0.326439 0.004934 0.008993
0 0.489309 0.901079 0.004934 0.010791
0 0.555510 0.764389 0.004112 0.014388
0 0.453947 0.120504 0.004934 0.010791
0 0.412418 0.285072 0.005757 0.008993
0 0.836349 0.902878 0.004934 0.010791
0 0.638158 0.587230 0.006579 0.012590
0 0.713816 0.971223 0.004934 0.010791
0 0.653783 0.551259 0.004934 0.012590
0 0.738076 0.982914 0.004112 0.012590
0 0.411184 0.954137 0.004934 0.012590
0 0.371711 0.475719 0.008224 0.012590
0 0.568257 0.357914 0.004934 0.010791
0 0.431332 0.788669 0.007401 0.016187
0 0.187500 0.811151 0.008224 0.014388
0 0.168997 0.398381 0.005757 0.023381
0 0.139803 0.705036 0.008224 0.014388
0 0.217928 0.094424 0.006579 0.016187
0 0.695312 0.046763 0.007401 0.014388
0 0.196546 0.799460 0.006579 0.016187
0 0.594161 0.766187 0.007401 0.014388
0 0.253289 0.566547 0.006579 0.014388
0 0.201069 0.461331 0.005757 0.019784
0 0.333882 0.482014 0.008224 0.014388
0 0.427632 0.887590 0.009868 0.016187
