0 0.648026 0.333633 0.006579 0.016187
0 0.654605 0.577338 0.009868 0.014388
0 0.392270 0.167266 0.006579 0.017986
0 0.594984 0.418165 0.007401 0.016187
0 0.372122 0.616906 0.009046 0.021583
0 0.563734 0.687950 0.010691 0.026978
0 0.600329 0.914568 0.009868 0.019784
0 0.517270 0.902878 0.011513 0.032374
0 0.497944 0.265288 0.012335 0.023381
0 0.573191 0.535971 0.009868 0.021583
0 0.834704 0.988309 0.011513 0.023381
0 0.430510 0.984712 0.033717 0.026978
0 0.419408 0.375899 0.023026 0.061151
0 0.854030 0.683453 0.020559 0.028777
0 0.759457 0.799460 0.013980 0.030575
0 0.279194 0.420863 0.013980 0.035971
0 0.626645 0.474820 0.031250 0.089928
0 0.525905 0.976619 0.018915 0.032374
0 0.204770 0.567446 0.029605 0.041367
0 0.378289 0.142086 0.018092 0.057554
0 0.101974 0.422662 0.049342 0.107914
0 0.659951 0.281475 0.022204 0.037770
0 0.356908 0.428957 0.019737 0.044964
0 0.565378 0.280576 0.022204 0.050360
0 0.339227 0.934353 0.035362 0.070144
0 0.852385 0.223921 0.037007 0.062950
0 0.611842 0.960432 0.029605 0.061151
0 0.259457 0.935252 0.032072 0.053957
0 0.570312 0.893885 0.022204 0.053957
0 0.374589 0.464029 0.023849 0.053957
0 0.420641 0.324640 0.023849 0.041367
0 0.738076 0.330036 0.033717 0.077338
0 0.438734 0.116906 0.037007 0.064748
0 0.736431 0.686151 0.027138 0.052158
0 0.726562 0.884892 0.038651 0.075540
0 0.197780 0.339029 0.027138 0.077338
0 0.569901 0.066547 0.024671 0.075540
0 0.317023 0.085432 0.022204 0.048561
0 0.739309 0.447842 0.050987 0.071942
0 0.633635 0.925360 0.022204 0.052158
0 0.697780 0.787770 0.023849 0.053957
0 0.352796 0.834532 0.044408 0.079137
0 0.171053 0.714029 0.018092 0.046763
0 0.832237 0.506295 0.027961 0.070144
0 0.227796 0.424460 0.032895 0.061151
0 0.572368 0.798561 0.031250 0.071942
0 0.590872 0.265288 0.032072 0.055755
0 0.462171 0.239209 0.060855 0.107914
0 0.208470 0.626799 0.033717 0.066547
0 0.153783 0.752698 0.034540 0.070144
0 0.584704 0.559353 0.026316 0.064748
0 0.437911 0.597122 0.030428 0.050360
0 0.585115 0.699640 0.032072 0.053957
0 0.664885 0.547662 0.022204 0.070144
0 0.570724 0.226619 0.029605 0.064748
0 0.475329 0.536870 0.032895 0.059353
0 0.176809 0.922662 0.029605 0.050360
0 0.640214 0.735611 0.045230 0.068345
0 0.291941 0.365108 0.034539 0.061151
0 0.279605 0.689748 0.029605 0.073741
0 0.803454 0.945144 0.042763 0.080935
0 0.905016 0.935252 0.033717 0.086331
0 0.380345 0.257194 0.033717 0.068345
0 0.281661 0.179856 0.050164 0.093525
0 0.628701 0.065648 0.004112 0.008993
0 0.604030 0.356115 0.004112 0.010791
0 0.699836 0.366906 0.003289 0.010791
0 0.564556 0.616906 0.004112 0.010791
0 0.572368 0.483813 0.003289 0.010791
0 0.583059 0.468525 0.004934 0.012590
0 0.766859 0.640288 0.004112 0.010791
0 0.801398 0.224820 0.005757 0.010791
0 0.646382 0.847122 0.004934 0.010791
0 0.590872 0.993705 0.004112 0.008993
0 0.668997 0.864209 0.004112 0.008993
0 0.215049 0.491007 0.004112 0.010791
0 0.712993 0.768885 0.003289 0.012590
0 0.594984 0.462230 0.005757 0.010791
0 0.605263 0.326439 0.003289 0.012590
0 0.632812 0.847122 0.004112 0.007194
0 0.821546 0.828237 0.004934 0.008993
0 0.178043 0.643885 0.004112 0.007194
0 0.637747 0.986511 0.004112 0.012590
0 0.148438 0.824640 0.004112 0.008993
0 0.331826 0.734712 0.004112 0.012590
0 0.521793 0.925360 0.004112 0.012590
0 0.706414 0.578237 0.004934 0.008993
0 0.385280 0.375899 0.004112 0.010791
0 0.182977 0.669065 0.004112 0.010791
0 0.692023 0.884892 0.005757 0.010791
0 0.661184 0.620504 0.003289 0.010791
0 0.716694 0.558453 0.004112 0.012590
0 0.651316 0.072842 0.006579 0.008993
0 0.612664 0.732014 0.004934 0.014388
0 0.482319 0.469424 0.004112 0.010791
0 0.400905 0.675360 0.005757 0.008993
0 0.744243 0.075540 0.006579 0.010791
0 0.755345 0.062950 0.005757 0.014388
0 0.282895 0.772482 0.003289 0.008993
0 0.462171 0.750899 0.004934 0.008993
0 0.632812 0.328237 0.005757 0.030575
0 0.829359 0.098921 0.004112 0.010791
0 0.613898 0.878597 0.004112 0.012590
0 0.656661 0.966727 0.004112 0.008993
0 0.678043 0.178957 0.004112 0.012590
0 0.633635 0.258993 0.004112 0.014389
0 0.711760 0.327338 0.005757 0.010791
0 0.543174 0.285971 0.005757 0.014389
0 0.611842 0.536870 0.004934 0.008993
0 0.219161 0.561151 0.005757 0.014388
0 0.553865 0.505396 0.004112 0.010791
0 0.529194 0.072842 0.005757 0.008993
0 0.859375 0.555755 0.004934 0.010791
0 0.524671 0.558453 0.004934 0.012590
0 0.323191 0.701439 0.004934 0.010791
0 0.618421 0.777878 0.003289 0.012590
0 0.572368 0.183453 0.004934 0.014388
0 0.657895 0.890288 0.004934 0.010791
0 0.620477 0.865108 0.005757 0.010791
0 0.634046 0.635791 0.006579 0.012590
0 0.865954 0.424460 0.004934 0.010791
0 0.754523 0.166367 0.004112 0.012590
0 0.824836 0.387590 0.004934 0.012590
0 0.654605 0.486511 0.006579 0.016187
0 0.694490 0.661870 0.004112 0.014388
0 0.696546 0.840827 0.004934 0.012590
0 0.560444 0.705036 0.004112 0.014388
0 0.587582 0.642986 0.004112 0.016187
0 0.246711 0.578237 0.004934 0.012590
0 0.631168 0.799460 0.005757 0.012590
0 0.786595 0.694245 0.005757 0.010791
0 0.271382 0.610611 0.004934 0.012590
0 0.719161 0.962230 0.004112 0.014388
0 0.692434 0.747302 0.004934 0.016187
0 0.613487 0.221223 0.004934 0.010791
0 0.524671 0.012590 0.008224 0.010791
0 0.603207 0.860611 0.004112 0.008993
0 0.502056 0.200540 0.007401 0.012590
0 0.691201 0.631295 0.004112 0.014388
0 0.738898 0.562050 0.004112 0.016187
0 0.773026 0.879496 0.004934 0.010791
0 0.256579 0.232914 0.006579 0.012590
0 0.575247 0.957734 0.005757 0.008993
0 0.101974 0.719424 0.004934 0.014388
0 0.291941 0.651978 0.006579 0.019784
0 0.725329 0.067446 0.004934 0.012590
0 0.465049 0.144784 0.007401 0.012590
0 0.915296 0.362410 0.008224 0.048561
0 0.522615 0.835432 0.007401 0.012590
0 0.673931 0.410072 0.005757 0.014389
0 0.392681 0.474820 0.007401 0.017986
0 0.344161 0.330935 0.005757 0.017986
