0 0.584704 0.696942 0.006579 0.019784
0 0.209704 0.008094 0.014803 0.016187
0 0.803865 0.576439 0.032072 0.044964
0 0.601151 0.259892 0.009868 0.019784
0 0.428043 0.006295 0.017270 0.012590
0 0.723273 0.394784 0.009046 0.016187
0 0.479852 0.684353 0.009046 0.016187
0 0.777549 0.714029 0.043585 0.050360
0 0.430099 0.467626 0.009868 0.021583
0 0.316612 0.688849 0.014803 0.025180
0 0.870888 0.089928 0.014803 0.017986
0 0.774671 0.036870 0.032895 0.070144
0 0.730674 0.720324 0.022204 0.037770
0 0.557155 0.012590 0.023849 0.025180
0 0.785773 0.407374 0.015625 0.030575
0 0.677220 0.312950 0.013980 0.028777
0 0.701069 0.984712 0.020559 0.026978
0 0.648849 0.063849 0.023026 0.055755
0 0.627467 0.032374 0.018092 0.039568
0 0.335115 0.170863 0.028783 0.039568
0 0.321546 0.045863 0.029605 0.055755
0 0.337582 0.054856 0.020559 0.055755
0 0.456414 0.427158 0.026316 0.048561
0 0.706003 0.015288 0.025493 0.030575
0 0.287007 0.773381 0.032895 0.057554
0 0.742188 0.540468 0.028783 0.041367
0 0.626645 0.416367 0.034540 0.070144
0 0.410362 0.936151 0.021382 0.044964
0 0.576891 0.200540 0.020559 0.037770
0 0.790296 0.169964 0.024671 0.048561
0 0.148438 0.505396 0.027138 0.046763
0 0.694079 0.432554 0.023026 0.044964
0 0.587171 0.456835 0.019737 0.043166
0 0.831003 0.598921 0.027138 0.064748
0 0.345806 0.133094 0.022204 0.053957
0 0.816201 0.539568 0.043585 0.086331
0 0.384868 0.218525 0.021382 0.062950
0 0.417763 0.270683 0.036184 0.066547
0 0.392270 0.621403 0.024671 0.048561
0 0.370477 0.559353 0.028783 0.064748
0 0.667352 0.955036 0.018915 0.046763
0 0.558799 0.517986 0.022204 0.050360
0 0.766036 0.223022 0.023849 0.046763
0 0.406661 0.539568 0.027138 0.061151
0 0.433388 0.432554 0.023026 0.055755
0 0.164474 0.920863 0.041118 0.057554
0 0.563734 0.426259 0.033717 0.046763
0 0.621711 0.490108 0.027960 0.055755
0 0.455181 0.379496 0.032072 0.057554
0 0.692845 0.263489 0.032072 0.052158
0 0.356497 0.289568 0.032072 0.061151
0 0.165707 0.058453 0.030428 0.062950
0 0.429688 0.357014 0.025493 0.048561
0 0.810444 0.190647 0.027138 0.046763
0 0.915707 0.044964 0.046875 0.086331
0 0.405839 0.352518 0.022204 0.053957
0 0.435855 0.760791 0.047697 0.079137
0 0.872122 0.828237 0.041941 0.066547
0 0.861020 0.136691 0.031250 0.057554
0 0.546464 0.475719 0.035362 0.073741
0 0.458059 0.280576 0.021382 0.053957
0 0.768092 0.758094 0.069079 0.127698
0 0.672697 0.488309 0.024671 0.052158
0 0.303043 0.350719 0.051809 0.082734
0 0.517270 0.903777 0.024671 0.052158
0 0.411595 0.602518 0.025493 0.050360
0 0.472862 0.460432 0.031250 0.068345
0 0.361020 0.902878 0.049342 0.075540
0 0.426809 0.215827 0.034539 0.053957
0 0.714638 0.646583 0.055921 0.116906
0 0.445724 0.067446 0.023026 0.055755
0 0.368010 0.060252 0.046875 0.077338
0 0.743421 0.350719 0.036184 0.068345
0 0.440378 0.819245 0.028783 0.055755
0 0.296875 0.919964 0.049342 0.077338
0 0.362253 0.791367 0.028783 0.068345
0 0.668997 0.739209 0.033717 0.061151
0 0.636102 0.903777 0.037007 0.080935
0 0.449424 0.869604 0.030428 0.052158
0 0.395148 0.149281 0.045230 0.097122
0 0.912829 0.735611 0.044408 0.089928
0 0.386513 0.843525 0.032895 0.097122
0 0.602796 0.430755 0.004934 0.012590
0 0.163651 0.832734 0.004934 0.014388
0 0.643914 0.214029 0.003289 0.010791
0 0.640625 0.142986 0.003289 0.008993
0 0.545641 0.862410 0.004112 0.008993
0 0.945312 0.027878 0.010691 0.055755
0 0.597039 0.493705 0.003289 0.012590
0 0.427632 0.545863 0.003289 0.008993
0 0.597451 0.412770 0.004112 0.008993
0 0.634457 0.213129 0.004112 0.008993
0 0.332648 0.802158 0.004112 0.010791
0 0.227796 0.651079 0.003289 0.010791
0 0.690789 0.824640 0.003289 0.008993
0 0.462993 0.125000 0.004934 0.008993
0 0.596628 0.641187 0.004112 0.008993
0 0.784128 0.270683 0.004112 0.012590
0 0.601974 0.151978 0.003289 0.008993
0 0.460938 0.089029 0.005757 0.012590
0 0.222039 0.740108 0.003289 0.008993
0 0.501645 0.376799 0.004934 0.012590
0 0.509457 0.455036 0.005757 0.010791
0 0.324424 0.530576 0.004112 0.010791
0 0.540707 0.178957 0.004112 0.008993
0 0.514803 0.952338 0.003289 0.008993
0 0.908306 0.556655 0.004112 0.012590
0 0.725329 0.955935 0.003289 0.008993
0 0.597862 0.390288 0.004934 0.010791
0 0.392270 0.993705 0.006579 0.008993
0 0.469572 0.150180 0.004934 0.012590
0 0.467516 0.973022 0.004112 0.010791
0 0.466694 0.873201 0.005757 0.016187
0 0.570724 0.261691 0.004934 0.012590
0 0.675987 0.591727 0.004934 0.010791
0 0.590461 0.544964 0.004934 0.010791
0 0.657484 0.228417 0.004112 0.014388
0 0.248766 0.083633 0.005757 0.012590
0 0.618832 0.593525 0.004112 0.017986
0 0.435855 0.884892 0.004934 0.014388
0 0.430921 0.499101 0.004934 0.016187
0 0.222451 0.798561 0.005757 0.010791
0 0.613898 0.439748 0.009046 0.026978
0 0.494655 0.619604 0.007401 0.012590
0 0.340872 0.007194 0.027138 0.014389
0 0.591694 0.336331 0.005757 0.014389
0 0.563322 0.943345 0.004934 0.016187
0 0.355263 0.843525 0.006579 0.017986
0 0.358553 0.010791 0.006579 0.021583
0 0.493832 0.715827 0.009046 0.014388
0 0.605263 0.454137 0.006579 0.019784
0 0.794408 0.578237 0.016447 0.041367
0 0.764391 0.312950 0.005757 0.014389
0 0.552220 0.268885 0.009046 0.012590
0 0.459293 0.682554 0.007401 0.012590
0 0.185444 0.984712 0.009046 0.026978
0 0.671053 0.116906 0.006579 0.021583
0 0.214227 0.386691 0.009046 0.014389
0 0.689967 0.466727 0.009868 0.023381
