0 0.849507 0.991007 0.034539 0.017986
0 0.838405 0.339029 0.009046 0.016187
0 0.773026 0.966727 0.009868 0.023381
0 0.543997 0.852518 0.010691 0.017986
0 0.432155 0.088129 0.010691 0.017986
0 0.597451 0.386691 0.009046 0.025180
0 0.571135 0.084532 0.009046 0.021583
0 0.836349 0.813849 0.011513 0.023381
0 0.659951 0.185252 0.009046 0.021583
0 0.291118 0.592626 0.011513 0.019784
0 0.696546 0.946942 0.008224 0.019784
0 0.471217 0.988309 0.013158 0.019784
0 0.059210 0.233813 0.014803 0.039568
0 0.734375 0.989209 0.009868 0.021583
0 0.512336 0.063849 0.026316 0.044964
0 0.668997 0.986511 0.025493 0.023381
0 0.678043 0.351619 0.012335 0.026978
0 0.538240 0.310252 0.023849 0.055755
0 0.292763 0.982014 0.031250 0.032374
0 0.436678 0.973022 0.044408 0.053957
0 0.375000 0.553957 0.041118 0.061151
0 0.693257 0.120504 0.026316 0.035971
0 0.516859 0.462230 0.071546 0.172662
0 0.853207 0.144784 0.025493 0.041367
0 0.287829 0.035072 0.031250 0.052158
0 0.342928 0.918165 0.032895 0.044964
0 0.723273 0.321942 0.027138 0.039568
0 0.072780 0.233813 0.022204 0.050360
0 0.565378 0.172662 0.023849 0.061151
0 0.453125 0.224820 0.024671 0.061151
0 0.631579 0.651978 0.029605 0.055755
0 0.790296 0.744604 0.018092 0.035971
0 0.685855 0.199640 0.034540 0.061151
0 0.699836 0.534173 0.023026 0.046763
0 0.611431 0.219424 0.022204 0.046763
0 0.754523 0.946043 0.030428 0.061151
0 0.456003 0.379496 0.022204 0.057554
0 0.260691 0.695144 0.031250 0.052158
0 0.460115 0.776978 0.033717 0.075540
0 0.253289 0.627698 0.041118 0.068345
0 0.617599 0.872302 0.026316 0.046763
0 0.298520 0.218525 0.023026 0.041367
0 0.259457 0.228417 0.035362 0.075540
0 0.402961 0.948741 0.019737 0.052158
0 0.705181 0.731115 0.030428 0.052158
0 0.805921 0.672662 0.034540 0.061151
0 0.393092 0.214928 0.026316 0.070144
0 0.478618 0.946942 0.024671 0.062950
0 0.417352 0.319245 0.030428 0.055755
0 0.741365 0.893885 0.033717 0.046763
0 0.677632 0.393885 0.024671 0.057554
0 0.224507 0.052158 0.027960 0.061151
0 0.435444 0.915468 0.048520 0.064748
0 0.813322 0.385791 0.041118 0.070144
0 0.404194 0.786870 0.038651 0.066547
0 0.693257 0.604317 0.024671 0.057554
0 0.597451 0.687050 0.022204 0.061151
0 0.571957 0.272482 0.025493 0.044964
0 0.515214 0.810252 0.028783 0.055755
0 0.881990 0.293165 0.046875 0.068345
0 0.463405 0.875000 0.022204 0.055755
0 0.710526 0.398381 0.024671 0.052158
0 0.178043 0.630396 0.022204 0.062950
0 0.279194 0.923561 0.038651 0.073741
0 0.164062 0.482914 0.030428 0.048561
0 0.442845 0.825540 0.037007 0.075540
0 0.529194 0.723022 0.025493 0.057554
0 0.125000 0.875000 0.034540 0.070144
0 0.546875 0.573741 0.024671 0.053957
0 0.585115 0.628597 0.023849 0.048561
0 0.163651 0.303957 0.047697 0.082734
0 0.527549 0.369604 0.025493 0.048561
0 0.608964 0.753597 0.033717 0.071942
0 0.840872 0.861511 0.038651 0.079137
0 0.780016 0.416367 0.033717 0.077338
0 0.182155 0.122302 0.063322 0.129496
0 0.783717 0.051259 0.003289 0.008993
0 0.792763 0.357914 0.003289 0.010791
0 0.812911 0.555755 0.005757 0.014388
0 0.141859 0.733813 0.004112 0.014388
0 0.648849 0.950540 0.003289 0.008993
0 0.754523 0.298561 0.004112 0.010791
0 0.787007 0.122302 0.004934 0.010791
0 0.238487 0.355216 0.004934 0.008993
0 0.596217 0.848921 0.003289 0.010791
0 0.423520 0.608813 0.003289 0.008993
0 0.447368 0.169964 0.004934 0.012590
0 0.262336 0.871403 0.004934 0.012590
0 0.781661 0.228417 0.004112 0.010791
0 0.844984 0.312950 0.005757 0.010791
0 0.391036 0.241007 0.013980 0.028777
0 0.195312 0.004496 0.015625 0.008993
0 0.290296 0.259892 0.004934 0.008993
0 0.244655 0.776079 0.005757 0.008993
0 0.601151 0.299460 0.004934 0.012590
0 0.532072 0.132194 0.008224 0.012590
0 0.467928 0.053957 0.006579 0.014389
0 0.840461 0.540468 0.004934 0.016187
0 0.565378 0.841727 0.005757 0.014388
0 0.840049 0.675360 0.009046 0.012590
0 0.722451 0.866007 0.005757 0.016187
0 0.780428 0.343525 0.006579 0.014389
0 0.631990 0.430755 0.007401 0.019784
