0 0.439556 0.841727 0.005757 0.017986
0 0.553043 0.990108 0.017270 0.012590
0 0.257401 0.154676 0.009868 0.017986
0 0.370477 0.429856 0.009046 0.017986
0 0.340872 0.889389 0.007401 0.016187
0 0.306332 0.740108 0.007401 0.019784
0 0.229441 0.986511 0.042763 0.026978
0 0.489720 0.429856 0.007401 0.021583
0 0.499589 0.985611 0.043585 0.028777
0 0.391447 0.030575 0.014803 0.032374
0 0.833882 0.986511 0.011513 0.023381
0 0.604852 0.139388 0.010691 0.034173
0 0.178454 0.195144 0.016447 0.023381
0 0.791530 0.015288 0.040296 0.030575
0 0.928454 0.950540 0.024671 0.055755
0 0.326480 0.170863 0.026316 0.053957
0 0.273438 0.340827 0.035362 0.044964
0 0.386513 0.559353 0.024671 0.053957
0 0.363076 0.506295 0.020559 0.059353
0 0.187911 0.231115 0.032072 0.055755
0 0.574836 0.467626 0.032895 0.050360
0 0.656661 0.028777 0.028783 0.057554
0 0.528372 0.035072 0.027138 0.059353
0 0.247944 0.501799 0.041941 0.089928
0 0.639391 0.495504 0.025493 0.044964
0 0.483553 0.473921 0.018092 0.041367
0 0.325247 0.737410 0.025493 0.064748
0 0.617188 0.417266 0.025493 0.057554
0 0.457648 0.512590 0.023849 0.061151
0 0.362664 0.805755 0.027961 0.061151
0 0.136102 0.201439 0.030428 0.057554
0 0.242599 0.630396 0.026316 0.052158
0 0.606908 0.468525 0.026316 0.059353
0 0.397204 0.462230 0.024671 0.053957
0 0.920230 0.162770 0.026316 0.062950
0 0.289062 0.512590 0.051809 0.089928
0 0.384046 0.279676 0.031250 0.066547
0 0.420230 0.631295 0.027961 0.043166
0 0.831414 0.368705 0.024671 0.061151
0 0.087993 0.681655 0.046053 0.075540
0 0.594984 0.697842 0.030428 0.064748
0 0.305099 0.080935 0.039474 0.064748
0 0.922697 0.408273 0.027961 0.046763
0 0.566612 0.352518 0.036184 0.064748
0 0.914885 0.071043 0.032072 0.059352
0 0.787829 0.374101 0.046053 0.075540
0 0.281250 0.908273 0.031250 0.064748
0 0.229441 0.870504 0.032895 0.068345
0 0.729030 0.090827 0.025493 0.066547
0 0.262747 0.841727 0.041941 0.061151
0 0.446957 0.412770 0.023849 0.052158
0 0.439967 0.680755 0.024671 0.055755
0 0.552632 0.394784 0.027960 0.048561
0 0.102385 0.757194 0.027138 0.071942
0 0.145148 0.448741 0.043585 0.073741
0 0.142270 0.376799 0.052632 0.080935
0 0.657072 0.419065 0.029605 0.057554
0 0.699424 0.954137 0.030428 0.073741
0 0.158306 0.283273 0.043585 0.077338
0 0.104441 0.469424 0.046053 0.093525
0 0.563322 0.297662 0.032895 0.055755
0 0.405839 0.519784 0.023849 0.068345
0 0.468339 0.930755 0.037007 0.073741
0 0.358553 0.345324 0.029605 0.057554
0 0.643503 0.629496 0.032072 0.079137
0 0.733964 0.890288 0.045230 0.089928
0 0.166530 0.899281 0.035362 0.089928
0 0.435033 0.929856 0.003289 0.010791
0 0.401727 0.691547 0.004112 0.008993
0 0.277138 0.803058 0.004934 0.008993
0 0.312500 0.590827 0.003289 0.008993
0 0.719984 0.225719 0.004112 0.012590
0 0.728618 0.988309 0.003289 0.008993
0 0.468750 0.737410 0.003289 0.010791
0 0.574836 0.888489 0.003289 0.010791
0 0.730674 0.637590 0.004112 0.012590
0 0.429276 0.828237 0.004934 0.008993
0 0.395559 0.643885 0.003289 0.010791
0 0.561266 0.114209 0.004112 0.008993
0 0.647615 0.919065 0.004112 0.010791
0 0.326480 0.200540 0.004934 0.012590
0 0.263569 0.387590 0.004112 0.012590
0 0.529194 0.161871 0.004112 0.010791
0 0.481086 0.572842 0.004934 0.008993
0 0.633224 0.843525 0.004934 0.010791
0 0.581826 0.948741 0.004112 0.008993
0 0.372122 0.011691 0.004112 0.008993
0 0.532072 0.241906 0.003289 0.012590
0 0.303865 0.982914 0.004112 0.012590
0 0.468750 0.339928 0.006579 0.010791
0 0.506168 0.653777 0.005757 0.012590
0 0.479441 0.889389 0.006579 0.012590
0 0.945724 0.958633 0.009868 0.043165
0 0.341283 0.014389 0.004934 0.010791
0 0.192845 0.905576 0.005757 0.012590
0 0.234375 0.239209 0.004934 0.010791
0 0.270148 0.180755 0.007401 0.019784
0 0.460526 0.091727 0.006579 0.010791
0 0.547697 0.202338 0.004934 0.012590
0 0.462582 0.215827 0.005757 0.014388
0 0.199836 0.338129 0.006579 0.010791
0 0.337582 0.098022 0.004112 0.012590
0 0.666530 0.830935 0.007401 0.014388
0 0.370066 0.044964 0.008224 0.014388
0 0.638569 0.446942 0.009046 0.016187
0 0.444490 0.811151 0.005757 0.014388
0 0.322368 0.988309 0.008224 0.012590
0 0.392270 0.342626 0.004934 0.012590
0 0.530016 0.411871 0.009046 0.014389
0 0.192023 0.925360 0.005757 0.016187
0 0.684622 0.004496 0.018915 0.008993
0 0.404605 0.874101 0.004934 0.014388
0 0.334704 0.868705 0.004934 0.014388
0 0.374178 0.492806 0.004934 0.025180
0 0.912007 0.497302 0.006579 0.016187
0 0.748766 0.622302 0.007401 0.014388
0 0.523849 0.798561 0.006579 0.014388
0 0.173931 0.103417 0.005757 0.019784
0 0.661184 0.678957 0.004934 0.019784
0 0.598684 0.839928 0.006579 0.014388
0 0.447368 0.272482 0.006579 0.016187
