0 0.578125 0.203237 0.009868 0.017986
0 0.884868 0.280576 0.014803 0.021583
0 0.624178 0.937050 0.023026 0.057554
0 0.335526 0.010791 0.021382 0.021583
0 0.422697 0.017986 0.046053 0.035971
0 0.645559 0.857014 0.014803 0.034173
0 0.771382 0.637590 0.032895 0.095324
0 0.307155 0.068345 0.017270 0.028777
0 0.720395 0.889389 0.019737 0.037770
0 0.351974 0.787770 0.024671 0.046763
0 0.803454 0.311151 0.018092 0.071942
0 0.711349 0.660072 0.031250 0.053957
0 0.592105 0.022482 0.024671 0.044964
0 0.582648 0.169065 0.025493 0.035971
0 0.444490 0.043166 0.030428 0.053957
0 0.551809 0.698741 0.023026 0.070144
0 0.597862 0.811151 0.019737 0.043166
0 0.781250 0.097122 0.024671 0.064748
0 0.219572 0.375000 0.039474 0.066547
0 0.440378 0.297662 0.027138 0.059352
0 0.245477 0.435252 0.038651 0.061151
0 0.641447 0.028777 0.037829 0.050360
0 0.445312 0.876799 0.032072 0.048561
0 0.381990 0.738309 0.022204 0.062950
0 0.105674 0.157374 0.030428 0.059352
0 0.689967 0.415468 0.024671 0.050360
0 0.798109 0.576439 0.027138 0.041367
0 0.792352 0.661870 0.018915 0.043166
0 0.858964 0.024281 0.028783 0.048561
0 0.530016 0.723921 0.033717 0.113309
0 0.506579 0.277878 0.018092 0.044964
0 0.328125 0.471223 0.027961 0.064748
0 0.306332 0.143885 0.022204 0.057554
0 0.912418 0.652878 0.041941 0.075540
0 0.279194 0.389389 0.033717 0.080935
0 0.361020 0.196043 0.032895 0.093525
0 0.744243 0.453237 0.026316 0.071942
0 0.618421 0.458633 0.021382 0.057554
0 0.183388 0.394784 0.036184 0.109712
0 0.567434 0.100719 0.037829 0.071942
0 0.685444 0.714029 0.027138 0.050360
0 0.928043 0.820144 0.027138 0.061151
0 0.314967 0.218525 0.027961 0.052158
0 0.372533 0.105216 0.029605 0.120504
0 0.253289 0.354317 0.024671 0.046763
0 0.292352 0.615108 0.023849 0.071942
0 0.354852 0.715827 0.040296 0.071942
0 0.714638 0.532374 0.024671 0.064748
0 0.531661 0.063849 0.028783 0.055755
0 0.592928 0.576439 0.046053 0.120504
0 0.741776 0.694245 0.031250 0.079137
0 0.638569 0.342626 0.041941 0.113309
0 0.406250 0.176259 0.055921 0.089928
0 0.284951 0.466727 0.028783 0.073741
0 0.841283 0.613309 0.026316 0.050360
0 0.703947 0.598022 0.039474 0.095324
0 0.822368 0.679856 0.029605 0.086331
0 0.431743 0.950540 0.036184 0.080935
0 0.341283 0.104317 0.032895 0.075540
0 0.189967 0.190647 0.044408 0.111511
0 0.328125 0.821942 0.029605 0.075540
0 0.822780 0.842626 0.004112 0.008993
0 0.804276 0.228417 0.003289 0.010791
0 0.801398 0.856115 0.004112 0.007194
0 0.260280 0.812950 0.004112 0.010791
0 0.518914 0.400180 0.004934 0.008993
0 0.763158 0.182554 0.003289 0.008993
0 0.675576 0.261691 0.004112 0.012590
0 0.678043 0.072842 0.004112 0.008993
0 0.223273 0.180755 0.004112 0.008993
0 0.506168 0.830036 0.004112 0.008993
0 0.189556 0.041367 0.009046 0.021583
0 0.510280 0.114209 0.004112 0.008993
0 0.673931 0.972122 0.004112 0.008993
0 0.454359 0.204137 0.004112 0.008993
0 0.536184 0.218525 0.003289 0.008993
0 0.750411 0.354317 0.004112 0.010791
0 0.162829 0.611511 0.004934 0.010791
0 0.185444 0.110612 0.005757 0.023381
0 0.224918 0.273381 0.004112 0.014389
0 0.339638 0.285971 0.004934 0.010791
0 0.209293 0.005396 0.004112 0.010791
0 0.155839 0.953237 0.005757 0.010791
0 0.623355 0.890288 0.003289 0.010791
0 0.765214 0.739209 0.005757 0.014388
0 0.773849 0.260791 0.003289 0.010791
0 0.539474 0.803957 0.003289 0.010791
0 0.569490 0.403777 0.004112 0.008993
0 0.438734 0.716727 0.004112 0.008993
0 0.226974 0.656475 0.004934 0.010791
0 0.538651 0.026079 0.004934 0.012590
0 0.420641 0.737410 0.004112 0.010791
0 0.442023 0.152878 0.004112 0.010791
0 0.632812 0.647482 0.004112 0.010791
0 0.826480 0.432554 0.006579 0.008993
0 0.553865 0.794065 0.004112 0.012590
0 0.694901 0.032374 0.004934 0.010791
0 0.238898 0.506295 0.004112 0.012590
0 0.875000 0.982014 0.004934 0.014388
0 0.559622 0.177158 0.004112 0.012590
0 0.315789 0.664568 0.004934 0.012590
0 0.611842 0.537770 0.004934 0.021583
0 0.502056 0.911870 0.004112 0.010791
0 0.272615 0.073741 0.005757 0.010791
0 0.677632 0.238309 0.006579 0.012590
0 0.190789 0.478417 0.004934 0.010791
0 0.656661 0.435252 0.007401 0.010791
0 0.258224 0.490108 0.006579 0.012590
0 0.421053 0.859712 0.004934 0.014388
0 0.543174 0.125899 0.005757 0.017986
0 0.761513 0.618705 0.026316 0.075540
