0 0.897615 0.884892 0.009046 0.017986
0 0.378289 0.784173 0.008224 0.017986
0 0.349507 0.086331 0.009868 0.021583
0 0.525493 0.988309 0.018092 0.019784
0 0.881579 0.986511 0.032895 0.023381
0 0.737253 0.011691 0.020559 0.023381
0 0.774671 0.553957 0.023026 0.050360
0 0.825247 0.361511 0.022204 0.043166
0 0.737664 0.793165 0.016447 0.025180
0 0.831414 0.107914 0.023026 0.025180
0 0.669408 0.517086 0.014803 0.034173
0 0.924753 0.968525 0.022204 0.052158
0 0.377056 0.660072 0.037007 0.046763
0 0.565378 0.440647 0.015625 0.046763
0 0.478618 0.017986 0.021382 0.035971
0 0.141036 0.526079 0.027138 0.044964
0 0.835938 0.279676 0.030428 0.052158
0 0.321957 0.487410 0.041941 0.064748
0 0.613076 0.035971 0.030428 0.071942
0 0.804276 0.678957 0.024671 0.041367
0 0.423505 0.808554 0.054306 0.080733
0 0.686678 0.267086 0.026316 0.059352
0 0.684622 0.366007 0.025493 0.048561
0 0.467105 0.434353 0.026316 0.055755
0 0.697780 0.239209 0.025493 0.043166
0 0.249178 0.445144 0.031250 0.062950
0 0.550576 0.453237 0.025493 0.061151
0 0.682566 0.413669 0.029605 0.046763
0 0.415296 0.015288 0.024671 0.030575
0 0.318257 0.349820 0.023026 0.059352
0 0.734786 0.495504 0.023849 0.052158
0 0.538240 0.960432 0.032072 0.046763
0 0.717105 0.773381 0.023026 0.057554
0 0.239309 0.772482 0.044408 0.073741
0 0.730263 0.601619 0.034540 0.048561
0 0.602385 0.212230 0.027138 0.046763
0 0.573633 0.523977 0.050296 0.124452
0 0.805921 0.975719 0.024671 0.048561
0 0.599507 0.839029 0.026316 0.070144
0 0.675576 0.888489 0.027138 0.068345
0 0.455181 0.839928 0.033717 0.064748
0 0.729852 0.909173 0.028783 0.052158
0 0.205592 0.348022 0.031250 0.048561
0 0.369243 0.287770 0.034540 0.053957
0 0.531250 0.057554 0.029605 0.046763
0 0.612253 0.660732 0.050165 0.082734
0 0.345395 0.812950 0.019737 0.057554
0 0.826480 0.023381 0.026316 0.046763
0 0.254112 0.919964 0.026316 0.044964
0 0.568668 0.959532 0.022204 0.041367
0 0.307566 0.614209 0.032895 0.066547
0 0.239309 0.080036 0.029605 0.066547
0 0.317845 0.546763 0.043586 0.086331
0 0.574013 0.844424 0.026316 0.052158
0 0.420641 0.227518 0.033717 0.062950
0 0.872122 0.514389 0.043586 0.071942
0 0.751234 0.729317 0.027138 0.059353
0 0.532072 0.656475 0.029605 0.075540
0 0.366365 0.039568 0.027138 0.061151
0 0.252056 0.260791 0.035362 0.068345
0 0.266859 0.538669 0.035362 0.080935
0 0.088816 0.199640 0.041118 0.086331
0 0.453125 0.137590 0.029605 0.059352
0 0.496711 0.778777 0.019737 0.053957
0 0.395148 0.117806 0.028783 0.059353
0 0.697780 0.780576 0.022204 0.053957
0 0.111431 0.814748 0.056743 0.125899
0 0.764803 0.082734 0.046053 0.089928
0 0.615954 0.297662 0.050987 0.113309
0 0.182977 0.959532 0.035362 0.073741
0 0.169819 0.521583 0.035362 0.097122
0 0.446135 0.053058 0.035362 0.095324
0 0.305099 0.900180 0.036184 0.098921
0 0.686678 0.836331 0.003289 0.010791
0 0.565789 0.062050 0.004934 0.008993
0 0.416118 0.954137 0.003289 0.008993
0 0.544819 0.918165 0.004112 0.008993
0 0.153372 0.713130 0.004112 0.008993
0 0.147615 0.300360 0.004112 0.010791
0 0.287829 0.407374 0.004934 0.008993
0 0.492599 0.040468 0.003289 0.008993
0 0.198602 0.715827 0.004112 0.014388
0 0.175576 0.388489 0.004112 0.010791
0 0.371299 0.805755 0.004112 0.010791
0 0.633224 0.934353 0.004934 0.008993
0 0.431743 0.678058 0.004934 0.010791
0 0.106497 0.538669 0.004112 0.008993
0 0.537829 0.158273 0.004934 0.010791
0 0.550576 0.415468 0.004112 0.014389
0 0.266036 0.195144 0.004112 0.008993
0 0.650082 0.994604 0.004112 0.010791
0 0.407484 0.871403 0.004112 0.008993
0 0.576891 0.662770 0.005757 0.012590
0 0.693668 0.648381 0.004112 0.012590
0 0.922697 0.102518 0.004934 0.010791
0 0.629523 0.913669 0.004112 0.010791
0 0.492188 0.348022 0.004112 0.012590
0 0.672697 0.686151 0.004934 0.008993
0 0.492599 0.892986 0.003289 0.008993
0 0.224918 0.453237 0.004112 0.010791
0 0.171875 0.706835 0.003289 0.014388
0 0.628701 0.965827 0.004112 0.014388
0 0.570312 0.692446 0.005757 0.010791
0 0.648438 0.933453 0.005757 0.014388
0 0.505345 0.455036 0.005757 0.010791
0 0.647615 0.229317 0.005757 0.012590
0 0.559622 0.630396 0.005757 0.016187
