0 0.428865 0.851619 0.009046 0.023381
0 0.214638 0.455935 0.009868 0.023381
0 0.426398 0.375899 0.009046 0.017986
0 0.765625 0.728417 0.013158 0.017986
0 0.880757 0.550360 0.009868 0.017986
0 0.232730 0.569245 0.011513 0.023381
0 0.189967 0.454137 0.011513 0.023381
0 0.656250 0.987410 0.023026 0.017986
0 0.924753 0.597122 0.010691 0.035971
0 0.612253 0.744604 0.033717 0.061151
0 0.736020 0.839928 0.014803 0.028777
0 0.611842 0.831835 0.029605 0.113309
0 0.450658 0.146583 0.050987 0.113309
0 0.688734 0.062950 0.020559 0.046763
0 0.745888 0.880396 0.021382 0.023381
0 0.922697 0.472122 0.027961 0.059353
0 0.635691 0.665468 0.023026 0.053957
0 0.593339 0.734712 0.025493 0.062950
0 0.211349 0.884892 0.027960 0.061151
0 0.451891 0.662770 0.033717 0.055755
0 0.337993 0.052158 0.023026 0.032374
0 0.636513 0.839928 0.021382 0.061151
0 0.796053 0.311151 0.029605 0.039568
0 0.546053 0.609712 0.019737 0.039568
0 0.408306 0.032374 0.025493 0.050360
0 0.109786 0.623201 0.022204 0.037770
0 0.109786 0.718525 0.028783 0.062950
0 0.595806 0.395683 0.017270 0.046763
0 0.372944 0.193345 0.041941 0.055755
0 0.486431 0.819245 0.020559 0.044964
0 0.162007 0.476619 0.036184 0.064748
0 0.698602 0.778777 0.018915 0.053957
0 0.844161 0.979317 0.023849 0.041367
0 0.312911 0.543165 0.027138 0.057554
0 0.254112 0.805755 0.029605 0.043166
0 0.202303 0.098022 0.034539 0.052158
0 0.854852 0.380396 0.037007 0.052158
0 0.307155 0.071043 0.032072 0.062950
0 0.381579 0.039568 0.024671 0.071942
0 0.391036 0.609712 0.023849 0.064748
0 0.444079 0.055755 0.023026 0.061151
0 0.678865 0.778777 0.025493 0.053957
0 0.829770 0.617806 0.031250 0.059353
0 0.232319 0.065647 0.050164 0.084532
0 0.754112 0.042266 0.055921 0.084532
0 0.883635 0.142086 0.033717 0.064748
0 0.230263 0.140288 0.060855 0.068345
0 0.245888 0.883094 0.042763 0.061151
0 0.818257 0.769784 0.029605 0.053957
0 0.721628 0.453237 0.022204 0.053957
0 0.367599 0.654676 0.019737 0.064748
0 0.432566 0.446942 0.031250 0.055755
0 0.550987 0.920863 0.046053 0.111511
0 0.689145 0.660072 0.041118 0.093525
0 0.296464 0.633094 0.050164 0.100719
0 0.602385 0.571043 0.033717 0.073741
0 0.709704 0.185252 0.044408 0.053957
0 0.336760 0.763489 0.028783 0.059353
0 0.578536 0.838130 0.053454 0.125899
0 0.303043 0.733813 0.043585 0.086331
0 0.370477 0.092626 0.040296 0.091727
0 0.161184 0.350719 0.049342 0.115108
0 0.785362 0.697842 0.044408 0.082734
0 0.715461 0.113309 0.031250 0.053957
0 0.302220 0.342626 0.023849 0.048561
0 0.378701 0.483813 0.037007 0.093525
0 0.608553 0.258094 0.029605 0.059353
0 0.618832 0.447842 0.004112 0.010791
0 0.527961 0.765288 0.003289 0.012590
0 0.699424 0.409173 0.004112 0.008993
0 0.213405 0.482014 0.005757 0.017986
0 0.212582 0.504496 0.005757 0.019784
0 0.183799 0.662770 0.004112 0.012590
0 0.537829 0.154676 0.006579 0.010791
0 0.131990 0.696942 0.004112 0.008993
0 0.348684 0.946043 0.003289 0.010791
0 0.456414 0.855216 0.004934 0.008993
0 0.588816 0.505396 0.004934 0.010791
0 0.408306 0.258993 0.004112 0.010791
0 0.505757 0.110612 0.003289 0.008993
0 0.393092 0.417266 0.004934 0.010791
0 0.516859 0.086331 0.004112 0.010791
0 0.401316 0.007194 0.023026 0.014389
0 0.627056 0.207734 0.005757 0.008993
0 0.577303 0.270683 0.004934 0.008993
0 0.824013 0.894784 0.003289 0.008993
0 0.642270 0.750000 0.003289 0.007194
0 0.510691 0.680755 0.003289 0.012590
0 0.280839 0.570144 0.005757 0.010791
0 0.506579 0.851619 0.003289 0.008993
0 0.830181 0.490108 0.004112 0.008993
0 0.198602 0.443345 0.009046 0.016187
0 0.646382 0.295863 0.004934 0.012590
0 0.900082 0.647482 0.004112 0.010791
0 0.885280 0.750000 0.004112 0.010791
0 0.644737 0.402878 0.004934 0.010791
0 0.666118 0.505396 0.004934 0.010791
0 0.715872 0.723022 0.004112 0.010791
0 0.081415 0.748201 0.006579 0.010791
0 0.254934 0.232914 0.004934 0.016187
0 0.678454 0.598921 0.004934 0.010791
0 0.340461 0.878597 0.006579 0.012590
0 0.565789 0.142986 0.004934 0.019784
0 0.199836 0.698741 0.006579 0.016187
0 0.667352 0.409173 0.007401 0.012590
0 0.688734 0.229317 0.007401 0.016187
0 0.745066 0.927158 0.008224 0.016187
