0 0.706003 0.580935 0.009046 0.021583
0 0.564145 0.035971 0.026316 0.053957
0 0.524260 0.892086 0.007401 0.017986
0 0.403372 0.183453 0.007401 0.017986
0 0.285362 0.227518 0.011513 0.019784
0 0.456414 0.616007 0.009868 0.016187
0 0.390625 0.199640 0.009868 0.017986
0 0.498766 0.104317 0.013980 0.028777
0 0.384046 0.008094 0.018092 0.016187
0 0.606908 0.305755 0.014803 0.032374
0 0.403372 0.016187 0.017270 0.032374
0 0.564556 0.637590 0.025493 0.066547
0 0.569901 0.016187 0.036184 0.032374
0 0.539885 0.765288 0.012335 0.037770
0 0.812500 0.635791 0.047697 0.052158
0 0.658717 0.015288 0.023026 0.030575
0 0.271793 0.690647 0.037007 0.061151
0 0.705181 0.500899 0.022204 0.037770
0 0.328536 0.023381 0.025493 0.046763
0 0.342105 0.546763 0.027961 0.046763
0 0.828125 0.970324 0.059211 0.055755
0 0.514803 0.342626 0.019737 0.041367
0 0.431332 0.077338 0.033717 0.057554
0 0.888158 0.032374 0.032895 0.057554
0 0.334293 0.633993 0.022204 0.048561
0 0.742599 0.592626 0.026316 0.044964
0 0.648849 0.112410 0.031250 0.048561
0 0.392681 0.691547 0.020559 0.048561
0 0.524260 0.592626 0.027138 0.059353
0 0.471217 0.816547 0.031250 0.050360
0 0.171053 0.668165 0.024671 0.044964
0 0.799753 0.813849 0.038651 0.059353
0 0.363487 0.041367 0.027960 0.050360
0 0.345395 0.596223 0.026316 0.048561
0 0.609786 0.169065 0.025493 0.057554
0 0.422697 0.721223 0.026316 0.064748
0 0.211349 0.406475 0.034540 0.071942
0 0.347862 0.953237 0.024671 0.046763
0 0.410773 0.542266 0.035362 0.070144
0 0.260280 0.404676 0.032072 0.064748
0 0.797286 0.448741 0.043585 0.109712
0 0.209704 0.296763 0.027960 0.082734
0 0.394737 0.245504 0.024671 0.066547
0 0.548109 0.859712 0.032072 0.075540
0 0.743010 0.033273 0.041941 0.066547
0 0.393092 0.625000 0.032895 0.066547
0 0.377467 0.591727 0.026316 0.061151
0 0.731908 0.774281 0.036184 0.059353
0 0.351974 0.304856 0.029605 0.062950
0 0.598273 0.372302 0.032072 0.061151
0 0.508224 0.412770 0.029605 0.055755
0 0.445724 0.525180 0.026316 0.046763
0 0.560033 0.080935 0.021382 0.057554
0 0.230263 0.449640 0.034540 0.075540
0 0.704770 0.883094 0.027960 0.046763
0 0.682566 0.689748 0.027960 0.055755
0 0.887747 0.962230 0.045230 0.068345
0 0.658306 0.612410 0.028783 0.077338
0 0.631168 0.139388 0.025493 0.055755
0 0.495066 0.441547 0.023026 0.048561
0 0.354852 0.656475 0.033717 0.071942
0 0.337993 0.733813 0.034540 0.064748
0 0.606497 0.500899 0.033717 0.059353
0 0.615132 0.669964 0.029605 0.055755
0 0.223684 0.353417 0.029605 0.048561
0 0.489720 0.210432 0.032072 0.075540
0 0.460115 0.154676 0.028783 0.057554
0 0.384046 0.107014 0.026316 0.073741
0 0.501645 0.845324 0.036184 0.107914
0 0.315789 0.790468 0.032895 0.062950
0 0.381168 0.757194 0.030428 0.082734
0 0.356086 0.226619 0.039474 0.097122
0 0.700658 0.619604 0.032895 0.052158
0 0.526316 0.296763 0.032895 0.050360
0 0.462171 0.072842 0.029605 0.077338
0 0.447780 0.922662 0.045230 0.093525
0 0.729852 0.434353 0.056743 0.113309
0 0.629523 0.047662 0.004112 0.008993
0 0.673520 0.749101 0.003289 0.008993
0 0.611842 0.274281 0.003289 0.008993
0 0.635691 0.774281 0.003289 0.008993
0 0.731086 0.697842 0.003289 0.007194
0 0.718339 0.804856 0.004112 0.012590
0 0.882401 0.875899 0.003289 0.010791
0 0.662007 0.398381 0.004934 0.008993
0 0.896382 0.495504 0.004934 0.008993
0 0.604030 0.450540 0.004112 0.008993
0 0.466694 0.449640 0.004112 0.007194
0 0.564145 0.583633 0.004934 0.008993
0 0.546053 0.142086 0.003289 0.010791
0 0.543997 0.582734 0.004112 0.014388
0 0.302220 0.731115 0.004112 0.008993
0 0.561266 0.567446 0.004112 0.012590
0 0.875000 0.119604 0.003289 0.008993
0 0.578536 0.210432 0.004112 0.010791
0 0.579359 0.397482 0.004112 0.010791
0 0.560855 0.802158 0.003289 0.010791
0 0.285773 0.484712 0.004112 0.008993
0 0.695312 0.184353 0.004112 0.008993
0 0.683388 0.789568 0.004934 0.010791
0 0.667352 0.428957 0.004112 0.012590
0 0.486431 0.276079 0.004112 0.008993
0 0.478618 0.271583 0.003289 0.010791
0 0.449424 0.823741 0.004112 0.010791
0 0.688322 0.269784 0.004934 0.010791
0 0.645148 0.428957 0.004112 0.012590
0 0.618832 0.216727 0.005757 0.008993
0 0.895148 0.706835 0.004112 0.010791
0 0.516447 0.260791 0.004934 0.010791
0 0.712171 0.216727 0.004934 0.008993
0 0.622533 0.278777 0.004934 0.010791
0 0.756168 0.698741 0.004112 0.008993
0 0.675164 0.776978 0.004934 0.014388
0 0.439145 0.550360 0.006579 0.017986
0 0.415707 0.849820 0.005757 0.008993
0 0.849918 0.192446 0.004112 0.010791
0 0.600329 0.612410 0.004934 0.012590
0 0.564556 0.442446 0.005757 0.014389
0 0.343750 0.084532 0.004934 0.010791
0 0.641447 0.955935 0.004934 0.016187
0 0.829359 0.871403 0.009046 0.016187
0 0.548931 0.042266 0.009046 0.012590
0 0.639391 0.322842 0.007401 0.016187
0 0.496299 0.366007 0.005757 0.012590
0 0.634046 0.569245 0.004934 0.016187
0 0.933799 0.186151 0.005757 0.030575
0 0.631990 0.604317 0.007401 0.014388
0 0.494243 0.016187 0.006579 0.014388
0 0.619243 0.929856 0.006579 0.014388
0 0.303865 0.575540 0.007401 0.014388
0 0.216694 0.114209 0.007401 0.012590
0 0.724918 0.942446 0.005757 0.014388
0 0.852385 0.764389 0.009046 0.014388
0 0.207648 0.026079 0.007401 0.016187
0 0.553865 0.282374 0.007401 0.017986
