0 0.756990 0.883993 0.013980 0.019784
0 0.648026 0.928957 0.009868 0.026978
0 0.556332 0.103417 0.017270 0.037770
0 0.754934 0.856115 0.011513 0.039568
0 0.725329 0.954137 0.018092 0.030575
0 0.680510 0.390288 0.017270 0.032374
0 0.564145 0.909173 0.019737 0.048561
0 0.625822 0.579137 0.021382 0.057554
0 0.652549 0.608813 0.030428 0.116906
0 0.586349 0.883993 0.024671 0.044964
0 0.412007 0.802158 0.032895 0.061151
0 0.687911 0.910072 0.027138 0.057554
0 0.594984 0.309353 0.018915 0.043166
0 0.811678 0.633094 0.018092 0.043166
0 0.578125 0.459532 0.024671 0.044964
0 0.301398 0.532374 0.032072 0.061151
0 0.731908 0.065647 0.018092 0.044964
0 0.608141 0.333633 0.022204 0.048561
0 0.334704 0.633993 0.024671 0.037770
0 0.228207 0.392986 0.022204 0.066547
0 0.573191 0.095324 0.029605 0.071942
0 0.707237 0.028777 0.024671 0.057554
0 0.481497 0.288669 0.022204 0.041367
0 0.583470 0.840827 0.032072 0.052158
0 0.295120 0.405006 0.025493 0.053957
0 0.334293 0.339029 0.041941 0.088129
0 0.698191 0.959532 0.023026 0.052158
0 0.826069 0.822842 0.050164 0.142086
0 0.754523 0.473022 0.030428 0.050360
0 0.254934 0.171763 0.039474 0.055755
0 0.269326 0.338129 0.046875 0.136691
0 0.409539 0.855216 0.026316 0.048561
0 0.468339 0.232914 0.025493 0.052158
0 0.585115 0.613309 0.030428 0.050360
0 0.135691 0.890288 0.032895 0.061151
0 0.302632 0.354317 0.032895 0.082734
0 0.445312 0.401978 0.018915 0.052158
0 0.858141 0.803058 0.025493 0.059353
0 0.423520 0.756295 0.021382 0.059353
0 0.511924 0.822842 0.033717 0.070144
0 0.581826 0.394784 0.066612 0.109712
0 0.540296 0.562050 0.026316 0.055755
0 0.506168 0.264389 0.027138 0.075540
0 0.520148 0.617806 0.025493 0.052158
0 0.600740 0.977518 0.030428 0.041367
0 0.851974 0.047662 0.059211 0.095324
0 0.173109 0.709532 0.023849 0.048561
0 0.361842 0.096223 0.026316 0.052158
0 0.818668 0.357914 0.030428 0.064748
0 0.446957 0.697842 0.032072 0.050360
0 0.460938 0.919065 0.032072 0.046763
0 0.469984 0.677158 0.032072 0.070144
0 0.165707 0.425360 0.028783 0.055755
0 0.678865 0.716727 0.032072 0.073741
0 0.102385 0.755396 0.051809 0.082734
0 0.575658 0.674460 0.036184 0.079137
0 0.368421 0.516187 0.042763 0.089928
0 0.316612 0.441547 0.036184 0.102518
0 0.118832 0.694245 0.041941 0.064748
0 0.319079 0.819245 0.052632 0.098921
0 0.711760 0.608813 0.004112 0.008993
0 0.334704 0.014389 0.003289 0.010791
0 0.573602 0.182554 0.004112 0.012590
0 0.343750 0.470324 0.004934 0.008993
0 0.633635 0.249101 0.004112 0.008993
0 0.743832 0.017086 0.004112 0.012590
0 0.768503 0.687950 0.004112 0.008993
0 0.353207 0.425360 0.004112 0.008993
0 0.712171 0.565647 0.004934 0.016187
0 0.877467 0.026978 0.008224 0.017986
0 0.100329 0.145683 0.004934 0.010791
0 0.396793 0.610611 0.004112 0.012590
0 0.666941 0.133993 0.003289 0.008993
0 0.418586 0.351619 0.004934 0.012590
0 0.757812 0.779676 0.004112 0.008993
0 0.328125 0.210432 0.004934 0.010791
0 0.181332 0.833633 0.004112 0.008993
0 0.608141 0.875000 0.007401 0.019784
0 0.645970 0.356115 0.004112 0.010791
0 0.439145 0.069245 0.004934 0.016187
0 0.505345 0.557554 0.005757 0.010791
0 0.599095 0.221223 0.004112 0.010791
0 0.389391 0.453237 0.004112 0.010791
0 0.402961 0.474820 0.004934 0.010791
0 0.479852 0.583633 0.005757 0.008993
0 0.292763 0.456835 0.006579 0.010791
0 0.622944 0.664568 0.004112 0.012590
0 0.350329 0.154676 0.006579 0.010791
0 0.587582 0.026978 0.009046 0.021583
0 0.723684 0.820144 0.004934 0.014388
0 0.602796 0.041367 0.004934 0.014388
0 0.692023 0.272482 0.007401 0.019784
0 0.243010 0.248201 0.007401 0.014389
0 0.904194 0.320144 0.005757 0.014389
0 0.798931 0.639389 0.005757 0.023381
