0 0.687911 0.123201 0.007401 0.019784
0 0.425576 0.026079 0.007401 0.019784
0 0.412829 0.705935 0.008224 0.023381
0 0.520148 0.191547 0.007401 0.023381
0 0.542352 0.330935 0.007401 0.017986
0 0.208059 0.319245 0.009868 0.023381
0 0.619655 0.464029 0.009046 0.021583
0 0.504523 0.988309 0.012335 0.016187
0 0.746711 0.989209 0.013158 0.014388
0 0.394326 0.008993 0.015625 0.017986
0 0.698191 0.102518 0.014803 0.028777
0 0.404605 0.596223 0.013158 0.030575
0 0.812089 0.038669 0.015625 0.037770
0 0.475329 0.558453 0.023026 0.066547
0 0.449424 0.986511 0.018915 0.019784
0 0.551398 0.346223 0.017270 0.030575
0 0.479852 0.987410 0.012335 0.025180
0 0.463405 0.960432 0.013980 0.028777
0 0.573602 0.062950 0.022204 0.039568
0 0.804276 0.012590 0.024671 0.025180
0 0.552220 0.980216 0.020559 0.035971
0 0.697368 0.762590 0.013158 0.035971
0 0.260691 0.525180 0.026316 0.064748
0 0.614309 0.414568 0.034540 0.048561
0 0.557566 0.297662 0.023026 0.044964
0 0.824013 0.578237 0.029605 0.059353
0 0.596217 0.080036 0.019737 0.070144
0 0.801809 0.094425 0.039474 0.077338
0 0.492599 0.495504 0.018092 0.055755
0 0.268914 0.106115 0.027961 0.050360
0 0.604852 0.928957 0.027138 0.052158
0 0.724507 0.791367 0.052632 0.061151
0 0.317434 0.078237 0.026316 0.059353
0 0.339638 0.027878 0.031250 0.052158
0 0.560855 0.846223 0.026316 0.037770
0 0.383224 0.108813 0.037829 0.052158
0 0.717928 0.086331 0.026316 0.050360
0 0.382401 0.187950 0.026316 0.055755
0 0.504112 0.298561 0.029605 0.064748
0 0.759868 0.927158 0.024671 0.044964
0 0.665707 0.567446 0.033717 0.044964
0 0.178454 0.764389 0.054276 0.089928
0 0.445312 0.404676 0.020559 0.053957
0 0.525905 0.971223 0.030428 0.057554
0 0.279605 0.904676 0.024671 0.046763
0 0.336760 0.779676 0.022204 0.052158
0 0.678043 0.752698 0.028783 0.062950
0 0.244243 0.302158 0.023026 0.061151
0 0.785773 0.928957 0.025493 0.062950
0 0.145559 0.474820 0.042763 0.064748
0 0.717516 0.910971 0.025493 0.055755
0 0.141036 0.741007 0.028783 0.061151
0 0.205181 0.821043 0.061678 0.088129
0 0.224095 0.685252 0.028783 0.053957
0 0.334293 0.868705 0.025493 0.053957
0 0.693257 0.259892 0.046053 0.055755
0 0.704359 0.959532 0.025493 0.044964
0 0.730674 0.962230 0.023849 0.057554
0 0.167352 0.085432 0.035362 0.052158
0 0.159539 0.205036 0.041118 0.064748
0 0.483141 0.839928 0.046875 0.082734
0 0.357319 0.805755 0.037007 0.075540
0 0.138569 0.817446 0.038651 0.088129
0 0.303454 0.603417 0.032895 0.059353
0 0.867188 0.593525 0.043586 0.068345
0 0.452303 0.079137 0.024671 0.082734
0 0.455181 0.544964 0.038651 0.086331
0 0.495888 0.246403 0.023026 0.064748
0 0.710938 0.532374 0.020559 0.050360
0 0.892270 0.105216 0.032895 0.084532
0 0.217105 0.493705 0.049342 0.127698
0 0.393503 0.767086 0.038651 0.084532
0 0.360609 0.205036 0.028783 0.064748
0 0.208882 0.951439 0.046053 0.089928
0 0.320312 0.151079 0.038651 0.097122
0 0.718339 0.704137 0.040296 0.109712
0 0.453947 0.955036 0.004934 0.014388
0 0.262747 0.685252 0.004112 0.010791
0 0.710526 0.132194 0.003289 0.008993
0 0.594161 0.961331 0.005757 0.008993
0 0.645148 0.041367 0.005757 0.028777
0 0.463816 0.476619 0.004934 0.014388
0 0.543174 0.055755 0.004112 0.010791
0 0.521793 0.783273 0.004112 0.008993
0 0.423109 0.923561 0.004112 0.008993
0 0.423109 0.045863 0.004112 0.012590
0 0.459293 0.714928 0.004112 0.008993
0 0.403372 0.709532 0.004112 0.008993
0 0.643503 0.988309 0.004112 0.008993
0 0.575247 0.873201 0.007401 0.016187
0 0.576069 0.338129 0.004112 0.010791
0 0.483553 0.879496 0.016447 0.021583
0 0.389803 0.075540 0.006579 0.014388
0 0.306332 0.023381 0.005757 0.007194
0 0.745066 0.938849 0.004934 0.014388
0 0.465049 0.669964 0.005757 0.008993
0 0.497944 0.554856 0.005757 0.012590
0 0.698191 0.529676 0.006579 0.016187
0 0.574836 0.204137 0.006579 0.008993
0 0.756168 0.443345 0.005757 0.012590
0 0.609786 0.607914 0.005757 0.010791
0 0.527138 0.772482 0.004934 0.016187
0 0.723684 0.363309 0.006579 0.010791
0 0.781250 0.803058 0.004934 0.012590
0 0.567023 0.192446 0.004112 0.014388
0 0.666530 0.792266 0.005757 0.016187
0 0.451891 0.936151 0.005757 0.016187
0 0.506168 0.794964 0.005757 0.010791
0 0.340049 0.691547 0.005757 0.019784
0 0.472862 0.739209 0.006579 0.010791
0 0.481086 0.494604 0.006579 0.021583
0 0.530428 0.480216 0.006579 0.010791
0 0.769326 0.743705 0.005757 0.012590
0 0.370477 0.006295 0.018914 0.012590
0 0.513158 0.879496 0.008224 0.014388
0 0.483141 0.203237 0.009046 0.014388
0 0.354030 0.750899 0.005757 0.016187
0 0.580592 0.685252 0.008224 0.010791
