0 0.613898 0.047662 0.007401 0.019784
0 0.851151 0.826439 0.011513 0.016187
0 0.555099 0.946942 0.008224 0.023381
0 0.602385 0.559353 0.010691 0.017986
0 0.764803 0.008993 0.029605 0.017986
0 0.724507 0.367806 0.008224 0.019784
0 0.690378 0.882194 0.009046 0.019784
0 0.634868 0.585432 0.009868 0.016187
0 0.718339 0.563849 0.010691 0.016187
0 0.253289 0.116906 0.009868 0.021583
0 0.432155 0.109712 0.013980 0.021583
0 0.689967 0.591727 0.009868 0.021583
0 0.631990 0.008993 0.025493 0.017986
0 0.454359 0.820144 0.010691 0.025180
0 0.183799 0.044065 0.017270 0.026978
0 0.546875 0.330036 0.016447 0.030575
0 0.370066 0.544964 0.021382 0.046763
0 0.651316 0.642086 0.034540 0.086331
0 0.176398 0.781475 0.025493 0.052158
0 0.603618 0.017986 0.031250 0.035971
0 0.262336 0.017986 0.029605 0.035971
0 0.303454 0.748201 0.042763 0.061151
0 0.223273 0.523381 0.041941 0.075540
0 0.451480 0.532374 0.041118 0.079137
0 0.201069 0.547662 0.032072 0.062950
0 0.479852 0.300360 0.023849 0.043166
0 0.769737 0.977518 0.037829 0.041367
0 0.623766 0.248201 0.035362 0.053957
0 0.668174 0.351619 0.030428 0.044964
0 0.481086 0.494604 0.024671 0.061151
0 0.555510 0.638489 0.020559 0.046763
0 0.500000 0.883094 0.046053 0.104317
0 0.564145 0.421763 0.023026 0.041367
0 0.270148 0.681655 0.027138 0.053957
0 0.468750 0.938849 0.036184 0.122302
0 0.836349 0.861511 0.026316 0.053957
0 0.663651 0.156475 0.026316 0.064748
0 0.375000 0.380396 0.024671 0.066547
0 0.478207 0.436151 0.037007 0.062950
0 0.334704 0.693345 0.041118 0.059353
0 0.604030 0.281475 0.038651 0.080935
0 0.390214 0.330036 0.035362 0.059352
0 0.432977 0.867806 0.025493 0.052158
0 0.709293 0.490108 0.030428 0.059353
0 0.379112 0.966727 0.032895 0.059353
0 0.769737 0.359712 0.026316 0.064748
0 0.247122 0.959532 0.033717 0.062950
0 0.498766 0.124101 0.046875 0.089928
0 0.251645 0.221223 0.037829 0.068345
0 0.465872 0.166367 0.028783 0.059352
0 0.206826 0.471223 0.032072 0.050360
0 0.327714 0.345324 0.025493 0.082734
0 0.743832 0.618705 0.043585 0.071942
0 0.596217 0.680755 0.029605 0.059353
0 0.794408 0.517086 0.034540 0.077338
0 0.139391 0.838130 0.058388 0.086331
0 0.816612 0.752698 0.032895 0.066547
0 0.200658 0.865108 0.034539 0.064748
0 0.236020 0.055755 0.041118 0.082734
0 0.679276 0.629496 0.029605 0.075540
0 0.347862 0.440647 0.042763 0.082734
0 0.495888 0.191547 0.027960 0.066547
0 0.206414 0.715827 0.067434 0.154676
0 0.203125 0.951439 0.031250 0.079137
0 0.909539 0.955036 0.041118 0.079137
0 0.626234 0.471223 0.004112 0.014388
0 0.301398 0.261691 0.004112 0.008993
0 0.380757 0.874101 0.003289 0.010791
0 0.607730 0.909173 0.003289 0.008993
0 0.711349 0.949640 0.003289 0.010791
0 0.375822 0.448741 0.003289 0.012590
0 0.528372 0.769784 0.004112 0.007194
0 0.689556 0.557554 0.004112 0.010791
0 0.723684 0.088129 0.003289 0.010791
0 0.261513 0.868705 0.003289 0.010791
0 0.693668 0.955935 0.004112 0.008993
0 0.583882 0.935252 0.004934 0.010791
0 0.752056 0.285971 0.004112 0.010791
0 0.774260 0.837230 0.004112 0.008993
0 0.689145 0.882194 0.004934 0.016187
0 0.666530 0.564748 0.004112 0.010791
0 0.583882 0.422662 0.004934 0.014389
0 0.845395 0.642986 0.004934 0.008993
0 0.324836 0.610611 0.004934 0.012590
0 0.677220 0.812950 0.004112 0.010791
0 0.363487 0.642086 0.004934 0.010791
0 0.684622 0.746403 0.004112 0.010791
0 0.847862 0.332734 0.004934 0.010791
0 0.636513 0.992806 0.013158 0.010791
0 0.595806 0.765288 0.004112 0.008993
0 0.159539 0.598022 0.004934 0.012590
0 0.877467 0.796763 0.004934 0.010791
0 0.684622 0.681655 0.004112 0.010791
0 0.552220 0.799460 0.004112 0.008993
0 0.793997 0.043165 0.004112 0.010791
0 0.680099 0.113309 0.004934 0.014388
0 0.657072 0.248201 0.008224 0.017986
0 0.566201 0.533273 0.004112 0.012590
0 0.546053 0.287770 0.004934 0.010791
0 0.506990 0.705935 0.005757 0.012590
0 0.514391 0.606115 0.009046 0.025180
0 0.644737 0.854317 0.008224 0.010791
0 0.253289 0.992806 0.014803 0.014388
0 0.425576 0.563849 0.009046 0.008993
0 0.432977 0.419065 0.005757 0.014389
0 0.273849 0.526978 0.006579 0.014388
0 0.861020 0.780576 0.006579 0.014388
0 0.336349 0.259892 0.004934 0.012590
0 0.440789 0.616906 0.006579 0.010791
0 0.613487 0.125899 0.006579 0.021583
0 0.449013 0.897482 0.006579 0.021583
0 0.629934 0.444245 0.006579 0.014389
0 0.830592 0.447842 0.006579 0.014389
