0 0.250411 0.670863 0.007401 0.017986
0 0.587993 0.687050 0.009868 0.017986
0 0.330181 0.916367 0.009046 0.019784
0 0.662829 0.850719 0.009868 0.021583
0 0.578947 0.696942 0.011513 0.019784
0 0.694901 0.686151 0.014803 0.026978
0 0.187911 0.802158 0.027138 0.053957
0 0.276316 0.982014 0.042763 0.032374
0 0.462582 0.934353 0.033717 0.037770
0 0.228207 0.430755 0.015625 0.030575
0 0.317023 0.205036 0.017270 0.032374
0 0.363898 0.800360 0.025493 0.050360
0 0.924753 0.086331 0.051809 0.064748
0 0.732730 0.893885 0.032895 0.035971
0 0.550164 0.201439 0.023026 0.057554
0 0.699424 0.258094 0.032072 0.048561
0 0.926809 0.634892 0.029605 0.057554
0 0.604030 0.526978 0.027138 0.057554
0 0.585115 0.500000 0.037007 0.082734
0 0.215461 0.507194 0.049342 0.158273
0 0.851151 0.884892 0.032895 0.050360
0 0.828125 0.973921 0.026316 0.030575
0 0.263980 0.026079 0.019737 0.044964
0 0.177632 0.028777 0.041118 0.057554
0 0.831826 0.245504 0.023849 0.037770
0 0.546464 0.623201 0.020559 0.059353
0 0.166530 0.254496 0.025493 0.059353
0 0.894326 0.593525 0.022204 0.061151
0 0.634046 0.433453 0.024671 0.061151
0 0.448602 0.720324 0.035362 0.052158
0 0.674753 0.246403 0.020559 0.043166
0 0.493832 0.120504 0.027138 0.050360
0 0.791941 0.911870 0.029605 0.057554
0 0.421875 0.418165 0.027961 0.055755
0 0.800987 0.863309 0.027960 0.050360
0 0.830592 0.814748 0.041118 0.053957
0 0.410773 0.452338 0.025493 0.041367
0 0.460938 0.527878 0.032072 0.052158
0 0.339227 0.178957 0.025493 0.052158
0 0.656250 0.486511 0.029605 0.052158
0 0.558388 0.133993 0.034540 0.066547
0 0.199424 0.753597 0.027138 0.061151
0 0.458882 0.977518 0.029605 0.041367
0 0.602385 0.830935 0.030428 0.057554
0 0.160773 0.794964 0.056743 0.118705
0 0.594572 0.122302 0.024671 0.050360
0 0.557155 0.021583 0.023849 0.043165
0 0.451069 0.437050 0.043585 0.086331
0 0.843750 0.533273 0.029605 0.055755
0 0.414885 0.200540 0.032072 0.055755
0 0.780016 0.418165 0.028783 0.062950
0 0.824836 0.316547 0.041118 0.061151
0 0.516447 0.680755 0.026316 0.062950
0 0.497944 0.706835 0.022204 0.046763
0 0.497122 0.628597 0.030428 0.044964
0 0.753701 0.298561 0.027138 0.050360
0 0.614309 0.958633 0.021382 0.064748
0 0.626645 0.648381 0.024671 0.048561
0 0.725329 0.180755 0.050987 0.109712
0 0.657072 0.420863 0.029605 0.046763
0 0.710938 0.102518 0.037007 0.057554
0 0.810444 0.057554 0.030428 0.050360
0 0.477796 0.056655 0.034540 0.102518
0 0.709293 0.424460 0.027138 0.046763
0 0.711760 0.759892 0.030428 0.070144
0 0.696135 0.848022 0.028783 0.055755
0 0.658306 0.630396 0.033717 0.062950
0 0.435444 0.574640 0.025493 0.059353
0 0.263158 0.073741 0.027961 0.053957
0 0.328947 0.304856 0.041118 0.084532
0 0.571135 0.875899 0.022204 0.046763
0 0.382812 0.696043 0.041941 0.064748
0 0.363487 0.127698 0.031250 0.068345
0 0.198602 0.232014 0.048520 0.082734
0 0.758635 0.081835 0.053454 0.095324
0 0.331414 0.491007 0.047697 0.100719
0 0.721628 0.835432 0.022204 0.059353
0 0.110609 0.873201 0.056743 0.127698
0 0.287829 0.848022 0.034540 0.084532
0 0.517681 0.858813 0.040296 0.095324
0 0.286184 0.730216 0.037829 0.089928
0 0.277138 0.558453 0.004934 0.008993
0 0.435855 0.785072 0.003289 0.008993
0 0.607730 0.925360 0.004934 0.012590
0 0.530428 0.057554 0.003289 0.010791
0 0.623355 0.383094 0.003289 0.010791
0 0.582237 0.732014 0.003289 0.014388
0 0.588405 0.714928 0.005757 0.016187
0 0.479441 0.370504 0.004934 0.010791
0 0.946135 0.027878 0.009046 0.055755
0 0.303043 0.621403 0.004112 0.012590
0 0.641859 0.310252 0.004112 0.008993
0 0.530428 0.553058 0.004934 0.008993
0 0.276727 0.389389 0.005757 0.012590
0 0.549342 0.476619 0.004934 0.010791
0 0.332648 0.865108 0.004112 0.010791
0 0.257812 0.798561 0.004112 0.010791
0 0.689145 0.198741 0.003289 0.012590
0 0.600329 0.878597 0.003289 0.012590
0 0.506168 0.273381 0.004112 0.010791
0 0.629523 0.791367 0.004112 0.010791
0 0.881990 0.072842 0.004112 0.008993
0 0.719984 0.657374 0.004112 0.012590
0 0.748766 0.797662 0.005757 0.008993
0 0.455181 0.363309 0.005757 0.014389
0 0.597039 0.683453 0.004934 0.014388
0 0.526316 0.405576 0.004934 0.012590
0 0.646793 0.877698 0.007401 0.010791
0 0.743421 0.938849 0.008224 0.014388
0 0.876234 0.030575 0.005757 0.010791
0 0.806743 0.687950 0.006579 0.012590
0 0.773438 0.592626 0.007401 0.012590
0 0.673109 0.073741 0.005757 0.014388
0 0.822368 0.607014 0.006579 0.012590
0 0.323191 0.865108 0.006579 0.014388
