0 0.602385 0.771583 0.007401 0.017986
0 0.544408 0.285971 0.008224 0.021583
0 0.723273 0.132194 0.007401 0.019784
0 0.660773 0.570144 0.009046 0.014388
0 0.633635 0.285072 0.007401 0.019784
0 0.149671 0.747302 0.011513 0.016187
0 0.520559 0.766187 0.008224 0.025180
0 0.592105 0.009892 0.034540 0.019784
0 0.729441 0.284173 0.008224 0.017986
0 0.362253 0.555755 0.010691 0.028777
0 0.296053 0.600719 0.009868 0.017986
0 0.451480 0.409173 0.031250 0.059352
0 0.427220 0.407374 0.020559 0.055755
0 0.684211 0.467626 0.013158 0.025180
0 0.421053 0.797662 0.013158 0.030575
0 0.437911 0.368705 0.022204 0.064748
0 0.549753 0.015288 0.012335 0.026978
0 0.243421 0.011691 0.024671 0.023381
0 0.230674 0.274281 0.013980 0.026978
0 0.249589 0.424460 0.012336 0.028777
0 0.307566 0.622302 0.016447 0.032374
0 0.338405 0.883993 0.025493 0.044964
0 0.812089 0.556655 0.023849 0.055755
0 0.551398 0.525180 0.027138 0.050360
0 0.304276 0.854317 0.039474 0.061151
0 0.311678 0.907374 0.027961 0.044964
0 0.206826 0.428058 0.025493 0.053957
0 0.680510 0.702338 0.023849 0.048561
0 0.107730 0.358813 0.085526 0.142086
0 0.574424 0.468525 0.032072 0.059353
0 0.694079 0.068345 0.034540 0.050360
0 0.291941 0.735611 0.026316 0.053957
0 0.510691 0.179856 0.041118 0.057554
0 0.262336 0.116906 0.041118 0.075540
0 0.597039 0.689748 0.027960 0.055755
0 0.756579 0.023381 0.041118 0.046763
0 0.525493 0.930755 0.026316 0.037770
0 0.372122 0.910072 0.027138 0.053957
0 0.430921 0.911870 0.021382 0.043166
0 0.237253 0.462230 0.022204 0.046763
0 0.455181 0.817446 0.048520 0.073741
0 0.713816 0.971223 0.034540 0.046763
0 0.543586 0.706835 0.024671 0.057554
0 0.197780 0.678058 0.048520 0.053957
0 0.435444 0.452338 0.028783 0.041367
0 0.859375 0.664568 0.050987 0.080935
0 0.488898 0.504496 0.030428 0.062950
0 0.113898 0.719424 0.040296 0.068345
0 0.382812 0.842626 0.028783 0.048561
0 0.399260 0.185252 0.025493 0.061151
0 0.458059 0.864209 0.023026 0.052158
0 0.613898 0.978417 0.027138 0.039568
0 0.254112 0.852518 0.026316 0.053957
0 0.405839 0.500000 0.028783 0.061151
0 0.510280 0.258094 0.040296 0.073741
0 0.614309 0.647482 0.027960 0.061151
0 0.729030 0.732014 0.030428 0.071942
0 0.581003 0.820144 0.022204 0.064748
0 0.524671 0.588130 0.029605 0.046763
0 0.803865 0.501799 0.032072 0.053957
0 0.275905 0.234712 0.035362 0.062950
0 0.906250 0.381295 0.057566 0.068345
0 0.531250 0.196942 0.021382 0.066547
0 0.458470 0.285971 0.028783 0.079137
0 0.893503 0.109712 0.030428 0.071942
0 0.521382 0.035971 0.042763 0.071942
0 0.726562 0.645683 0.025493 0.046763
0 0.525082 0.483813 0.028783 0.061151
0 0.544819 0.438849 0.043585 0.071942
0 0.370066 0.440647 0.023026 0.053957
0 0.543586 0.632194 0.029605 0.062950
0 0.353618 0.504496 0.027960 0.070144
0 0.285773 0.974820 0.028783 0.046763
0 0.496299 0.862410 0.023849 0.070144
0 0.472451 0.148381 0.030428 0.062950
0 0.720395 0.315647 0.024671 0.048561
0 0.332237 0.476619 0.027960 0.061151
0 0.748355 0.260791 0.031250 0.075540
0 0.471217 0.684353 0.029605 0.059353
0 0.564145 0.698741 0.019737 0.055755
0 0.367188 0.117806 0.030428 0.070144
0 0.284539 0.043165 0.034539 0.086331
0 0.846217 0.923561 0.039474 0.073741
0 0.393914 0.776978 0.034539 0.068345
0 0.657895 0.967626 0.004934 0.010791
0 0.597862 0.803957 0.003289 0.010791
0 0.543586 0.590827 0.004934 0.012590
0 0.315789 0.783273 0.003289 0.008993
0 0.410362 0.273381 0.003289 0.010791
0 0.402549 0.315647 0.004112 0.016187
0 0.150905 0.225719 0.004112 0.016187
0 0.627878 0.923561 0.004112 0.008993
0 0.700658 0.647482 0.003289 0.010791
0 0.576891 0.514389 0.005757 0.014388
0 0.419408 0.974820 0.003289 0.010791
0 0.907895 0.986511 0.004934 0.008993
0 0.166941 0.595324 0.003289 0.014388
0 0.179688 0.056655 0.004112 0.008993
0 0.486020 0.319245 0.003289 0.012590
0 0.208882 0.075540 0.004934 0.014388
0 0.106497 0.855216 0.004112 0.008993
0 0.660362 0.648381 0.003289 0.008993
0 0.273026 0.004496 0.009868 0.008993
0 0.636924 0.004496 0.004112 0.008993
0 0.536595 0.521583 0.005757 0.017986
0 0.632401 0.331835 0.006579 0.008993
0 0.223273 0.025180 0.005757 0.014388
0 0.195724 0.884892 0.003289 0.010791
0 0.628701 0.502698 0.007401 0.012590
0 0.745477 0.859712 0.004112 0.010791
0 0.588816 0.851619 0.004934 0.016187
0 0.529194 0.551259 0.007401 0.008993
0 0.668997 0.739209 0.004112 0.014388
0 0.358141 0.730216 0.004112 0.010791
0 0.617188 0.792266 0.004112 0.012590
0 0.230674 0.190647 0.005757 0.010791
0 0.195312 0.019784 0.004112 0.010791
0 0.243010 0.689748 0.007401 0.023381
0 0.739720 0.193345 0.004112 0.012590
0 0.618832 0.812950 0.007401 0.014388
0 0.683388 0.270683 0.004934 0.012590
0 0.685033 0.602518 0.003289 0.014388
0 0.679276 0.230216 0.006579 0.046763
0 0.351151 0.772482 0.004934 0.012590
0 0.671875 0.200540 0.004934 0.012590
0 0.867188 0.005396 0.022204 0.010791
0 0.631168 0.857014 0.007401 0.016187
0 0.220395 0.782374 0.004934 0.017986
0 0.443668 0.821043 0.022204 0.059353
0 0.564967 0.783273 0.004934 0.012590
0 0.683388 0.626799 0.006579 0.016187
0 0.761102 0.365108 0.007401 0.017986
0 0.495477 0.312950 0.005757 0.014389
