0 0.534128 0.909173 0.007401 0.019784
0 0.615132 0.035072 0.008224 0.016187
0 0.501234 0.892086 0.009046 0.021583
0 0.144326 0.464029 0.009046 0.017986
0 0.778372 0.225719 0.025493 0.062950
0 0.207237 0.384892 0.011513 0.028777
0 0.463405 0.470324 0.012335 0.026978
0 0.523849 0.035072 0.026316 0.070144
0 0.788240 0.314748 0.035362 0.043166
0 0.344572 0.758094 0.023026 0.037770
0 0.249178 0.470324 0.027961 0.044964
0 0.597862 0.793165 0.016447 0.039568
0 0.324424 0.768885 0.023849 0.066547
0 0.273026 0.090827 0.032895 0.062950
0 0.789474 0.455935 0.031250 0.120504
0 0.559622 0.133094 0.013980 0.035971
0 0.642270 0.962230 0.041118 0.061151
0 0.312089 0.495504 0.055099 0.098921
0 0.616365 0.562950 0.050165 0.064748
0 0.489720 0.776079 0.027138 0.070144
0 0.842105 0.735611 0.024671 0.050360
0 0.694079 0.297662 0.024671 0.059352
0 0.588405 0.047662 0.018915 0.055755
0 0.462582 0.276079 0.028783 0.052158
0 0.726151 0.500899 0.037829 0.084532
0 0.793174 0.360611 0.038651 0.059352
0 0.443668 0.179856 0.023849 0.046763
0 0.812911 0.437950 0.028783 0.066547
0 0.142270 0.808453 0.029605 0.041367
0 0.709704 0.880396 0.021382 0.052158
0 0.503289 0.855216 0.026316 0.052158
0 0.421875 0.226619 0.027961 0.061151
0 0.420230 0.877698 0.027961 0.046763
0 0.335526 0.330935 0.047697 0.143885
0 0.347451 0.937050 0.030428 0.061151
0 0.630345 0.609712 0.027138 0.053957
0 0.127467 0.934353 0.037829 0.077338
0 0.619243 0.376799 0.027960 0.055755
0 0.878701 0.200540 0.025493 0.066547
0 0.171464 0.965827 0.028783 0.061151
0 0.632401 0.791367 0.031250 0.068345
0 0.189556 0.763489 0.073191 0.102518
0 0.345395 0.805755 0.031250 0.046763
0 0.152138 0.160072 0.024671 0.050360
0 0.523849 0.187050 0.027960 0.053957
0 0.635691 0.314748 0.032895 0.082734
0 0.737664 0.641187 0.042763 0.077338
0 0.136924 0.022482 0.028783 0.044964
0 0.660362 0.688849 0.047697 0.086331
0 0.888980 0.566547 0.026316 0.053957
0 0.684211 0.614209 0.034540 0.062950
0 0.796053 0.208633 0.039474 0.075540
0 0.770559 0.878597 0.057566 0.088130
0 0.663651 0.378597 0.031250 0.055755
0 0.440378 0.525180 0.038651 0.079137
0 0.763980 0.519784 0.046053 0.071942
0 0.447368 0.231115 0.026316 0.059353
0 0.619243 0.222122 0.060855 0.113309
0 0.108141 0.643885 0.037007 0.071942
0 0.496711 0.644784 0.026316 0.055755
0 0.328125 0.192446 0.026316 0.053957
0 0.388569 0.892986 0.028783 0.084532
0 0.283717 0.356115 0.047697 0.111511
0 0.867599 0.354317 0.032895 0.089928
0 0.620477 0.338129 0.005757 0.014389
0 0.670641 0.808453 0.004112 0.008993
0 0.581414 0.600719 0.003289 0.010791
0 0.629934 0.134892 0.003289 0.010791
0 0.511513 0.724820 0.003289 0.010791
0 0.662829 0.572842 0.003289 0.012590
0 0.881990 0.909173 0.004112 0.008993
0 0.740132 0.143885 0.004934 0.010791
0 0.217105 0.045863 0.003289 0.008993
0 0.205592 0.668165 0.003289 0.012590
0 0.692434 0.411871 0.004934 0.010791
0 0.722039 0.780576 0.003289 0.010791
0 0.631579 0.047662 0.004934 0.008993
0 0.395559 0.750000 0.003289 0.010791
0 0.651727 0.615108 0.004112 0.007194
0 0.671464 0.084532 0.004112 0.010791
0 0.660362 0.896583 0.004934 0.012590
0 0.168586 0.505396 0.014803 0.021583
0 0.591283 0.904676 0.004934 0.007194
0 0.627878 0.459532 0.004112 0.012590
0 0.552220 0.946942 0.004112 0.008993
0 0.604030 0.345324 0.004112 0.010791
0 0.727796 0.312050 0.004934 0.008993
0 0.725329 0.142086 0.004934 0.010791
0 0.685033 0.848921 0.003289 0.010791
0 0.860609 0.491007 0.004112 0.014388
0 0.540707 0.526978 0.004112 0.010791
0 0.659951 0.446043 0.004112 0.010791
0 0.623355 0.134892 0.004934 0.010791
0 0.348684 0.639389 0.008224 0.012590
0 0.435444 0.099820 0.004112 0.008993
0 0.598684 0.910971 0.003289 0.008993
0 0.678454 0.305755 0.006579 0.014389
0 0.659539 0.491007 0.004934 0.014388
0 0.399260 0.317446 0.004112 0.008993
0 0.756168 0.476619 0.005757 0.017986
0 0.753701 0.017086 0.005757 0.016187
0 0.467516 0.106115 0.004112 0.010791
0 0.665707 0.906475 0.004112 0.010791
0 0.574424 0.527878 0.005757 0.012590
0 0.245066 0.406475 0.004934 0.010791
0 0.572368 0.294065 0.004934 0.008993
0 0.150082 0.780576 0.009046 0.017986
0 0.584293 0.266187 0.004112 0.010791
0 0.428865 0.616906 0.004112 0.010791
0 0.671053 0.162770 0.006579 0.012590
0 0.755757 0.452338 0.004934 0.012590
0 0.578947 0.567446 0.004934 0.012590
0 0.637336 0.983813 0.036184 0.032374
0 0.651727 0.157374 0.004112 0.012590
0 0.278372 0.661870 0.004112 0.010791
0 0.620477 0.935252 0.005757 0.014388
0 0.618421 0.886691 0.006579 0.017986
0 0.909951 0.866007 0.004112 0.008993
0 0.470395 0.171763 0.003289 0.012590
0 0.430510 0.468525 0.004112 0.012590
0 0.860197 0.451439 0.004934 0.010791
0 0.608553 0.674460 0.004934 0.010791
0 0.608141 0.849820 0.005757 0.008993
0 0.631990 0.922662 0.007401 0.014388
0 0.553043 0.626799 0.004112 0.016187
0 0.461760 0.712230 0.004112 0.010791
0 0.607730 0.125899 0.008224 0.010791
0 0.581003 0.006295 0.013980 0.012590
0 0.247533 0.556655 0.004934 0.012590
0 0.341694 0.264389 0.007401 0.017986
0 0.367188 0.470324 0.007401 0.012590
0 0.459704 0.005396 0.016447 0.010791
0 0.696546 0.012590 0.006579 0.014389
0 0.722862 0.412770 0.004934 0.012590
0 0.675987 0.971223 0.006579 0.014388
0 0.386924 0.169065 0.005757 0.017986
0 0.335938 0.624101 0.005757 0.017986
0 0.192845 0.572842 0.007401 0.012590
0 0.662829 0.232014 0.006579 0.014388
0 0.596628 0.838130 0.005757 0.014388
