0 0.587582 0.549460 0.007401 0.023381
0 0.732319 0.458633 0.009046 0.017986
0 0.598273 0.535971 0.009046 0.017986
0 0.509868 0.923561 0.008224 0.019784
0 0.308388 0.008094 0.041118 0.016187
0 0.773849 0.937950 0.008224 0.023381
0 0.498355 0.933453 0.011513 0.017986
0 0.617188 0.595324 0.012335 0.025180
0 0.781661 0.669065 0.009046 0.021583
0 0.703536 0.413669 0.013980 0.028777
0 0.686266 0.244604 0.010691 0.017986
0 0.599095 0.238309 0.012335 0.026978
0 0.538651 0.774281 0.013158 0.026978
0 0.692845 0.885791 0.010691 0.023381
0 0.533306 0.564748 0.012335 0.021583
0 0.611431 0.560252 0.010691 0.030575
0 0.533306 0.456835 0.020559 0.032374
0 0.759046 0.979317 0.034540 0.037770
0 0.594984 0.021583 0.030428 0.043165
0 0.361020 0.984712 0.026316 0.026978
0 0.412829 0.018885 0.049342 0.037770
0 0.585526 0.283273 0.026316 0.055755
0 0.746299 0.941547 0.025493 0.041367
0 0.438734 0.473921 0.027138 0.059353
0 0.392681 0.979317 0.032072 0.037770
0 0.141859 0.894784 0.027138 0.062950
0 0.708470 0.447842 0.030428 0.050360
0 0.636102 0.581835 0.028783 0.080935
0 0.719161 0.940647 0.058388 0.118705
0 0.569901 0.090827 0.018092 0.037770
0 0.608964 0.042266 0.033717 0.048561
0 0.873355 0.030575 0.041118 0.061151
0 0.511924 0.074640 0.023849 0.062950
0 0.658717 0.782374 0.026316 0.053957
0 0.669819 0.173561 0.017270 0.052158
0 0.652961 0.023381 0.021382 0.046763
0 0.530839 0.800360 0.028783 0.057554
0 0.805921 0.026079 0.042763 0.052158
0 0.834293 0.337230 0.022204 0.066547
0 0.893503 0.326439 0.028783 0.059352
0 0.442845 0.050360 0.048520 0.064748
0 0.807977 0.196043 0.025493 0.043165
0 0.482319 0.210432 0.022204 0.061151
0 0.370477 0.788669 0.025493 0.059353
0 0.696135 0.278777 0.038651 0.061151
0 0.193257 0.739209 0.024671 0.061151
0 0.471217 0.535072 0.018092 0.044964
0 0.382401 0.231115 0.019737 0.048561
0 0.290707 0.138489 0.027138 0.039568
0 0.293997 0.716727 0.033717 0.048561
0 0.571957 0.937950 0.058388 0.059353
0 0.250411 0.026978 0.028783 0.046763
0 0.530428 0.975719 0.027960 0.044964
0 0.449836 0.806655 0.031250 0.055755
0 0.572368 0.598921 0.021382 0.057554
0 0.909539 0.478417 0.037829 0.071942
0 0.604030 0.637590 0.040296 0.073741
0 0.798109 0.713130 0.030428 0.059353
0 0.616776 0.882194 0.029605 0.059353
0 0.099095 0.842626 0.069901 0.134892
0 0.305510 0.582734 0.050165 0.107914
0 0.703947 0.216727 0.027960 0.052158
0 0.402961 0.148381 0.024671 0.062950
0 0.632401 0.285072 0.027960 0.073741
0 0.345806 0.230216 0.037007 0.100719
0 0.328536 0.099820 0.048520 0.084532
0 0.557155 0.848921 0.018915 0.046763
0 0.662418 0.840827 0.033717 0.070144
0 0.733141 0.611511 0.045230 0.071942
0 0.738898 0.425360 0.022204 0.041367
0 0.634457 0.684353 0.033717 0.066547
0 0.226562 0.238309 0.033717 0.070144
0 0.627056 0.350719 0.032072 0.079137
0 0.186266 0.137590 0.043585 0.120504
0 0.436678 0.109712 0.029605 0.071942
0 0.254523 0.200540 0.030428 0.077338
0 0.637336 0.134892 0.029605 0.079137
0 0.259457 0.825540 0.004112 0.007194
0 0.530016 0.916367 0.002467 0.012590
0 0.235609 0.317446 0.004112 0.012590
0 0.761102 0.555755 0.004112 0.010791
0 0.263158 0.716727 0.003289 0.008993
0 0.138980 0.773381 0.003289 0.010791
0 0.231086 0.615108 0.003289 0.010791
0 0.479441 0.129496 0.003289 0.010791
0 0.306332 0.909173 0.004112 0.008993
0 0.245888 0.134892 0.004934 0.010791
0 0.587993 0.149281 0.003289 0.010791
0 0.183388 0.818345 0.003289 0.010791
0 0.844984 0.675360 0.005757 0.012590
0 0.242188 0.354317 0.004112 0.010791
0 0.719984 0.376799 0.004112 0.008993
0 0.481497 0.144784 0.004112 0.008993
0 0.785362 0.492806 0.004934 0.010791
0 0.586760 0.542266 0.005757 0.016187
0 0.557566 0.812050 0.004934 0.016187
0 0.416118 0.970324 0.003289 0.008993
0 0.551809 0.632194 0.003289 0.012590
0 0.647615 0.901978 0.004112 0.008993
0 0.444079 0.697842 0.004934 0.010791
0 0.168997 0.883094 0.004112 0.010791
0 0.249589 0.068345 0.004112 0.010791
0 0.588816 0.558453 0.004934 0.016187
0 0.315789 0.058453 0.004934 0.012590
0 0.833059 0.792266 0.004934 0.012590
0 0.730674 0.184353 0.005757 0.012590
0 0.610197 0.594424 0.006579 0.019784
0 0.117599 0.231115 0.004934 0.016187
0 0.643092 0.948741 0.006579 0.016187
0 0.727796 0.739209 0.006579 0.014388
0 0.613898 0.482914 0.007401 0.016187
0 0.886924 0.941547 0.005757 0.016187
