0 0.692845 0.992806 0.009046 0.014388
0 0.205592 0.398381 0.006579 0.016187
0 0.850329 0.972122 0.009868 0.016187
0 0.771382 0.815647 0.011513 0.026978
0 0.700247 0.964029 0.028783 0.043165
0 0.729441 0.223022 0.009868 0.025180
0 0.576480 0.944245 0.019737 0.025180
0 0.621711 0.255396 0.052632 0.176259
0 0.475740 0.884892 0.022204 0.050360
0 0.509868 0.504496 0.024671 0.066547
0 0.870477 0.377698 0.017270 0.035971
0 0.824424 0.969424 0.035362 0.053957
0 0.074424 0.671763 0.022204 0.052158
0 0.846217 0.857914 0.013158 0.039568
0 0.465049 0.163669 0.022204 0.032374
0 0.532072 0.507194 0.026316 0.064748
0 0.242188 0.839029 0.023849 0.059353
0 0.226562 0.834532 0.018914 0.043166
0 0.274671 0.823741 0.029605 0.057554
0 0.717516 0.520683 0.020559 0.037770
0 0.487664 0.515288 0.023026 0.055755
0 0.650493 0.519784 0.021382 0.050360
0 0.777549 0.237410 0.022204 0.053957
0 0.642270 0.748201 0.023026 0.046763
0 0.789474 0.932554 0.021382 0.037770
0 0.235609 0.388489 0.050164 0.075540
0 0.255757 0.585432 0.027960 0.059353
0 0.360197 0.017986 0.027961 0.035971
0 0.848273 0.612410 0.032072 0.059353
0 0.114309 0.256295 0.021382 0.052158
0 0.739720 0.290468 0.037007 0.059352
0 0.658306 0.232014 0.038651 0.061151
0 0.790296 0.511691 0.026316 0.041367
0 0.682155 0.662770 0.023849 0.052158
0 0.523849 0.340827 0.029605 0.059352
0 0.805510 0.256295 0.030428 0.059353
0 0.389391 0.697842 0.027138 0.086331
0 0.284951 0.022482 0.045230 0.044964
0 0.159951 0.152878 0.058388 0.082734
0 0.782484 0.084532 0.025493 0.053957
0 0.620888 0.662770 0.031250 0.059353
0 0.662007 0.321942 0.034540 0.061151
0 0.145559 0.254496 0.041118 0.059353
0 0.412007 0.255396 0.044408 0.075540
0 0.691201 0.279676 0.046875 0.116906
0 0.332648 0.044964 0.030428 0.068345
0 0.789474 0.870504 0.031250 0.068345
0 0.215872 0.044964 0.025493 0.053957
0 0.563322 0.875000 0.041118 0.084532
0 0.763980 0.165468 0.031250 0.061151
0 0.745888 0.118705 0.026316 0.053957
0 0.931743 0.365108 0.032895 0.061151
0 0.489309 0.237410 0.026316 0.050360
0 0.208882 0.147482 0.042763 0.082734
0 0.285362 0.638489 0.049342 0.075540
0 0.534128 0.044964 0.023849 0.046763
0 0.228207 0.192446 0.032072 0.064748
0 0.532072 0.098921 0.027960 0.075540
0 0.122122 0.339029 0.037007 0.070144
0 0.828947 0.671763 0.029605 0.077338
0 0.331826 0.845324 0.027138 0.082734
0 0.267681 0.141187 0.022204 0.070144
0 0.257401 0.961331 0.032895 0.073741
0 0.756168 0.863309 0.037007 0.064748
0 0.507401 0.577338 0.034540 0.086331
0 0.692845 0.479317 0.038651 0.077338
0 0.818668 0.397482 0.040296 0.079137
0 0.449424 0.919065 0.033717 0.089928
0 0.638569 0.700540 0.030428 0.048561
0 0.384868 0.512590 0.055921 0.133094
0 0.585526 0.519784 0.003289 0.010791
0 0.185033 0.243705 0.003289 0.012590
0 0.324836 0.154676 0.004934 0.010791
0 0.182977 0.080935 0.004112 0.010791
0 0.549342 0.669065 0.004934 0.014388
0 0.492188 0.910072 0.004112 0.010791
0 0.535362 0.553058 0.003289 0.012590
0 0.121711 0.809353 0.003289 0.010791
0 0.606908 0.837230 0.004934 0.008993
0 0.570312 0.313849 0.004112 0.008993
0 0.297286 0.404676 0.004112 0.010791
0 0.636924 0.455935 0.005757 0.008993
0 0.630757 0.139388 0.003289 0.012590
0 0.363076 0.217626 0.004112 0.007194
0 0.543997 0.761691 0.004112 0.008993
0 0.233964 0.226619 0.005757 0.010791
0 0.679688 0.794065 0.004112 0.008993
0 0.650905 0.477518 0.004112 0.008993
0 0.708059 0.696942 0.004934 0.008993
0 0.361431 0.166367 0.004112 0.008993
0 0.709704 0.985611 0.008224 0.017986
0 0.732319 0.442446 0.007401 0.010791
0 0.642270 0.178957 0.003289 0.012590
0 0.645148 0.899281 0.007401 0.032374
0 0.666941 0.980216 0.004934 0.010791
0 0.765214 0.247302 0.005757 0.019784
0 0.391859 0.812050 0.007401 0.012590
0 0.402138 0.466727 0.021382 0.037770
0 0.608964 0.136691 0.007401 0.014388
0 0.818257 0.589928 0.006579 0.010791
