0 0.694490 0.991007 0.012335 0.017986
0 0.642681 0.745504 0.010691 0.019784
0 0.659128 0.286871 0.007401 0.016187
0 0.593339 0.988309 0.032072 0.023381
0 0.634046 0.126799 0.008224 0.019784
0 0.220806 0.424460 0.013980 0.021583
0 0.585115 0.525180 0.013980 0.028777
0 0.761513 0.211331 0.018092 0.030575
0 0.667763 0.123201 0.021382 0.030575
0 0.224507 0.968525 0.027960 0.052158
0 0.905016 0.047662 0.027138 0.041367
0 0.537007 0.364209 0.027960 0.066547
0 0.724095 0.422662 0.017270 0.053957
0 0.684211 0.267986 0.019737 0.032374
0 0.740543 0.965827 0.032072 0.043165
0 0.522204 0.908273 0.026316 0.050360
0 0.151727 0.392986 0.032072 0.095324
0 0.788240 0.940647 0.028783 0.057554
0 0.837993 0.840827 0.023026 0.062950
0 0.263980 0.830036 0.029605 0.059353
0 0.267270 0.781475 0.032895 0.048561
0 0.678043 0.226619 0.032072 0.064748
0 0.235609 0.517986 0.020559 0.035971
0 0.522615 0.803058 0.032072 0.073741
0 0.356086 0.570144 0.026316 0.050360
0 0.681743 0.071942 0.023026 0.043166
0 0.303865 0.352518 0.035362 0.061151
0 0.576069 0.735611 0.022204 0.050360
0 0.109375 0.573741 0.031250 0.043166
0 0.503701 0.185252 0.027138 0.050360
0 0.514391 0.470324 0.030428 0.052158
0 0.622944 0.955036 0.023849 0.043165
0 0.543997 0.739209 0.025493 0.046763
0 0.381990 0.941547 0.035362 0.066547
0 0.722451 0.104317 0.035362 0.050360
0 0.479852 0.586331 0.051809 0.133094
0 0.627878 0.396583 0.038651 0.102518
0 0.339638 0.319245 0.036184 0.059352
0 0.244655 0.178957 0.028783 0.048561
0 0.763569 0.153777 0.022204 0.044964
0 0.864720 0.679856 0.040296 0.053957
0 0.581003 0.126799 0.025493 0.070144
0 0.388980 0.537770 0.029605 0.050360
0 0.677632 0.411871 0.031250 0.068345
0 0.367188 0.969424 0.022204 0.053957
0 0.619243 0.624101 0.039474 0.068345
0 0.489720 0.972122 0.038651 0.055755
0 0.274671 0.272482 0.049342 0.084532
0 0.231908 0.321043 0.039474 0.073741
0 0.227461 0.815408 0.027960 0.050360
0 0.200658 0.947842 0.032895 0.050360
0 0.399260 0.057554 0.051809 0.115108
0 0.468339 0.829137 0.027138 0.050360
0 0.358964 0.035971 0.035362 0.071942
0 0.234375 0.467626 0.026316 0.053957
0 0.367188 0.250899 0.028783 0.077338
0 0.740543 0.587230 0.043585 0.080935
0 0.671875 0.328237 0.003289 0.008993
0 0.443257 0.598921 0.003289 0.017986
0 0.518092 0.056655 0.003289 0.008993
0 0.775905 0.751799 0.004112 0.007194
0 0.616776 0.271583 0.003289 0.010791
0 0.427220 0.196043 0.004112 0.010791
0 0.304688 0.931655 0.004112 0.014388
0 0.661184 0.800360 0.003289 0.010791
0 0.261924 0.398381 0.004112 0.008993
0 0.627467 0.721223 0.003289 0.010791
0 0.359786 0.907374 0.004112 0.012590
0 0.504523 0.677158 0.004112 0.008993
0 0.603207 0.317446 0.004112 0.008993
0 0.491365 0.841727 0.004112 0.010791
0 0.721628 0.963130 0.004112 0.012590
0 0.397204 0.503597 0.003289 0.010791
0 0.420641 0.122302 0.004112 0.010791
0 0.654194 0.346223 0.004112 0.008993
0 0.687089 0.026978 0.004112 0.010791
0 0.793997 0.108813 0.004112 0.012590
0 0.174753 0.495504 0.004112 0.008993
0 0.252056 0.469424 0.005757 0.010791
0 0.486842 0.765288 0.003289 0.012590
0 0.848684 0.029676 0.003289 0.008993
0 0.546464 0.265288 0.004112 0.008993
0 0.664885 0.705036 0.004112 0.010791
0 0.650082 0.167266 0.004112 0.010791
0 0.594161 0.710432 0.004112 0.010791
0 0.185033 0.625899 0.003289 0.010791
0 0.268503 0.517986 0.004112 0.010791
0 0.766447 0.710432 0.004934 0.010791
0 0.282484 0.068345 0.005757 0.010791
0 0.237253 0.630396 0.004112 0.012590
0 0.575247 0.383993 0.004112 0.012590
0 0.330181 0.412770 0.004112 0.012590
0 0.543997 0.984712 0.004112 0.012590
0 0.380757 0.129496 0.004934 0.010791
0 0.675987 0.357014 0.004934 0.008993
0 0.358964 0.332734 0.007401 0.025180
0 0.293174 0.992806 0.012336 0.010791
0 0.601562 0.734712 0.004112 0.012590
0 0.851974 0.881295 0.004934 0.010791
0 0.474507 0.403777 0.004934 0.016187
0 0.560855 0.542266 0.006579 0.012590
0 0.455181 0.797662 0.005757 0.012590
0 0.334293 0.428957 0.005757 0.012590
0 0.840049 0.071043 0.007401 0.012590
0 0.465049 0.992806 0.020559 0.014388
0 0.821957 0.004496 0.017270 0.008993
0 0.585115 0.856115 0.007401 0.014388
