0 0.440789 0.223022 0.008224 0.017986
0 0.207648 0.877698 0.007401 0.021583
0 0.638980 0.317446 0.009868 0.019784
0 0.862664 0.434353 0.008224 0.023381
0 0.176809 0.007194 0.016447 0.014389
0 0.665707 0.261691 0.010691 0.026978
0 0.581826 0.497302 0.010691 0.026978
0 0.629523 0.638489 0.010691 0.028777
0 0.546875 0.226619 0.009868 0.028777
0 0.429688 0.011691 0.023849 0.023381
0 0.076480 0.144784 0.029605 0.055755
0 0.652961 0.817446 0.027960 0.048561
0 0.416530 0.081835 0.035362 0.041367
0 0.588405 0.237410 0.020559 0.064748
0 0.151316 0.750899 0.060855 0.066547
0 0.127056 0.801259 0.032072 0.052158
0 0.232730 0.982914 0.032895 0.034173
0 0.317434 0.019784 0.024671 0.039568
0 0.856497 0.019784 0.038651 0.039568
0 0.831414 0.392986 0.018092 0.034173
0 0.686266 0.553957 0.040296 0.068345
0 0.724095 0.423561 0.030428 0.055755
0 0.359786 0.608813 0.032072 0.059353
0 0.893914 0.037770 0.019737 0.043166
0 0.601151 0.611511 0.031250 0.064748
0 0.539885 0.911870 0.023849 0.068345
0 0.569901 0.253597 0.027960 0.053957
0 0.799753 0.596223 0.027138 0.062950
0 0.579359 0.560252 0.028783 0.052158
0 0.609786 0.294964 0.030428 0.053957
0 0.845806 0.598022 0.025493 0.055755
0 0.707237 0.221223 0.027960 0.043166
0 0.626645 0.810252 0.019737 0.044964
0 0.236431 0.428058 0.032072 0.068345
0 0.841694 0.336331 0.027138 0.053957
0 0.254934 0.028777 0.026316 0.050360
0 0.254523 0.298561 0.030428 0.057554
0 0.718339 0.024281 0.030428 0.048561
0 0.842105 0.497302 0.027960 0.062950
0 0.391036 0.030575 0.028783 0.057554
0 0.746299 0.824640 0.022204 0.041367
0 0.805099 0.193345 0.037829 0.073741
0 0.075658 0.780576 0.031250 0.061151
0 0.090049 0.441547 0.035362 0.055755
0 0.717516 0.328237 0.022204 0.062950
0 0.489309 0.351619 0.031250 0.059352
0 0.492188 0.865108 0.023849 0.053957
0 0.422697 0.760791 0.026316 0.068345
0 0.558388 0.604317 0.036184 0.068345
0 0.298931 0.424460 0.035362 0.050360
0 0.649671 0.021583 0.041118 0.043165
0 0.776316 0.734712 0.027960 0.059353
0 0.530016 0.339029 0.025493 0.048561
0 0.284951 0.143885 0.035362 0.086331
0 0.831826 0.174460 0.038651 0.075540
0 0.233141 0.588130 0.033717 0.075540
0 0.610197 0.856115 0.039474 0.100719
0 0.733964 0.509892 0.028783 0.062950
0 0.641447 0.071043 0.026316 0.048561
0 0.383635 0.262590 0.030428 0.068345
0 0.562500 0.187050 0.027960 0.046763
0 0.318257 0.229317 0.026316 0.059353
0 0.549753 0.735611 0.037007 0.068345
0 0.342105 0.223921 0.032895 0.080935
0 0.507812 0.261691 0.037007 0.077338
0 0.233553 0.153777 0.044408 0.080935
0 0.470395 0.289568 0.034540 0.079137
0 0.557155 0.680755 0.046875 0.095324
0 0.080592 0.949640 0.039474 0.093525
0 0.535362 0.404676 0.029605 0.075540
0 0.614720 0.246403 0.030428 0.057554
0 0.126645 0.178058 0.055921 0.079137
0 0.893503 0.525180 0.043586 0.097122
0 0.256579 0.762590 0.067434 0.143885
0 0.650493 0.619604 0.004934 0.008993
0 0.518503 0.724820 0.004112 0.010791
0 0.680099 0.121403 0.003289 0.008993
0 0.539474 0.173561 0.003289 0.012590
0 0.169819 0.596223 0.004112 0.012590
0 0.199013 0.176259 0.004934 0.010791
0 0.423109 0.847122 0.004112 0.010791
0 0.884457 0.392986 0.004112 0.008993
0 0.315378 0.091727 0.004112 0.010791
0 0.601562 0.483813 0.004112 0.010791
0 0.678865 0.804856 0.004112 0.012590
0 0.791941 0.031475 0.004934 0.016187
0 0.206414 0.781475 0.004934 0.019784
0 0.558799 0.478417 0.005757 0.010791
0 0.680921 0.902878 0.004934 0.010791
0 0.637336 0.491906 0.004934 0.008993
0 0.469572 0.659173 0.004934 0.012590
0 0.292352 0.013489 0.004112 0.012590
0 0.189967 0.822842 0.004934 0.016187
0 0.190789 0.848921 0.004934 0.010791
0 0.334293 0.517086 0.005757 0.012590
0 0.195724 0.338129 0.004934 0.010791
0 0.764803 0.405576 0.008224 0.016187
0 0.870477 0.896583 0.004112 0.012590
0 0.382812 0.812050 0.012336 0.048561
0 0.188322 0.631295 0.004934 0.017986
0 0.664062 0.116906 0.004112 0.017986
0 0.678454 0.309353 0.009868 0.025180
0 0.853618 0.671763 0.004934 0.012590
0 0.539062 0.991906 0.022204 0.012590
0 0.836760 0.550360 0.005757 0.010791
0 0.689967 0.003597 0.016447 0.007194
0 0.771382 0.238309 0.006579 0.012590
0 0.694490 0.093525 0.009046 0.010791
0 0.665296 0.749101 0.008224 0.016187
