0 0.320724 0.369604 0.006579 0.016187
0 0.507401 0.581835 0.011513 0.023381
0 0.322780 0.134892 0.012336 0.025180
0 0.425987 0.151978 0.014803 0.023381
0 0.266036 0.360611 0.012336 0.023381
0 0.242188 0.875000 0.023849 0.052158
0 0.550576 0.688849 0.032072 0.064748
0 0.601562 0.746403 0.033717 0.071942
0 0.486842 0.204137 0.031250 0.059352
0 0.462171 0.257194 0.029605 0.064748
0 0.925164 0.553957 0.029605 0.064748
0 0.363898 0.882194 0.032072 0.055755
0 0.145559 0.943345 0.018092 0.037770
0 0.768914 0.575540 0.016447 0.053957
0 0.222451 0.865108 0.025493 0.068345
0 0.561266 0.413669 0.018915 0.061151
0 0.706003 0.703237 0.027138 0.061151
0 0.409539 0.503597 0.036184 0.068345
0 0.329770 0.651978 0.027961 0.055755
0 0.643503 0.709532 0.033717 0.052158
0 0.780428 0.327338 0.027960 0.043166
0 0.352385 0.749101 0.027138 0.048561
0 0.208882 0.164568 0.041118 0.066547
0 0.359375 0.054856 0.041118 0.066547
0 0.679276 0.241007 0.023026 0.053957
0 0.335938 0.967626 0.032072 0.064748
0 0.679276 0.660971 0.026316 0.048561
0 0.455592 0.526978 0.031250 0.057554
0 0.714638 0.649281 0.034540 0.064748
0 0.045641 0.104317 0.037007 0.100719
0 0.111431 0.047662 0.046875 0.070144
0 0.680510 0.072842 0.045230 0.062950
0 0.428043 0.276978 0.035362 0.061151
0 0.306743 0.441547 0.027960 0.055755
0 0.284128 0.201439 0.020559 0.046763
0 0.089227 0.655576 0.037007 0.066547
0 0.282484 0.304856 0.027138 0.044964
0 0.586760 0.259892 0.045230 0.095324
0 0.553043 0.974820 0.028783 0.050360
0 0.527549 0.181655 0.035362 0.057554
0 0.667352 0.869604 0.038651 0.062950
0 0.359786 0.578237 0.030428 0.084532
0 0.293174 0.745504 0.027138 0.062950
0 0.465461 0.605216 0.027960 0.055755
0 0.183799 0.589928 0.033717 0.068345
0 0.604441 0.800360 0.026316 0.050360
0 0.729030 0.276978 0.032072 0.071942
0 0.568257 0.605216 0.032895 0.070144
0 0.401727 0.916367 0.033717 0.080935
0 0.082648 0.106115 0.038651 0.111511
0 0.927632 0.380396 0.057566 0.116906
0 0.118832 0.253597 0.055099 0.089928
0 0.238487 0.974820 0.027960 0.046763
0 0.771793 0.832734 0.068257 0.125899
0 0.465461 0.670863 0.034540 0.068345
0 0.233141 0.219424 0.027138 0.064748
0 0.697780 0.480216 0.035362 0.079137
0 0.217516 0.792266 0.035362 0.073741
0 0.513158 0.629496 0.047697 0.097122
0 0.870888 0.736511 0.047697 0.095324
0 0.768503 0.730216 0.063322 0.093525
0 0.734786 0.468525 0.041941 0.095324
0 0.572368 0.726619 0.024671 0.061151
0 0.706414 0.319245 0.004934 0.008993
0 0.489720 0.749101 0.004112 0.008993
0 0.299342 0.981115 0.003289 0.012590
0 0.442434 0.068345 0.003289 0.010791
0 0.515214 0.012590 0.004112 0.010791
0 0.651316 0.053957 0.004934 0.010791
0 0.855263 0.847122 0.003289 0.010791
0 0.672697 0.484712 0.003289 0.012590
0 0.622944 0.616007 0.004112 0.012590
0 0.701480 0.910072 0.003289 0.010791
0 0.695312 0.827338 0.005757 0.010791
0 0.690378 0.369604 0.004112 0.008993
0 0.469984 0.157374 0.004112 0.008993
0 0.634457 0.804856 0.004112 0.008993
0 0.739309 0.381295 0.004934 0.010791
0 0.537829 0.412770 0.004934 0.012590
0 0.349095 0.098921 0.004112 0.014388
0 0.707648 0.277878 0.004112 0.012590
0 0.672697 0.533273 0.003289 0.012590
0 0.429276 0.960432 0.003289 0.010791
0 0.368010 0.317446 0.004112 0.012590
0 0.821546 0.765288 0.004934 0.008993
0 0.525082 0.993705 0.005757 0.008993
0 0.630757 0.375899 0.004934 0.017986
0 0.647615 0.607914 0.004112 0.010791
0 0.485609 0.485611 0.004112 0.010791
0 0.616365 0.893885 0.005757 0.007194
0 0.469984 0.206835 0.005757 0.014388
0 0.428865 0.806655 0.004112 0.008993
0 0.806743 0.306655 0.004934 0.012590
0 0.746299 0.912770 0.004112 0.008993
0 0.362664 0.668165 0.004934 0.008993
0 0.246299 0.357914 0.005757 0.010791
0 0.693257 0.411871 0.004934 0.010791
0 0.634868 0.539568 0.004934 0.014388
0 0.584293 0.437050 0.005757 0.010791
0 0.296875 0.071942 0.004934 0.010791
0 0.668174 0.219424 0.005757 0.014388
0 0.851974 0.650180 0.004934 0.012590
0 0.245066 0.169964 0.004934 0.012590
0 0.662007 0.038669 0.008224 0.016187
0 0.548109 0.069245 0.004112 0.012590
0 0.104852 0.266187 0.023849 0.053957
0 0.412829 0.003597 0.014803 0.007194
0 0.392270 0.360611 0.006579 0.012590
0 0.611431 0.500000 0.007401 0.014388
0 0.661184 0.185252 0.004934 0.014388
0 0.537418 0.018885 0.005757 0.016187
0 0.412829 0.819245 0.004934 0.012590
0 0.735197 0.072842 0.004934 0.012590
0 0.356497 0.332734 0.007401 0.028777
0 0.480674 0.304856 0.007401 0.016187
0 0.327714 0.592626 0.007401 0.012590
0 0.448191 0.610611 0.006579 0.023381
