0 0.391859 0.140288 0.007401 0.017986
0 0.316612 0.990108 0.026316 0.016187
0 0.299342 0.218525 0.008224 0.016187
0 0.217105 0.075540 0.014803 0.032374
0 0.699836 0.520683 0.009868 0.016187
0 0.540707 0.455935 0.013980 0.019784
0 0.386102 0.095324 0.013980 0.021583
0 0.775082 0.982014 0.043585 0.035971
0 0.340049 0.714928 0.017270 0.034173
0 0.527961 0.945144 0.018092 0.030576
0 0.635691 0.936151 0.023026 0.055755
0 0.375000 0.435252 0.050987 0.050360
0 0.386924 0.704137 0.020559 0.044964
0 0.574013 0.157374 0.019737 0.037770
0 0.075658 0.977518 0.026316 0.041367
0 0.780428 0.044065 0.023026 0.048561
0 0.427632 0.655576 0.041118 0.091727
0 0.733141 0.978417 0.027138 0.043165
0 0.731908 0.401978 0.019737 0.041367
0 0.287007 0.388489 0.037829 0.057554
0 0.500822 0.187050 0.021382 0.057554
0 0.827714 0.384892 0.037007 0.046763
0 0.737664 0.576439 0.032895 0.059353
0 0.327303 0.442446 0.029605 0.043165
0 0.377878 0.497302 0.027138 0.055755
0 0.371299 0.321043 0.032072 0.044964
0 0.399260 0.645683 0.025493 0.093525
0 0.629934 0.488309 0.027960 0.062950
0 0.363487 0.704137 0.027960 0.052158
0 0.878289 0.651079 0.036184 0.057554
0 0.238076 0.287770 0.048520 0.154676
0 0.383224 0.381295 0.031250 0.064748
0 0.820312 0.302158 0.040296 0.064748
0 0.123355 0.179856 0.036184 0.057554
0 0.849918 0.616007 0.040296 0.070144
0 0.490132 0.036870 0.034540 0.066547
0 0.153372 0.317446 0.040296 0.091727
0 0.758224 0.878597 0.057566 0.102518
0 0.175987 0.569245 0.034540 0.070144
0 0.703536 0.766187 0.027138 0.050360
0 0.239309 0.758094 0.041118 0.066547
0 0.132812 0.405576 0.030428 0.059352
0 0.434211 0.366007 0.034539 0.070144
0 0.381168 0.963130 0.043585 0.073741
0 0.910362 0.751799 0.049342 0.089928
0 0.520148 0.255396 0.023849 0.057554
0 0.515625 0.125899 0.042763 0.064748
0 0.676809 0.288669 0.047697 0.073741
0 0.295641 0.305755 0.043586 0.086331
0 0.868421 0.777878 0.036184 0.066547
0 0.165296 0.196043 0.042763 0.064748
0 0.796875 0.811151 0.041118 0.107914
0 0.729441 0.651978 0.065790 0.134892
0 0.120477 0.537770 0.048520 0.100719
0 0.336349 0.849820 0.003289 0.012590
0 0.566612 0.736511 0.003289 0.008993
0 0.601974 0.284173 0.004934 0.014389
0 0.818668 0.340827 0.007401 0.012590
0 0.569490 0.919964 0.004112 0.008993
0 0.601974 0.747302 0.003289 0.008993
0 0.169819 0.416367 0.004112 0.019784
0 0.685444 0.235612 0.004112 0.010791
0 0.817845 0.660971 0.004112 0.008993
0 0.674342 0.994604 0.004934 0.007194
0 0.172697 0.878597 0.004934 0.008993
0 0.219984 0.098921 0.005757 0.014388
0 0.220395 0.727518 0.004934 0.012590
0 0.651727 0.123201 0.004112 0.008993
0 0.857730 0.258993 0.004934 0.010791
0 0.678043 0.070144 0.004112 0.010791
0 0.632401 0.875899 0.004934 0.010791
0 0.603618 0.324640 0.003289 0.012590
0 0.638980 0.748201 0.003289 0.010791
0 0.646793 0.635791 0.004112 0.016187
0 0.251645 0.094424 0.004934 0.016187
0 0.364720 0.003597 0.013980 0.007194
0 0.253289 0.204137 0.004934 0.012590
0 0.616776 0.900180 0.003289 0.012590
0 0.558799 0.264389 0.005757 0.010791
0 0.239720 0.505396 0.005757 0.010791
0 0.400905 0.088129 0.005757 0.010791
0 0.558799 0.104317 0.004112 0.014388
0 0.783717 0.472122 0.006579 0.016187
0 0.535362 0.762590 0.004934 0.014388
0 0.722451 0.042266 0.004112 0.012590
0 0.638158 0.220324 0.004934 0.016187
0 0.511513 0.582734 0.004934 0.021583
0 0.061266 0.976619 0.005757 0.021583
0 0.312089 0.679856 0.005757 0.017986
0 0.599918 0.004496 0.007401 0.008993
0 0.457648 0.745504 0.004112 0.016187
0 0.422697 0.737410 0.004934 0.010791
0 0.407484 0.300360 0.005757 0.014389
0 0.601562 0.571942 0.007401 0.014388
0 0.437089 0.850719 0.005757 0.017986
0 0.462582 0.419964 0.007401 0.016187
0 0.629934 0.633993 0.006579 0.019784
0 0.668586 0.474820 0.004934 0.017986
0 0.518914 0.791367 0.009868 0.014388
