0 0.560855 0.163669 0.008224 0.017986
0 0.733141 0.420863 0.010691 0.017986
0 0.651727 0.182554 0.012335 0.023381
0 0.616776 0.805755 0.013158 0.025180
0 0.650905 0.536870 0.017270 0.030575
0 0.622122 0.016187 0.032072 0.032374
0 0.476151 0.417266 0.029605 0.068345
0 0.751645 0.633993 0.041118 0.052158
0 0.781661 0.408273 0.025493 0.035971
0 0.803865 0.527878 0.022204 0.037770
0 0.077303 0.608813 0.031250 0.052158
0 0.546875 0.482914 0.039474 0.062950
0 0.431332 0.016187 0.023849 0.032374
0 0.713405 0.176259 0.028783 0.075540
0 0.268503 0.034173 0.017270 0.043165
0 0.686678 0.032374 0.032895 0.057554
0 0.504112 0.441547 0.042763 0.055755
0 0.553043 0.429856 0.048520 0.064748
0 0.493010 0.082734 0.023849 0.057554
0 0.750411 0.374101 0.020559 0.043166
0 0.506990 0.978417 0.022204 0.039568
0 0.334704 0.350719 0.026316 0.057554
0 0.576891 0.913669 0.030428 0.079137
0 0.685444 0.285971 0.032072 0.061151
0 0.838405 0.083633 0.022204 0.062950
0 0.547697 0.967626 0.021382 0.057554
0 0.114720 0.642986 0.064967 0.080935
0 0.080592 0.330935 0.034540 0.050360
0 0.821546 0.294065 0.029605 0.048561
0 0.431743 0.359712 0.024671 0.053957
0 0.913651 0.615108 0.023026 0.039568
0 0.251234 0.053957 0.023849 0.068345
0 0.504112 0.825540 0.029605 0.061151
0 0.250411 0.297662 0.025493 0.059352
0 0.532895 0.566547 0.052632 0.115108
0 0.773849 0.372302 0.026316 0.050360
0 0.250000 0.649281 0.026316 0.057554
0 0.774671 0.972122 0.034540 0.052158
0 0.813322 0.706835 0.024671 0.075540
0 0.459704 0.354317 0.024671 0.043166
0 0.425576 0.542266 0.053454 0.098921
0 0.767270 0.690647 0.050987 0.075540
0 0.608141 0.100719 0.023849 0.075540
0 0.709293 0.231115 0.025493 0.044964
0 0.263569 0.220324 0.033717 0.077338
0 0.320724 0.754496 0.026316 0.048561
0 0.252467 0.461331 0.055921 0.109712
0 0.918174 0.915468 0.033717 0.071942
0 0.368421 0.275180 0.037829 0.075540
0 0.754523 0.254496 0.035362 0.077338
0 0.368421 0.199640 0.036184 0.089928
0 0.311266 0.840827 0.032072 0.084532
0 0.446546 0.920863 0.004934 0.007194
0 0.061678 0.608813 0.004934 0.019784
0 0.454770 0.395683 0.004934 0.010791
0 0.226562 0.070144 0.004112 0.010791
0 0.300576 0.344424 0.004112 0.012590
0 0.581826 0.411871 0.004112 0.010791
0 0.227385 0.261691 0.004112 0.008993
0 0.398438 0.201439 0.004112 0.010791
0 0.618010 0.175360 0.004112 0.008993
0 0.384457 0.884892 0.004112 0.010791
0 0.721217 0.556655 0.004934 0.008993
0 0.958059 0.357914 0.006579 0.039568
0 0.478207 0.221223 0.004112 0.010791
0 0.564556 0.835432 0.004112 0.008993
0 0.090872 0.017086 0.004112 0.008993
0 0.527138 0.642086 0.004934 0.010791
0 0.347862 0.495504 0.004934 0.008993
0 0.506168 0.682554 0.004112 0.012590
0 0.159951 0.607914 0.004112 0.010791
0 0.743421 0.832734 0.006579 0.010791
0 0.872944 0.711331 0.004112 0.012590
0 0.812911 0.135791 0.004112 0.012590
0 0.636102 0.583633 0.004112 0.012590
0 0.369655 0.723022 0.004112 0.010791
0 0.069490 0.730216 0.004112 0.014388
0 0.601562 0.574640 0.004112 0.012590
0 0.439967 0.819245 0.004934 0.008993
0 0.793586 0.044964 0.004934 0.010791
0 0.581003 0.990108 0.005757 0.016187
0 0.354030 0.079137 0.004112 0.010791
0 0.653783 0.928058 0.004934 0.010791
0 0.085938 0.925360 0.005757 0.012590
0 0.387336 0.994604 0.008224 0.010791
0 0.100740 0.125000 0.005757 0.012590
0 0.070312 0.542266 0.005757 0.016187
0 0.369243 0.831835 0.004934 0.012590
0 0.723273 0.780576 0.007401 0.017986
0 0.286184 0.600719 0.004934 0.014388
0 0.829359 0.006295 0.023849 0.012590
0 0.158717 0.688849 0.008224 0.010791
0 0.796464 0.266187 0.007401 0.014389
0 0.710526 0.007194 0.008224 0.014389
