0 0.631990 0.470324 0.009046 0.026978
0 0.621711 0.559353 0.009868 0.021583
0 0.477385 0.991906 0.028783 0.016187
0 0.811266 0.267086 0.009046 0.019784
0 0.490132 0.574640 0.006579 0.019784
0 0.520148 0.007194 0.028783 0.014389
0 0.163240 0.744604 0.007401 0.025180
0 0.651727 0.471223 0.010691 0.017986
0 0.310855 0.219424 0.011513 0.017986
0 0.680921 0.631295 0.029605 0.057554
0 0.365543 0.793165 0.010691 0.028777
0 0.402549 0.568345 0.012336 0.025180
0 0.600329 0.010791 0.018092 0.021583
0 0.550987 0.320144 0.008224 0.025180
0 0.336349 0.010791 0.026316 0.021583
0 0.530839 0.957734 0.010691 0.023381
0 0.193257 0.054856 0.013158 0.023381
0 0.554276 0.077338 0.013158 0.021583
0 0.630345 0.844424 0.012335 0.026978
0 0.140214 0.015288 0.035362 0.030575
0 0.661184 0.084532 0.011513 0.032374
0 0.568257 0.017086 0.041118 0.034173
0 0.190378 0.871403 0.032072 0.048561
0 0.900905 0.015288 0.023849 0.030575
0 0.314145 0.666367 0.031250 0.052158
0 0.586760 0.981115 0.025493 0.030575
0 0.343750 0.374101 0.027961 0.046763
0 0.295230 0.578237 0.029605 0.044964
0 0.625000 0.914568 0.023026 0.044964
0 0.881168 0.074640 0.025493 0.059353
0 0.708470 0.312050 0.035362 0.055755
0 0.574836 0.405576 0.021382 0.062950
0 0.574836 0.836331 0.021382 0.050360
0 0.162007 0.204137 0.031250 0.048561
0 0.339227 0.893885 0.025493 0.064748
0 0.570724 0.886691 0.029605 0.061151
0 0.202303 0.312950 0.027961 0.046763
0 0.280016 0.399281 0.028783 0.053957
0 0.597451 0.229317 0.023849 0.041367
0 0.565378 0.630396 0.033717 0.048561
0 0.206826 0.833633 0.055099 0.080935
0 0.380757 0.854317 0.042763 0.053957
0 0.650082 0.877698 0.040296 0.082734
0 0.591694 0.801259 0.022204 0.041367
0 0.191201 0.621403 0.028783 0.052158
0 0.666941 0.608813 0.029605 0.059353
0 0.245888 0.126799 0.029605 0.070144
0 0.710526 0.373201 0.032895 0.059352
0 0.247533 0.412770 0.026316 0.048561
0 0.633635 0.774281 0.045230 0.102518
0 0.560855 0.450540 0.026316 0.052158
0 0.335115 0.781475 0.060033 0.088129
0 0.703125 0.249101 0.034540 0.066547
0 0.868832 0.496403 0.045230 0.064748
0 0.374178 0.229317 0.044408 0.073741
0 0.628701 0.118705 0.027138 0.050360
0 0.490132 0.142986 0.029605 0.073741
0 0.439556 0.972122 0.027138 0.041367
0 0.090460 0.541367 0.041118 0.068345
0 0.116776 0.835432 0.032895 0.062950
0 0.220395 0.910971 0.034539 0.066547
0 0.248355 0.221223 0.042763 0.064748
0 0.201480 0.492806 0.032895 0.068345
0 0.524260 0.214928 0.032072 0.059352
0 0.497122 0.250899 0.032072 0.077338
0 0.298931 0.890288 0.050164 0.100719
0 0.258635 0.961331 0.046875 0.073741
0 0.476562 0.915468 0.023849 0.053957
0 0.818257 0.744604 0.059211 0.097122
0 0.593339 0.052158 0.045230 0.089928
0 0.328947 0.516187 0.057566 0.104317
0 0.435033 0.696942 0.026316 0.059353
0 0.307566 0.396583 0.026316 0.048561
0 0.278783 0.282374 0.027961 0.071942
0 0.557977 0.566547 0.043585 0.082734
0 0.765625 0.421763 0.039474 0.073741
0 0.415707 0.804856 0.025493 0.059353
0 0.372533 0.314748 0.026316 0.057554
0 0.860609 0.258993 0.040296 0.079137
0 0.220395 0.761691 0.041118 0.088129
0 0.829770 0.197842 0.039474 0.086331
0 0.743421 0.320144 0.039474 0.093525
0 0.508635 0.489209 0.030428 0.093525
0 0.713405 0.464029 0.040296 0.089928
0 0.138158 0.281475 0.003289 0.008993
0 0.237664 0.621403 0.004934 0.008993
0 0.739309 0.910971 0.003289 0.008993
0 0.644737 0.012590 0.003289 0.010791
0 0.292352 0.080036 0.004112 0.008993
0 0.806332 0.304856 0.004112 0.008993
0 0.275493 0.910072 0.009868 0.032374
0 0.342516 0.556655 0.005757 0.016187
0 0.122944 0.187950 0.004112 0.012590
0 0.608141 0.887590 0.004112 0.008993
0 0.784539 0.072842 0.004934 0.012590
0 0.473684 0.812050 0.003289 0.008993
0 0.644737 0.467626 0.004934 0.025180
0 0.233964 0.838130 0.005757 0.014388
0 0.677220 0.723022 0.004112 0.010791
0 0.607730 0.850719 0.004934 0.010791
0 0.259457 0.067446 0.004112 0.008993
0 0.645559 0.717626 0.004934 0.010791
0 0.341283 0.350719 0.006579 0.014389
0 0.503701 0.064748 0.004112 0.010791
0 0.821957 0.809353 0.004112 0.010791
0 0.601974 0.636691 0.004934 0.010791
0 0.679276 0.544964 0.004934 0.010791
0 0.526727 0.422662 0.004112 0.010791
0 0.489720 0.555755 0.005757 0.017986
0 0.627056 0.482914 0.005757 0.012590
0 0.698191 0.188849 0.004934 0.014388
0 0.668174 0.913669 0.004112 0.014388
0 0.169819 0.517986 0.005757 0.010791
0 0.597039 0.695144 0.004934 0.012590
0 0.689556 0.619604 0.020559 0.037770
0 0.625822 0.634892 0.004934 0.017986
0 0.405016 0.446942 0.005757 0.012590
0 0.370477 0.665468 0.004112 0.014388
0 0.678865 0.645683 0.027138 0.032374
0 0.410773 0.669964 0.005757 0.012590
0 0.446135 0.018885 0.005757 0.012590
0 0.537829 0.127698 0.008224 0.010791
0 0.609786 0.688849 0.005757 0.014388
0 0.773438 0.992806 0.009046 0.010791
0 0.601974 0.946942 0.006579 0.012590
0 0.445724 0.871403 0.006579 0.012590
0 0.577714 0.709532 0.007401 0.019784
0 0.680510 0.107014 0.005757 0.016187
0 0.893914 0.439748 0.006579 0.012590
0 0.512747 0.873201 0.007401 0.016187
