0 0.638980 0.933453 0.008224 0.021583
0 0.316201 0.955935 0.007401 0.019784
0 0.474095 0.637590 0.010691 0.023381
0 0.468750 0.928058 0.008224 0.021583
0 0.404605 0.453237 0.009868 0.017986
0 0.784128 0.392986 0.007401 0.023381
0 0.536184 0.061151 0.009868 0.021583
0 0.419819 0.269784 0.009046 0.021583
0 0.559622 0.113309 0.010691 0.017986
0 0.865132 0.153777 0.011513 0.023381
0 0.494243 0.632194 0.009868 0.023381
0 0.436678 0.986511 0.009868 0.019784
0 0.374178 0.612410 0.031250 0.084532
0 0.698602 0.967626 0.010691 0.025180
0 0.183799 0.455036 0.015625 0.057554
0 0.159539 0.142086 0.013158 0.025180
0 0.664885 0.025180 0.012335 0.032374
0 0.538240 0.799460 0.022204 0.041367
0 0.729441 0.987410 0.026316 0.021583
0 0.530839 0.145683 0.012335 0.035971
0 0.337171 0.013489 0.024671 0.026978
0 0.648438 0.938849 0.012335 0.028777
0 0.539885 0.684353 0.015625 0.034173
0 0.294819 0.014389 0.035362 0.028777
0 0.498766 0.115108 0.017270 0.035971
0 0.362253 0.747302 0.027138 0.066547
0 0.918586 0.986511 0.019737 0.023381
0 0.297697 0.562950 0.018092 0.035971
0 0.479852 0.014389 0.023849 0.028777
0 0.789474 0.985611 0.024671 0.025180
0 0.724918 0.913669 0.023849 0.043165
0 0.575247 0.523381 0.043585 0.104317
0 0.168586 0.573741 0.029605 0.035971
0 0.474507 0.414568 0.041118 0.077338
0 0.585938 0.362410 0.028783 0.059352
0 0.412829 0.305755 0.023026 0.061151
0 0.652549 0.118705 0.023849 0.057554
0 0.928454 0.222122 0.037829 0.048561
0 0.832237 0.976619 0.037829 0.039568
0 0.417763 0.927158 0.024671 0.062950
0 0.230263 0.016187 0.029605 0.032374
0 0.614720 0.198741 0.030428 0.055755
0 0.693257 0.296763 0.032895 0.046763
0 0.587582 0.420863 0.033717 0.064748
0 0.235197 0.229317 0.029605 0.062950
0 0.323191 0.730216 0.072368 0.097122
0 0.199424 0.481115 0.032072 0.106115
0 0.206414 0.134892 0.024671 0.050360
0 0.512747 0.435252 0.023849 0.050360
0 0.865954 0.554856 0.024671 0.041367
0 0.766036 0.332734 0.023849 0.043166
0 0.889803 0.229317 0.027961 0.084532
0 0.361431 0.246403 0.020559 0.046763
0 0.826069 0.588130 0.033717 0.050360
0 0.337171 0.328237 0.026316 0.044964
0 0.375411 0.958633 0.025493 0.061151
0 0.812911 0.653777 0.040296 0.055755
0 0.883224 0.033273 0.065789 0.066547
0 0.567845 0.154676 0.020559 0.061151
0 0.905428 0.465827 0.026316 0.050360
0 0.795230 0.598022 0.036184 0.052158
0 0.823191 0.159173 0.021382 0.052158
0 0.601151 0.765288 0.023026 0.062950
0 0.368010 0.099820 0.027138 0.066547
0 0.170641 0.879496 0.032072 0.050360
0 0.545230 0.502698 0.026316 0.059353
0 0.486020 0.946942 0.041118 0.062950
0 0.611431 0.151079 0.023849 0.053957
0 0.412418 0.024281 0.027138 0.048561
0 0.855263 0.845324 0.027961 0.068345
0 0.193668 0.689748 0.053454 0.080935
0 0.439967 0.902878 0.041118 0.089928
0 0.447368 0.247302 0.021382 0.052158
0 0.448602 0.655576 0.030428 0.080935
0 0.693668 0.467626 0.028783 0.050360
0 0.270559 0.876799 0.036184 0.070144
0 0.731908 0.785072 0.032895 0.066547
0 0.332237 0.920863 0.031250 0.075540
0 0.280016 0.461331 0.038651 0.066547
0 0.471628 0.752698 0.025493 0.084532
0 0.217105 0.594424 0.047697 0.066547
0 0.678865 0.120504 0.025493 0.046763
0 0.403783 0.125899 0.031250 0.053957
0 0.834704 0.351619 0.027960 0.070144
0 0.280839 0.526978 0.041941 0.071942
0 0.717516 0.345324 0.033717 0.075540
0 0.406250 0.221223 0.024671 0.075540
0 0.298109 0.921763 0.041941 0.073741
0 0.723684 0.735611 0.034540 0.053957
0 0.715872 0.513489 0.055099 0.091727
0 0.760691 0.402878 0.031250 0.071942
0 0.715872 0.166367 0.032072 0.059352
0 0.795230 0.210432 0.029605 0.089928
0 0.768503 0.194245 0.038651 0.086331
0 0.733964 0.452338 0.033717 0.062950
0 0.569901 0.228417 0.032895 0.068345
0 0.414474 0.379496 0.032895 0.089928
0 0.240954 0.752698 0.003289 0.008993
0 0.694901 0.925360 0.003289 0.008993
0 0.578947 0.907374 0.003289 0.008993
0 0.875822 0.881295 0.003289 0.010791
0 0.449836 0.709532 0.003289 0.012590
0 0.685855 0.765288 0.003289 0.012590
0 0.286184 0.601619 0.003289 0.008993
0 0.154605 0.649281 0.003289 0.010791
0 0.709293 0.787770 0.004112 0.010791
0 0.803043 0.258094 0.004112 0.016187
0 0.197780 0.330036 0.010691 0.034173
0 0.516859 0.993705 0.004112 0.008993
0 0.516447 0.707734 0.003289 0.008993
0 0.681332 0.815647 0.004112 0.008993
0 0.578947 0.993705 0.006579 0.008993
0 0.499178 0.748201 0.004934 0.010791
0 0.897204 0.297662 0.004934 0.008993
0 0.385280 0.021583 0.004112 0.010791
0 0.650082 0.863309 0.004112 0.007194
0 0.466694 0.594424 0.004112 0.008993
0 0.551398 0.294964 0.004112 0.010791
0 0.852796 0.113309 0.003289 0.010791
0 0.112253 0.095324 0.004112 0.010791
0 0.341694 0.874101 0.004112 0.010791
0 0.634046 0.691547 0.004934 0.008993
0 0.476562 0.572842 0.004112 0.008993
0 0.516859 0.053058 0.004112 0.012590
0 0.409539 0.499101 0.004934 0.012590
0 0.733553 0.694245 0.004934 0.017986
0 0.516036 0.480216 0.004112 0.010791
0 0.753289 0.023381 0.004934 0.010791
0 0.553043 0.625899 0.005757 0.010791
0 0.700658 0.903777 0.004934 0.012590
0 0.460526 0.536870 0.004934 0.012590
0 0.546464 0.181655 0.005757 0.021583
0 0.635280 0.803058 0.005757 0.037770
0 0.191201 0.383993 0.005757 0.012590
0 0.755345 0.959532 0.004112 0.012590
0 0.629934 0.120504 0.004934 0.014389
0 0.536184 0.919964 0.004934 0.012590
0 0.548520 0.061151 0.004934 0.014388
0 0.262747 0.944245 0.005757 0.014388
0 0.758224 0.580036 0.004934 0.016187
0 0.709704 0.852518 0.006579 0.014388
0 0.227385 0.131295 0.007401 0.017986
0 0.071135 0.920863 0.009046 0.014388
0 0.429688 0.730216 0.007401 0.014388
0 0.371711 0.576439 0.026316 0.052158
