0 0.459293 0.582734 0.007401 0.017986
0 0.776727 0.448741 0.009046 0.016187
0 0.727796 0.810252 0.009868 0.019784
0 0.822780 0.128597 0.010691 0.019784
0 0.763569 0.295863 0.007401 0.016187
0 0.629112 0.776079 0.031250 0.055755
0 0.825658 0.466727 0.008224 0.023381
0 0.395148 0.248201 0.007401 0.017986
0 0.502467 0.914568 0.008224 0.019784
0 0.651727 0.485611 0.009046 0.017986
0 0.825658 0.678058 0.009868 0.025180
0 0.282484 0.008993 0.013980 0.017986
0 0.710938 0.121403 0.012335 0.019784
0 0.294819 0.360611 0.012336 0.026978
0 0.251645 0.839029 0.011513 0.023381
0 0.813734 0.816547 0.009046 0.025180
0 0.710526 0.008993 0.018092 0.017986
0 0.392681 0.091727 0.013980 0.025180
0 0.505345 0.985611 0.013980 0.021583
0 0.636102 0.497302 0.010691 0.030575
0 0.603618 0.986511 0.019737 0.023381
0 0.400493 0.333633 0.023026 0.070144
0 0.418174 0.150180 0.017270 0.034173
0 0.875411 0.384892 0.013980 0.025180
0 0.789885 0.624101 0.015625 0.028777
0 0.231086 0.798561 0.018092 0.043166
0 0.289474 0.746403 0.027960 0.097122
0 0.699013 0.170863 0.034540 0.057554
0 0.320312 0.178957 0.020559 0.034173
0 0.342516 0.803058 0.018914 0.044964
0 0.711349 0.303957 0.026316 0.035971
0 0.331826 0.873201 0.027138 0.052158
0 0.929688 0.050360 0.038651 0.061151
0 0.293174 0.064748 0.018914 0.053957
0 0.567434 0.242806 0.024671 0.053957
0 0.613076 0.336331 0.033717 0.075540
0 0.486020 0.794065 0.027960 0.044964
0 0.576069 0.870504 0.020559 0.057554
0 0.467928 0.822842 0.018092 0.062950
0 0.642270 0.789568 0.027960 0.050360
0 0.675576 0.081835 0.023849 0.055755
0 0.309211 0.310252 0.024671 0.055755
0 0.801398 0.934353 0.023849 0.059353
0 0.312500 0.805755 0.044408 0.133094
0 0.543174 0.650180 0.023849 0.052158
0 0.613487 0.752698 0.031250 0.066547
0 0.603618 0.491906 0.034540 0.066547
0 0.180510 0.068345 0.027138 0.046763
0 0.410773 0.951439 0.022204 0.039568
0 0.576480 0.293165 0.021382 0.043166
0 0.166941 0.658273 0.031250 0.064748
0 0.250822 0.623201 0.029605 0.062950
0 0.849507 0.817446 0.039474 0.059353
0 0.132812 0.115108 0.037007 0.104317
0 0.856086 0.492806 0.031250 0.068345
0 0.080592 0.363309 0.037829 0.064748
0 0.453125 0.492806 0.024671 0.043166
0 0.171464 0.340827 0.020559 0.048561
0 0.451069 0.977518 0.033717 0.041367
0 0.707648 0.222122 0.027138 0.052158
0 0.818668 0.635791 0.028783 0.048561
0 0.841283 0.655576 0.027960 0.077338
0 0.328536 0.215827 0.023849 0.064748
0 0.618832 0.633993 0.020559 0.055755
0 0.590461 0.627698 0.027960 0.057554
0 0.560444 0.818345 0.027138 0.057554
0 0.773026 0.025180 0.032895 0.050360
0 0.292763 0.142986 0.039474 0.055755
0 0.876234 0.782374 0.055099 0.075540
0 0.351562 0.050360 0.038651 0.100719
0 0.497944 0.055755 0.025493 0.057554
0 0.235197 0.571942 0.054276 0.122302
0 0.147615 0.502698 0.058388 0.095324
0 0.310444 0.928058 0.043586 0.082734
0 0.338816 0.652878 0.031250 0.061151
0 0.449836 0.234712 0.036184 0.070144
0 0.821135 0.370504 0.032072 0.050360
0 0.875411 0.655576 0.041941 0.088129
0 0.555921 0.090827 0.032895 0.066547
0 0.197780 0.185252 0.041941 0.079137
0 0.489309 0.478417 0.037829 0.089928
0 0.602796 0.267986 0.031250 0.082734
0 0.790707 0.660072 0.004112 0.010791
0 0.193668 0.313849 0.005757 0.012590
0 0.838816 0.130396 0.003289 0.008993
0 0.854852 0.883094 0.002467 0.010791
0 0.298931 0.551259 0.004112 0.008993
0 0.497122 0.138489 0.004112 0.007194
0 0.258224 0.255396 0.003289 0.010791
0 0.430099 0.177158 0.003289 0.008993
0 0.255757 0.974820 0.003289 0.010791
0 0.558388 0.409173 0.004934 0.008993
0 0.622533 0.118705 0.003289 0.010791
0 0.688734 0.573741 0.004112 0.010791
0 0.751234 0.260791 0.004112 0.010791
0 0.427632 0.027878 0.003289 0.012590
0 0.769326 0.732914 0.004112 0.008993
0 0.559622 0.363309 0.004112 0.010791
0 0.836760 0.707734 0.004112 0.012590
0 0.768092 0.483813 0.003289 0.010791
0 0.435033 0.862410 0.003289 0.012590
0 0.753701 0.761691 0.004112 0.012590
0 0.585526 0.423561 0.003289 0.012590
0 0.670230 0.619604 0.004934 0.008993
0 0.664885 0.361511 0.004112 0.010791
0 0.317845 0.560252 0.004112 0.012590
0 0.679688 0.767086 0.004112 0.008993
0 0.509457 0.075540 0.007401 0.017986
0 0.741365 0.069245 0.004112 0.008993
0 0.620888 0.038669 0.006579 0.012590
0 0.297697 0.512590 0.004934 0.014388
0 0.196135 0.957734 0.004112 0.008993
0 0.704359 0.878597 0.004112 0.008993
0 0.553865 0.045863 0.004112 0.012590
0 0.773438 0.877698 0.004112 0.010791
0 0.584293 0.201439 0.004112 0.010791
0 0.559622 0.729317 0.004112 0.008993
0 0.670641 0.127698 0.004112 0.010791
0 0.752467 0.107014 0.004934 0.008993
0 0.774671 0.294065 0.006579 0.016187
0 0.516036 0.445144 0.005757 0.008993
0 0.516447 0.607014 0.004934 0.012590
0 0.770148 0.221223 0.004112 0.010791
0 0.493010 0.368705 0.004112 0.010791
0 0.946135 0.025180 0.010691 0.050360
0 0.331414 0.729317 0.004934 0.008993
0 0.060033 0.375000 0.006579 0.034173
0 0.798520 0.400180 0.003289 0.012590
0 0.428454 0.811151 0.004934 0.010791
0 0.497944 0.763489 0.005757 0.012590
0 0.358964 0.131295 0.004112 0.010791
0 0.430921 0.680755 0.004934 0.012590
0 0.922286 0.629496 0.004112 0.014388
0 0.495477 0.897482 0.004112 0.014388
0 0.582648 0.731115 0.004112 0.012590
0 0.856086 0.413669 0.004934 0.010791
0 0.543586 0.305755 0.004934 0.010791
0 0.685444 0.655576 0.005757 0.012590
0 0.580592 0.152878 0.004934 0.010791
0 0.828536 0.424460 0.005757 0.014389
0 0.526316 0.482014 0.006579 0.010791
0 0.529194 0.642086 0.005757 0.017986
0 0.263980 0.334532 0.004934 0.014389
0 0.710115 0.577338 0.005757 0.010791
0 0.747533 0.442446 0.006579 0.014389
0 0.657072 0.586331 0.006579 0.014388
0 0.340049 0.115108 0.005757 0.014389
0 0.249178 0.288669 0.006579 0.016187
0 0.092928 0.817446 0.006579 0.016187
0 0.638980 0.005396 0.011513 0.010791
0 0.218750 0.147482 0.006579 0.021583
