0 0.421464 0.127698 0.005757 0.017986
0 0.753289 0.008094 0.027960 0.016187
0 0.098684 0.612410 0.008224 0.016187
0 0.308799 0.936151 0.009046 0.019784
0 0.727796 0.669964 0.011513 0.019784
0 0.439145 0.080036 0.008224 0.016187
0 0.693257 0.989209 0.019737 0.017986
0 0.365954 0.802158 0.011513 0.021583
0 0.132401 0.366906 0.011513 0.017986
0 0.789885 0.459532 0.012335 0.016187
0 0.395148 0.349820 0.010691 0.023381
0 0.832237 0.008094 0.023026 0.016187
0 0.234375 0.010791 0.023026 0.021583
0 0.679688 0.011691 0.037007 0.023381
0 0.348273 0.230216 0.028783 0.050360
0 0.858141 0.677158 0.022204 0.055755
0 0.249178 0.417266 0.019737 0.050360
0 0.341283 0.837230 0.013158 0.037770
0 0.339227 0.373201 0.022204 0.026978
0 0.354030 0.164568 0.025493 0.059353
0 0.814967 0.579137 0.024671 0.057554
0 0.823602 0.366906 0.048520 0.097122
0 0.085938 0.947842 0.041941 0.039568
0 0.446135 0.035072 0.033717 0.052158
0 0.184622 0.801259 0.025493 0.062950
0 0.804276 0.825540 0.029605 0.043166
0 0.851562 0.625899 0.045230 0.089928
0 0.151727 0.701439 0.043585 0.046763
0 0.344161 0.410072 0.028783 0.057554
0 0.313734 0.442446 0.038651 0.071942
0 0.546464 0.230216 0.027138 0.046763
0 0.201891 0.214928 0.018914 0.041367
0 0.369655 0.982014 0.027138 0.035971
0 0.296875 0.251799 0.024671 0.039568
0 0.789474 0.733813 0.024671 0.057554
0 0.412418 0.561151 0.025493 0.057554
0 0.370066 0.204137 0.039474 0.080935
0 0.715461 0.053957 0.037829 0.046763
0 0.299342 0.973921 0.049342 0.052158
0 0.392681 0.895683 0.027138 0.064748
0 0.238898 0.048561 0.043585 0.071942
0 0.781250 0.183453 0.036184 0.053957
0 0.298520 0.717626 0.047697 0.097122
0 0.656250 0.419964 0.023026 0.062950
0 0.520970 0.328237 0.027138 0.052158
0 0.643503 0.811151 0.025493 0.050360
0 0.808388 0.513489 0.032895 0.052158
0 0.077714 0.085432 0.028783 0.055755
0 0.361842 0.357014 0.029605 0.062950
0 0.794408 0.682554 0.023026 0.048561
0 0.223684 0.834532 0.044408 0.061151
0 0.572780 0.642986 0.035362 0.073741
0 0.768914 0.526978 0.021382 0.050360
0 0.128289 0.473022 0.031250 0.068345
0 0.345395 0.973921 0.026316 0.052158
0 0.375822 0.425360 0.041118 0.080935
0 0.462171 0.916367 0.036184 0.080935
0 0.671464 0.226619 0.043585 0.097122
0 0.403783 0.625000 0.034539 0.070144
0 0.205181 0.312950 0.028783 0.071942
0 0.884457 0.080935 0.060033 0.100719
0 0.638980 0.206835 0.037829 0.079137
0 0.532072 0.678957 0.034540 0.066547
0 0.086349 0.866007 0.032895 0.048561
0 0.456003 0.832734 0.058388 0.122302
0 0.571135 0.058453 0.035362 0.080935
0 0.689145 0.101619 0.042763 0.088130
0 0.620066 0.770683 0.047697 0.084532
0 0.493010 0.693345 0.043585 0.077338
0 0.236431 0.572842 0.051809 0.091727
0 0.447780 0.164568 0.040296 0.077338
0 0.353618 0.051259 0.036184 0.084532
0 0.756168 0.497302 0.005757 0.016187
0 0.726974 0.846223 0.004934 0.012590
0 0.440378 0.556655 0.004112 0.012590
0 0.261924 0.188849 0.004112 0.010791
0 0.403783 0.134892 0.003289 0.007194
0 0.377467 0.493705 0.003289 0.008993
0 0.517681 0.607014 0.004112 0.012590
0 0.813734 0.908273 0.004112 0.010791
0 0.583470 0.687950 0.004112 0.012590
0 0.195312 0.168165 0.004112 0.012590
0 0.731908 0.874101 0.003289 0.007194
0 0.428865 0.449640 0.004112 0.010791
0 0.679276 0.353417 0.004934 0.008993
0 0.360609 0.479317 0.009046 0.026978
0 0.760691 0.078237 0.004934 0.008993
0 0.619655 0.957734 0.004112 0.008993
0 0.898438 0.824640 0.004112 0.008993
0 0.661595 0.927158 0.004112 0.008993
0 0.652549 0.350719 0.004112 0.014389
0 0.635691 0.641187 0.003289 0.012590
0 0.865543 0.385791 0.004112 0.008993
0 0.094572 0.414568 0.004934 0.008993
0 0.238487 0.427158 0.006579 0.016187
0 0.253289 0.143885 0.003289 0.010791
0 0.598273 0.694245 0.005757 0.010791
0 0.569079 0.867806 0.004934 0.008993
0 0.617188 0.291367 0.004112 0.010791
0 0.841283 0.236511 0.003289 0.008993
0 0.659951 0.702338 0.004112 0.008993
0 0.086760 0.744604 0.005757 0.014388
0 0.541118 0.611511 0.004934 0.014388
0 0.331826 0.286871 0.004112 0.012590
0 0.365543 0.087230 0.009046 0.016187
0 0.871711 0.436151 0.004934 0.012590
0 0.714638 0.338129 0.008224 0.010791
0 0.698191 0.597122 0.004934 0.010791
0 0.518914 0.040468 0.006579 0.008993
0 0.456826 0.468525 0.004112 0.012590
0 0.601974 0.128597 0.004934 0.012590
0 0.551398 0.543165 0.007401 0.010791
0 0.365132 0.128597 0.006579 0.012590
0 0.687500 0.598921 0.004934 0.014388
0 0.281250 0.431655 0.006579 0.014389
0 0.402549 0.039568 0.005757 0.010791
0 0.630757 0.279676 0.009868 0.012590
0 0.276316 0.992806 0.011513 0.010791
0 0.455592 0.652878 0.004934 0.014388
0 0.312089 0.146583 0.005757 0.012590
0 0.699424 0.798561 0.005757 0.010791
0 0.620888 0.500000 0.004934 0.014388
0 0.688734 0.150180 0.010691 0.016187
0 0.320724 0.922662 0.004934 0.021583
0 0.161184 0.064748 0.008224 0.014388
0 0.309211 0.901978 0.006579 0.012590
