0 0.548520 0.748201 0.006579 0.017986
0 0.605263 0.029676 0.006579 0.016187
0 0.623766 0.878597 0.007401 0.019784
0 0.613898 0.607914 0.009046 0.017986
0 0.673931 0.842626 0.010691 0.016187
0 0.476562 0.989209 0.022204 0.017986
0 0.803865 0.906475 0.009046 0.021583
0 0.648438 0.008993 0.018915 0.017986
0 0.635691 0.633993 0.011513 0.023381
0 0.657895 0.078237 0.008224 0.016187
0 0.615132 0.912770 0.027960 0.059352
0 0.649671 0.565647 0.013158 0.030575
0 0.557155 0.098921 0.012335 0.025180
0 0.860609 0.475719 0.015625 0.026978
0 0.589227 0.917266 0.051809 0.071942
0 0.400905 0.982914 0.027138 0.030575
0 0.270559 0.604317 0.013158 0.025180
0 0.386513 0.963130 0.023026 0.044964
0 0.344161 0.128597 0.027138 0.041367
0 0.875822 0.640288 0.032895 0.043166
0 0.399671 0.400180 0.057566 0.199640
0 0.454770 0.348921 0.031250 0.039568
0 0.664885 0.058453 0.020559 0.026978
0 0.460526 0.385791 0.032895 0.048561
0 0.344572 0.982914 0.023026 0.030575
0 0.130345 0.872302 0.037007 0.057554
0 0.305921 0.748201 0.026316 0.057554
0 0.569079 0.016187 0.021382 0.032374
0 0.616365 0.950540 0.030428 0.044964
0 0.672697 0.090827 0.021382 0.048561
0 0.365543 0.020683 0.018914 0.041367
0 0.424753 0.094424 0.030428 0.088130
0 0.389391 0.182554 0.032072 0.059353
0 0.367599 0.276079 0.032895 0.062950
0 0.358141 0.323741 0.020559 0.039568
0 0.511102 0.199640 0.041941 0.053957
0 0.919819 0.485611 0.027138 0.064748
0 0.693668 0.589029 0.027138 0.055755
0 0.463405 0.116906 0.028783 0.064748
0 0.449424 0.566547 0.028783 0.061151
0 0.328125 0.543165 0.021382 0.057554
0 0.858964 0.062050 0.027138 0.055755
0 0.240954 0.653777 0.023026 0.059353
0 0.392681 0.143885 0.023849 0.039568
0 0.751645 0.026079 0.029605 0.048561
0 0.147204 0.977518 0.027960 0.041367
0 0.356086 0.158273 0.032895 0.071942
0 0.601562 0.284173 0.043585 0.071942
0 0.920641 0.739209 0.032072 0.050360
0 0.590049 0.158273 0.023849 0.061151
0 0.513569 0.587230 0.027138 0.066547
0 0.291530 0.714029 0.027138 0.064748
0 0.326891 0.754496 0.027138 0.070144
0 0.841283 0.651079 0.029605 0.061151
0 0.565378 0.318345 0.023849 0.064748
0 0.110609 0.962230 0.030428 0.064748
0 0.233141 0.348921 0.027138 0.053957
0 0.082237 0.333633 0.027960 0.052158
0 0.293174 0.053058 0.037007 0.073741
0 0.740954 0.680755 0.018092 0.055755
0 0.847451 0.176259 0.025493 0.043165
0 0.756168 0.612410 0.030428 0.048561
0 0.187500 0.355216 0.065789 0.109712
0 0.384046 0.830935 0.021382 0.057554
0 0.660362 0.535971 0.023026 0.050360
0 0.258224 0.055755 0.032895 0.071942
0 0.666941 0.251799 0.049342 0.071942
0 0.696135 0.059353 0.043585 0.118705
0 0.174342 0.891187 0.032895 0.044964
0 0.763569 0.245504 0.033717 0.066547
0 0.096628 0.833633 0.051809 0.098921
0 0.710526 0.452338 0.029605 0.059353
0 0.818257 0.968525 0.034540 0.062950
0 0.723684 0.922662 0.036184 0.071942
0 0.634457 0.410971 0.022204 0.062950
0 0.726151 0.187050 0.027960 0.079137
0 0.509457 0.932554 0.045230 0.102518
0 0.671464 0.891187 0.035362 0.084532
0 0.425987 0.865108 0.029605 0.089928
0 0.743421 0.095324 0.050987 0.107914
0 0.444490 0.228417 0.028783 0.068345
0 0.268914 0.686151 0.034539 0.080935
0 0.449424 0.797662 0.004112 0.008993
0 0.706003 0.995504 0.005757 0.008993
0 0.774671 0.926259 0.003289 0.010791
0 0.644737 0.801259 0.003289 0.008993
0 0.658306 0.919065 0.007401 0.017986
0 0.349095 0.423561 0.004112 0.012590
0 0.645970 0.859712 0.004112 0.010791
0 0.559211 0.164568 0.003289 0.012590
0 0.518503 0.764389 0.004112 0.010791
0 0.651316 0.913669 0.006579 0.014388
0 0.649671 0.640288 0.003289 0.010791
0 0.548109 0.973921 0.004112 0.008993
0 0.761924 0.839029 0.004112 0.008993
0 0.680510 0.850719 0.007401 0.017986
0 0.546053 0.026079 0.004934 0.008993
0 0.521382 0.004496 0.004934 0.008993
0 0.721628 0.282374 0.004112 0.010791
0 0.191201 0.111511 0.004112 0.010791
0 0.930921 0.627698 0.006579 0.025180
0 0.847451 0.142086 0.004112 0.010791
0 0.252878 0.248201 0.004112 0.010791
0 0.326891 0.503597 0.004112 0.010791
0 0.811266 0.709532 0.004112 0.008993
0 0.295230 0.995504 0.009868 0.008993
0 0.580181 0.763489 0.004112 0.012590
0 0.469161 0.884892 0.004112 0.007194
0 0.787418 0.491007 0.004112 0.017986
0 0.217516 0.249101 0.004112 0.008993
0 0.683388 0.517086 0.004934 0.012590
0 0.761924 0.786870 0.005757 0.008993
0 0.710526 0.321043 0.004934 0.008993
0 0.578947 0.508993 0.004934 0.010791
0 0.574424 0.564748 0.005757 0.010791
0 0.487253 0.070144 0.004112 0.010791
0 0.119243 0.516187 0.004934 0.010791
0 0.438734 0.003597 0.007401 0.007194
0 0.928454 0.653777 0.008224 0.037770
0 0.722862 0.399281 0.004934 0.010791
0 0.273438 0.828237 0.005757 0.012590
0 0.176398 0.267086 0.005757 0.008993
0 0.548520 0.360611 0.003289 0.016187
0 0.891036 0.799460 0.004112 0.008993
0 0.351562 0.559353 0.007401 0.014388
0 0.631579 0.660971 0.004934 0.012590
0 0.525082 0.462230 0.005757 0.014388
0 0.534951 0.479317 0.005757 0.016187
0 0.614309 0.375899 0.008224 0.014389
0 0.472862 0.308453 0.006579 0.012590
0 0.588405 0.580036 0.007401 0.023381
0 0.212993 0.946043 0.006579 0.010791
0 0.724095 0.544065 0.007401 0.012590
0 0.734375 0.005396 0.013158 0.010791
0 0.748766 0.957734 0.007401 0.012590
0 0.814967 0.293165 0.006579 0.014389
0 0.680921 0.476619 0.006579 0.017986
0 0.518503 0.284173 0.005757 0.014389
