0 0.175987 0.010791 0.044408 0.021583
0 0.691201 0.627698 0.007401 0.017986
0 0.497533 0.528777 0.009868 0.017986
0 0.736020 0.007194 0.011513 0.014389
0 0.700658 0.124101 0.009868 0.021583
0 0.324836 0.095324 0.008224 0.017986
0 0.744655 0.343525 0.009046 0.017986
0 0.692845 0.405576 0.009046 0.019784
0 0.763158 0.932554 0.009868 0.019784
0 0.309622 0.978417 0.010691 0.017986
0 0.790296 0.664568 0.011513 0.026978
0 0.787418 0.745504 0.018915 0.026978
0 0.657072 0.286871 0.013158 0.023381
0 0.677632 0.916367 0.009868 0.023381
0 0.303865 0.455935 0.010691 0.023381
0 0.675164 0.177158 0.013158 0.023381
0 0.212582 0.553957 0.025493 0.050360
0 0.276727 0.144784 0.043585 0.062950
0 0.465461 0.750000 0.016447 0.032374
0 0.354441 0.821043 0.016447 0.037770
0 0.235197 0.280576 0.037829 0.061151
0 0.912418 0.586331 0.027138 0.053957
0 0.684622 0.980216 0.033717 0.035971
0 0.216694 0.400180 0.017270 0.034173
0 0.635691 0.391187 0.027960 0.055755
0 0.523849 0.704137 0.032895 0.044964
0 0.326891 0.691547 0.020559 0.059353
0 0.325658 0.395683 0.024671 0.071942
0 0.310444 0.665468 0.018914 0.061151
0 0.485197 0.490108 0.019737 0.044964
0 0.185444 0.071942 0.020559 0.032374
0 0.655428 0.043166 0.024671 0.043166
0 0.240132 0.337230 0.032895 0.062950
0 0.543586 0.268885 0.023026 0.055755
0 0.321957 0.909173 0.015625 0.034173
0 0.170641 0.977518 0.017270 0.041367
0 0.073602 0.401978 0.023849 0.062950
0 0.279194 0.850719 0.022204 0.035971
0 0.691612 0.664568 0.021382 0.059353
0 0.190789 0.976619 0.023026 0.043165
0 0.770148 0.208633 0.028783 0.039568
0 0.673520 0.633094 0.019737 0.043166
0 0.411595 0.129496 0.025493 0.057554
0 0.791941 0.975719 0.024671 0.044964
0 0.289885 0.277878 0.033717 0.062950
0 0.421875 0.175360 0.032895 0.062950
0 0.869243 0.751799 0.027961 0.057554
0 0.307155 0.848022 0.025493 0.059353
0 0.428043 0.404676 0.037007 0.057554
0 0.775493 0.875899 0.024671 0.043166
0 0.625000 0.082734 0.026316 0.053957
0 0.205181 0.491007 0.023849 0.071942
0 0.617599 0.177158 0.023026 0.048561
0 0.594572 0.148381 0.023026 0.044964
0 0.259046 0.209532 0.019737 0.052158
0 0.622533 0.530576 0.029605 0.061151
0 0.350740 0.205935 0.032072 0.080935
0 0.155016 0.145683 0.046875 0.064748
0 0.397615 0.831835 0.028783 0.052158
0 0.613076 0.848022 0.025493 0.048561
0 0.852796 0.946043 0.032895 0.061151
0 0.613076 0.312950 0.037007 0.086331
0 0.560444 0.055755 0.028783 0.050360
0 0.355674 0.578237 0.050165 0.091727
0 0.460938 0.076439 0.041941 0.098921
0 0.578536 0.753597 0.027138 0.053957
0 0.427220 0.243705 0.030428 0.070144
0 0.723273 0.428058 0.041941 0.104317
0 0.506579 0.091727 0.034540 0.064748
0 0.570724 0.183453 0.034540 0.079137
0 0.113076 0.892086 0.040296 0.089928
0 0.456414 0.828237 0.026316 0.073741
0 0.746711 0.267986 0.031250 0.071942
0 0.686266 0.741007 0.041941 0.100719
0 0.257812 0.680755 0.040296 0.098921
0 0.517681 0.473022 0.032072 0.086331
0 0.196135 0.603417 0.004112 0.012590
0 0.221217 0.110612 0.003289 0.008993
0 0.373355 0.116906 0.003289 0.007194
0 0.550576 0.901978 0.004112 0.012590
0 0.293174 0.619604 0.004112 0.008993
0 0.685033 0.388489 0.003289 0.014389
0 0.198191 0.293165 0.003289 0.010791
0 0.676398 0.543165 0.004112 0.010791
0 0.191201 0.044065 0.004112 0.012590
0 0.530428 0.371403 0.003289 0.008993
0 0.857319 0.166367 0.004112 0.012590
0 0.593750 0.385791 0.003289 0.008993
0 0.703947 0.200540 0.003289 0.008993
0 0.830181 0.703237 0.004112 0.010791
0 0.475329 0.176259 0.004934 0.010791
0 0.620477 0.991007 0.004112 0.010791
0 0.837171 0.794964 0.004934 0.010791
0 0.618010 0.818345 0.005757 0.014388
0 0.189967 0.748201 0.004934 0.014388
0 0.892681 0.831835 0.004112 0.012590
0 0.372533 0.672662 0.004934 0.014388
0 0.662418 0.653777 0.009046 0.012590
0 0.656661 0.397482 0.009046 0.021583
0 0.427220 0.321043 0.005757 0.019784
0 0.690378 0.284173 0.007401 0.017986
