0 0.350329 0.815647 0.009868 0.019784
0 0.726974 0.213129 0.009868 0.023381
0 0.831003 0.988309 0.018915 0.016187
0 0.685855 0.981115 0.024671 0.034173
0 0.766036 0.593525 0.013980 0.021583
0 0.522615 0.631295 0.010691 0.028777
0 0.619243 0.986511 0.029605 0.026978
0 0.516447 0.111511 0.014803 0.028777
0 0.826480 0.745504 0.026316 0.062950
0 0.831414 0.837230 0.023026 0.026978
0 0.248355 0.392986 0.031250 0.048561
0 0.899671 0.055755 0.039474 0.075540
0 0.560855 0.120504 0.024671 0.043166
0 0.647615 0.553957 0.035362 0.057554
0 0.252467 0.977518 0.032895 0.041367
0 0.697368 0.971223 0.027960 0.046763
0 0.078977 0.021583 0.059152 0.043165
0 0.190378 0.531475 0.045230 0.052158
0 0.160362 0.248201 0.026316 0.035971
0 0.527138 0.312950 0.026316 0.075540
0 0.330592 0.375899 0.029605 0.061151
0 0.404194 0.494604 0.025493 0.046763
0 0.406250 0.156475 0.026316 0.046763
0 0.602385 0.941547 0.027138 0.044964
0 0.280016 0.327338 0.030428 0.057554
0 0.740543 0.719424 0.030428 0.068345
0 0.531250 0.787770 0.029605 0.050360
0 0.421875 0.087230 0.027961 0.062950
0 0.366365 0.769784 0.028783 0.061151
0 0.279194 0.381295 0.035362 0.061151
0 0.479852 0.028777 0.028783 0.057554
0 0.332648 0.123201 0.023849 0.052158
0 0.361431 0.276978 0.028783 0.064748
0 0.453125 0.867806 0.029605 0.059353
0 0.555099 0.562950 0.027960 0.061151
0 0.261924 0.233813 0.025493 0.043166
0 0.414885 0.740108 0.025493 0.041367
0 0.479030 0.739209 0.022204 0.053957
0 0.710526 0.630396 0.021382 0.059353
0 0.782072 0.033273 0.023026 0.048561
0 0.427220 0.223921 0.038651 0.095324
0 0.331826 0.053957 0.028783 0.071942
0 0.819901 0.623201 0.041118 0.062950
0 0.659951 0.520683 0.027138 0.059353
0 0.231497 0.641187 0.030428 0.052158
0 0.592105 0.030575 0.029605 0.061151
0 0.089227 0.928957 0.041941 0.088129
0 0.420230 0.526079 0.027961 0.062950
0 0.395148 0.848022 0.028783 0.059353
0 0.623355 0.323741 0.037829 0.064748
0 0.765214 0.812950 0.045230 0.089928
0 0.239720 0.808453 0.030428 0.066547
0 0.554276 0.166367 0.027960 0.048561
0 0.738898 0.647482 0.045230 0.086331
0 0.328947 0.670863 0.031250 0.064748
0 0.340872 0.223921 0.038651 0.080935
0 0.421053 0.956835 0.032895 0.064748
0 0.574013 0.191547 0.027960 0.070144
0 0.204770 0.340827 0.037829 0.080935
0 0.448191 0.410971 0.027960 0.059352
0 0.393092 0.238309 0.037829 0.077338
0 0.489309 0.102518 0.029605 0.050360
0 0.753701 0.088129 0.030428 0.075540
0 0.613898 0.760791 0.030428 0.082734
0 0.446135 0.782374 0.035362 0.093525
0 0.582237 0.924460 0.003289 0.010791
0 0.570312 0.916367 0.004112 0.008993
0 0.802220 0.209532 0.004112 0.008993
0 0.494655 0.828237 0.004112 0.008993
0 0.729852 0.774281 0.004112 0.008993
0 0.478618 0.206835 0.003289 0.007194
0 0.568668 0.393885 0.004112 0.014389
0 0.693668 0.026079 0.004112 0.008993
0 0.432566 0.366906 0.003289 0.010791
0 0.790296 0.506295 0.004934 0.012590
0 0.254934 0.143885 0.003289 0.010791
0 0.223684 0.073741 0.003289 0.010791
0 0.265625 0.926259 0.003289 0.010791
0 0.512747 0.263489 0.004112 0.008993
0 0.298109 0.759892 0.004112 0.008993
0 0.598273 0.875899 0.004112 0.010791
0 0.566201 0.792266 0.004112 0.008993
0 0.530016 0.206835 0.002467 0.014388
0 0.623766 0.678957 0.004112 0.016187
0 0.474918 0.334532 0.004112 0.010791
0 0.226562 0.869604 0.004112 0.008993
0 0.611842 0.112410 0.003289 0.008993
0 0.305510 0.222122 0.004112 0.008993
0 0.675164 0.537770 0.004934 0.014388
0 0.922697 0.833633 0.003289 0.008993
0 0.667352 0.058453 0.004112 0.008993
0 0.538240 0.886691 0.004112 0.010791
0 0.391036 0.097122 0.004112 0.010791
0 0.429276 0.148381 0.003289 0.008993
0 0.555099 0.669964 0.003289 0.012590
0 0.174753 0.342626 0.005757 0.008993
0 0.834293 0.376799 0.004112 0.012590
0 0.497944 0.675360 0.004112 0.012590
0 0.647615 0.958633 0.005757 0.010791
0 0.215872 0.258094 0.005757 0.016187
