0 0.642681 0.106115 0.009046 0.021583
0 0.459293 0.418165 0.010691 0.019784
0 0.348684 0.079137 0.013158 0.021583
0 0.666941 0.747302 0.011513 0.019784
0 0.604852 0.127698 0.009046 0.021583
0 0.521382 0.124101 0.011513 0.025180
0 0.211349 0.983813 0.027960 0.025180
0 0.438322 0.089928 0.027960 0.039568
0 0.314556 0.487410 0.017270 0.032374
0 0.451069 0.362410 0.033717 0.055755
0 0.463816 0.389389 0.018092 0.041367
0 0.599095 0.667266 0.020559 0.035971
0 0.249589 0.968525 0.046875 0.062950
0 0.516036 0.180755 0.013980 0.030575
0 0.427220 0.936151 0.037007 0.048561
0 0.603618 0.789568 0.036184 0.075540
0 0.696546 0.599820 0.026316 0.041367
0 0.560855 0.201439 0.026316 0.061151
0 0.563734 0.256295 0.030428 0.052158
0 0.925987 0.776978 0.031250 0.050360
0 0.703947 0.392086 0.019737 0.061151
0 0.523849 0.037770 0.032895 0.068345
0 0.575247 0.150180 0.027138 0.066547
0 0.548931 0.818345 0.022204 0.043166
0 0.286184 0.297662 0.021382 0.048561
0 0.368832 0.598022 0.027138 0.041367
0 0.836349 0.652878 0.049342 0.057554
0 0.518092 0.723921 0.023026 0.052158
0 0.267270 0.621403 0.027961 0.052158
0 0.705592 0.452338 0.029605 0.066547
0 0.699836 0.313849 0.029605 0.048561
0 0.343339 0.267986 0.032072 0.053957
0 0.583059 0.605216 0.029605 0.044964
0 0.761102 0.427158 0.025493 0.048561
0 0.366776 0.364209 0.026316 0.055755
0 0.494243 0.303058 0.024671 0.052158
0 0.286595 0.109712 0.027138 0.046763
0 0.608553 0.375899 0.027960 0.050360
0 0.454359 0.056655 0.020559 0.052158
0 0.921875 0.084532 0.029605 0.053957
0 0.495066 0.357914 0.027960 0.057554
0 0.401727 0.593525 0.033717 0.064748
0 0.680510 0.773381 0.030428 0.050360
0 0.667763 0.357914 0.024671 0.053957
0 0.343339 0.342626 0.025493 0.098921
0 0.737664 0.562050 0.054276 0.073741
0 0.358141 0.184353 0.028783 0.052158
0 0.339227 0.873201 0.033717 0.070144
0 0.372533 0.974820 0.047697 0.046763
0 0.656661 0.529676 0.023849 0.062950
0 0.571135 0.737410 0.041941 0.089928
0 0.615543 0.184353 0.027138 0.066547
0 0.914474 0.138489 0.042763 0.071942
0 0.719572 0.640288 0.032895 0.061151
0 0.455592 0.464029 0.026316 0.075540
0 0.562500 0.974820 0.027960 0.046763
0 0.773026 0.217626 0.060855 0.136691
0 0.472451 0.123201 0.022204 0.048561
0 0.876645 0.049460 0.031250 0.070144
0 0.240543 0.236511 0.056743 0.102518
0 0.208059 0.724820 0.052632 0.097122
0 0.340461 0.756295 0.031250 0.080935
0 0.901316 0.810252 0.003289 0.008993
0 0.510691 0.846223 0.003289 0.008993
0 0.207237 0.907374 0.003289 0.008993
0 0.826069 0.142986 0.004112 0.008993
0 0.386102 0.317446 0.004112 0.008993
0 0.173109 0.067446 0.004112 0.008993
0 0.567434 0.853417 0.003289 0.008993
0 0.810444 0.794065 0.004112 0.008993
0 0.641447 0.825540 0.003289 0.007194
0 0.620477 0.263489 0.004112 0.008993
0 0.211349 0.856115 0.003289 0.010791
0 0.831003 0.801259 0.004112 0.008993
0 0.858964 0.897482 0.005757 0.007194
0 0.210938 0.803058 0.004112 0.008993
0 0.648026 0.415468 0.003289 0.010791
0 0.186266 0.029676 0.004112 0.008993
0 0.507812 0.255396 0.004112 0.014389
0 0.360197 0.488309 0.004934 0.008993
0 0.492188 0.107914 0.004112 0.010791
0 0.398438 0.857014 0.004112 0.008993
0 0.810033 0.604317 0.003289 0.010791
0 0.476151 0.500899 0.004934 0.008993
0 0.398026 0.097122 0.003289 0.010791
0 0.230263 0.647482 0.004934 0.010791
0 0.696135 0.857914 0.004112 0.010791
0 0.485197 0.174460 0.004934 0.010791
0 0.645559 0.005396 0.004934 0.010791
0 0.162007 0.465827 0.004934 0.010791
0 0.482319 0.808453 0.004112 0.012590
0 0.675164 0.565647 0.004934 0.012590
0 0.385280 0.873201 0.004112 0.008993
0 0.507401 0.291367 0.006579 0.014389
0 0.285773 0.478417 0.007401 0.010791
0 0.668174 0.240108 0.004112 0.012590
0 0.428454 0.258993 0.004934 0.010791
0 0.886513 0.394784 0.004934 0.012590
0 0.597039 0.285971 0.004934 0.010791
0 0.870477 0.400180 0.005757 0.012590
0 0.678454 0.661870 0.006579 0.010791
0 0.567845 0.812050 0.007401 0.012590
0 0.413240 0.093525 0.007401 0.017986
