0 0.783717 0.300360 0.009868 0.017986
0 0.923109 0.251799 0.007401 0.017986
0 0.665707 0.813849 0.007401 0.016187
0 0.686266 0.942446 0.007401 0.014388
0 0.247533 0.799460 0.008224 0.019784
0 0.578536 0.841727 0.010691 0.017986
0 0.773849 0.108813 0.009868 0.023381
0 0.749178 0.985611 0.009868 0.021583
0 0.799753 0.148381 0.012335 0.026978
0 0.827714 0.359712 0.010691 0.025180
0 0.295230 0.155576 0.011513 0.023381
0 0.835526 0.624101 0.011513 0.025180
0 0.724507 0.419964 0.029605 0.052158
0 0.475329 0.884892 0.021382 0.050360
0 0.824424 0.013489 0.022204 0.026978
0 0.731086 0.493705 0.018092 0.034173
0 0.920641 0.674460 0.018914 0.028777
0 0.768503 0.053957 0.015625 0.032374
0 0.682977 0.979317 0.040296 0.037770
0 0.742188 0.526079 0.025493 0.030575
0 0.219161 0.974820 0.033717 0.035971
0 0.207648 0.926259 0.038651 0.071942
0 0.223684 0.544065 0.023026 0.044964
0 0.661184 0.018885 0.026316 0.037770
0 0.559622 0.747302 0.025493 0.041367
0 0.312500 0.774281 0.031250 0.070144
0 0.599918 0.916367 0.025493 0.055755
0 0.703536 0.043166 0.017270 0.071942
0 0.370888 0.170863 0.018092 0.039568
0 0.305099 0.395683 0.021382 0.043166
0 0.623355 0.842626 0.018092 0.044964
0 0.266859 0.261691 0.027138 0.052158
0 0.518092 0.977518 0.021382 0.041367
0 0.538651 0.692446 0.027960 0.061151
0 0.266036 0.200540 0.033717 0.055755
0 0.293586 0.262590 0.031250 0.064748
0 0.644737 0.048561 0.036184 0.053957
0 0.276316 0.041367 0.054276 0.082734
0 0.780428 0.532374 0.024671 0.039568
0 0.581826 0.123201 0.022204 0.055755
0 0.754112 0.022482 0.041118 0.044964
0 0.263158 0.338129 0.067434 0.107914
0 0.876645 0.504496 0.031250 0.070144
0 0.712993 0.964928 0.032895 0.062950
0 0.157484 0.604317 0.040296 0.064748
0 0.251645 0.976619 0.034539 0.046763
0 0.197780 0.625899 0.038651 0.068345
0 0.925164 0.737410 0.026316 0.046763
0 0.784539 0.239209 0.027960 0.057554
0 0.569901 0.408273 0.024671 0.057554
0 0.631990 0.279676 0.027138 0.062950
0 0.265214 0.610611 0.027138 0.048561
0 0.407072 0.843525 0.044408 0.053957
0 0.255345 0.663669 0.033717 0.061151
0 0.757401 0.837230 0.032895 0.044964
0 0.605674 0.316547 0.027138 0.064748
0 0.085526 0.039568 0.049342 0.079137
0 0.620066 0.206835 0.034540 0.057554
0 0.816201 0.277878 0.027138 0.059352
0 0.151316 0.194245 0.032895 0.086331
0 0.078536 0.839928 0.033717 0.057554
0 0.282484 0.718525 0.023849 0.052158
0 0.524671 0.162770 0.031250 0.059352
0 0.592928 0.614209 0.031250 0.070144
0 0.659128 0.123201 0.028783 0.044964
0 0.296875 0.976619 0.024671 0.046763
0 0.236020 0.917266 0.027961 0.075540
0 0.097451 0.755396 0.056743 0.104317
0 0.388980 0.784173 0.034539 0.053957
0 0.491365 0.739209 0.030428 0.061151
0 0.439556 0.750000 0.043586 0.071942
0 0.607319 0.558453 0.030428 0.080935
0 0.858141 0.261691 0.060033 0.088129
0 0.321957 0.233813 0.032072 0.053957
0 0.333470 0.559353 0.048520 0.143885
0 0.547697 0.185252 0.029605 0.079137
0 0.488898 0.509892 0.055099 0.138489
0 0.316201 0.655576 0.004112 0.012590
0 0.805099 0.195144 0.003289 0.008993
0 0.747533 0.775180 0.003289 0.007194
0 0.218750 0.068345 0.003289 0.010791
0 0.664885 0.064748 0.004112 0.010791
0 0.340049 0.737410 0.004112 0.010791
0 0.165296 0.693345 0.003289 0.008993
0 0.239720 0.198741 0.005757 0.026978
0 0.434211 0.392086 0.003289 0.010791
0 0.626234 0.720324 0.004112 0.012590
0 0.333882 0.937050 0.003289 0.010791
0 0.575247 0.172662 0.004112 0.010791
0 0.620477 0.717626 0.005757 0.014388
0 0.800164 0.819245 0.003289 0.012590
0 0.642270 0.666367 0.003289 0.008993
0 0.568668 0.901978 0.004112 0.012590
0 0.317434 0.971223 0.003289 0.010791
0 0.499589 0.330935 0.004112 0.010791
0 0.060855 0.039568 0.004934 0.028777
0 0.235609 0.813849 0.004112 0.008993
0 0.535362 0.026978 0.004934 0.010791
0 0.322780 0.168165 0.004112 0.008993
0 0.187911 0.372302 0.004112 0.010791
0 0.209704 0.760791 0.004934 0.014388
0 0.784539 0.666367 0.004934 0.012590
0 0.328536 0.106115 0.004112 0.014388
0 0.541530 0.519784 0.004112 0.010791
0 0.410773 0.674460 0.004112 0.010791
0 0.342105 0.033273 0.006579 0.008993
0 0.542352 0.879496 0.004112 0.014388
0 0.695724 0.006295 0.006579 0.012590
0 0.228618 0.008094 0.004934 0.012590
0 0.175987 0.826439 0.006579 0.008993
0 0.156250 0.928957 0.004934 0.008993
0 0.782072 0.836331 0.008224 0.010791
0 0.407895 0.496403 0.008224 0.017986
0 0.531661 0.304856 0.007401 0.012590
0 0.802632 0.605216 0.008224 0.012590
0 0.679688 0.334532 0.005757 0.017986
0 0.665707 0.371403 0.007401 0.016187
