0 0.449013 0.988309 0.018092 0.023381
0 0.462993 0.334532 0.023026 0.053957
0 0.501645 0.985611 0.027960 0.025180
0 0.629112 0.012590 0.021382 0.025180
0 0.263569 0.986511 0.023849 0.026978
0 0.604030 0.982014 0.037007 0.032374
0 0.473684 0.525180 0.039474 0.068345
0 0.280016 0.458633 0.035362 0.061151
0 0.869243 0.626799 0.018092 0.030575
0 0.652549 0.441547 0.022204 0.044964
0 0.853618 0.937950 0.027961 0.048561
0 0.315378 0.146583 0.020559 0.037770
0 0.439145 0.962230 0.021382 0.043165
0 0.879112 0.017086 0.027961 0.034173
0 0.747122 0.127698 0.027138 0.035971
0 0.325658 0.442446 0.046053 0.082734
0 0.356497 0.454137 0.025493 0.059353
0 0.277961 0.214928 0.024671 0.059352
0 0.674342 0.427158 0.024671 0.041367
0 0.880757 0.980216 0.034539 0.039568
0 0.858964 0.901978 0.018914 0.037770
0 0.438322 0.355216 0.021382 0.044964
0 0.375000 0.757194 0.055921 0.061151
0 0.420230 0.845324 0.018092 0.046763
0 0.375411 0.533273 0.041941 0.102518
0 0.100740 0.125000 0.025493 0.037770
0 0.446957 0.777878 0.017270 0.041367
0 0.916118 0.197842 0.026316 0.043165
0 0.306743 0.511691 0.034540 0.062950
0 0.836760 0.978417 0.028783 0.039568
0 0.812500 0.423561 0.034540 0.059352
0 0.432977 0.604317 0.035362 0.061151
0 0.450247 0.270683 0.025493 0.048561
0 0.623355 0.467626 0.032895 0.057554
0 0.572780 0.188849 0.033717 0.046763
0 0.381579 0.387590 0.031250 0.055755
0 0.903783 0.607014 0.032895 0.055755
0 0.636513 0.930755 0.027960 0.070144
0 0.803043 0.722122 0.046875 0.066547
0 0.176809 0.340827 0.046053 0.113309
0 0.613898 0.812950 0.025493 0.046763
0 0.802220 0.230216 0.041941 0.089928
0 0.678865 0.192446 0.038651 0.068345
0 0.833470 0.256295 0.025493 0.048561
0 0.798109 0.573741 0.028783 0.053957
0 0.398438 0.241906 0.025493 0.048561
0 0.856497 0.550360 0.025493 0.043166
0 0.676809 0.660971 0.050987 0.113309
0 0.468339 0.462230 0.027138 0.068345
0 0.789885 0.973022 0.022204 0.050360
0 0.254112 0.437950 0.029605 0.062950
0 0.751645 0.785971 0.036184 0.071942
0 0.523438 0.077338 0.028783 0.071942
0 0.847039 0.817446 0.029605 0.084532
0 0.916530 0.479317 0.051809 0.073741
0 0.351151 0.867806 0.027960 0.073741
0 0.618421 0.571942 0.050987 0.100719
0 0.342516 0.554856 0.040296 0.080935
0 0.541118 0.741007 0.032895 0.061151
0 0.477796 0.190647 0.057566 0.111511
0 0.806332 0.873201 0.038651 0.073741
0 0.285362 0.345324 0.046053 0.082734
0 0.444079 0.133993 0.037829 0.091727
0 0.159128 0.187950 0.004112 0.008993
0 0.335938 0.230216 0.004112 0.010791
0 0.278783 0.947842 0.003289 0.010791
0 0.189556 0.535072 0.005757 0.012590
0 0.328536 0.919065 0.004112 0.010791
0 0.578947 0.980216 0.003289 0.010791
0 0.661184 0.852518 0.003289 0.010791
0 0.871711 0.072842 0.003289 0.008993
0 0.559622 0.686151 0.004112 0.008993
0 0.565789 0.627698 0.003289 0.010791
0 0.492599 0.626799 0.003289 0.008993
0 0.404605 0.197842 0.003289 0.010791
0 0.604030 0.132194 0.004112 0.008993
0 0.335938 0.303058 0.004112 0.008993
0 0.149671 0.249101 0.003289 0.008993
0 0.345395 0.045863 0.004934 0.008993
0 0.173931 0.080935 0.004112 0.010791
0 0.745888 0.258094 0.003289 0.012590
0 0.215461 0.570144 0.004934 0.010791
0 0.638569 0.719424 0.004112 0.010791
0 0.614309 0.740108 0.003289 0.008993
0 0.368832 0.127698 0.004112 0.010791
0 0.706414 0.107914 0.003289 0.010791
0 0.075247 0.207734 0.004112 0.008993
0 0.440378 0.858813 0.004112 0.008993
0 0.478618 0.066547 0.004934 0.010791
0 0.421053 0.886691 0.004934 0.010791
0 0.615132 0.185252 0.004934 0.010791
0 0.691612 0.920863 0.003289 0.010791
0 0.237253 0.613309 0.004112 0.010791
0 0.463816 0.908273 0.003289 0.010791
0 0.254523 0.908273 0.004112 0.010791
0 0.710115 0.312050 0.004112 0.008993
0 0.595806 0.436151 0.007401 0.012590
0 0.186266 0.890288 0.004112 0.014388
0 0.381168 0.093525 0.004112 0.010791
0 0.699836 0.566547 0.004934 0.014388
0 0.514803 0.504496 0.006579 0.008993
0 0.810444 0.478417 0.004112 0.010791
0 0.331003 0.646583 0.005757 0.012590
0 0.196546 0.143885 0.006579 0.010791
0 0.698602 0.377698 0.005757 0.014389
0 0.774260 0.046763 0.007401 0.010791
0 0.773849 0.719424 0.006579 0.014388
0 0.418174 0.385791 0.007401 0.012590
0 0.482319 0.129496 0.005757 0.017986
0 0.449013 0.065647 0.004934 0.016187
