0 0.724918 0.112410 0.009046 0.016187
0 0.271382 0.933453 0.008224 0.017986
0 0.288651 0.768885 0.008224 0.019784
0 0.209293 0.990108 0.020559 0.016187
0 0.418174 0.264389 0.009046 0.021583
0 0.379934 0.910072 0.009868 0.028777
0 0.293174 0.784173 0.012336 0.021583
0 0.608964 0.722122 0.009046 0.026978
0 0.361020 0.064748 0.009868 0.021583
0 0.726151 0.692446 0.027960 0.064748
0 0.745477 0.706835 0.023849 0.043166
0 0.835115 0.084532 0.017270 0.068345
0 0.532484 0.791367 0.017270 0.032374
0 0.273026 0.704137 0.011513 0.030575
0 0.642681 0.550360 0.013980 0.035971
0 0.574836 0.015288 0.014803 0.030575
0 0.338816 0.119604 0.026316 0.062950
0 0.727385 0.197842 0.015625 0.032374
0 0.197780 0.415468 0.015625 0.032374
0 0.180921 0.982014 0.026316 0.032374
0 0.710938 0.280576 0.030428 0.061151
0 0.156250 0.961331 0.032895 0.044964
0 0.658306 0.980216 0.028783 0.035971
0 0.239309 0.476619 0.024671 0.068345
0 0.504523 0.235612 0.023849 0.039568
0 0.248355 0.408273 0.039474 0.043166
0 0.771382 0.923561 0.018092 0.048561
0 0.581826 0.849820 0.027138 0.052158
0 0.191201 0.856115 0.018915 0.046763
0 0.397615 0.455036 0.030428 0.057554
0 0.431743 0.234712 0.027961 0.059353
0 0.584293 0.528777 0.025493 0.050360
0 0.652138 0.446942 0.023026 0.062950
0 0.682155 0.159173 0.027138 0.052158
0 0.381990 0.511691 0.027138 0.066547
0 0.442023 0.752698 0.028783 0.066547
0 0.868010 0.106115 0.048520 0.064748
0 0.513569 0.737410 0.023849 0.050360
0 0.807977 0.529676 0.032072 0.055755
0 0.368421 0.250899 0.036184 0.059353
0 0.467516 0.066547 0.025493 0.061151
0 0.655428 0.906475 0.029605 0.050360
0 0.345806 0.083633 0.022204 0.048561
0 0.589638 0.780576 0.026316 0.043166
0 0.118010 0.905576 0.025493 0.041367
0 0.489720 0.761691 0.028783 0.048561
0 0.625411 0.539568 0.023849 0.050360
0 0.508224 0.519784 0.041118 0.079137
0 0.549342 0.838130 0.057566 0.111511
0 0.733553 0.749101 0.027960 0.052158
0 0.842516 0.809353 0.030428 0.061151
0 0.191201 0.494604 0.038651 0.082734
0 0.359375 0.196043 0.029605 0.068345
0 0.686678 0.919065 0.027960 0.043165
0 0.351974 0.944245 0.031250 0.089928
0 0.789062 0.272482 0.027138 0.070144
0 0.697368 0.204137 0.032895 0.055755
0 0.228207 0.368705 0.027138 0.050360
0 0.675164 0.043166 0.031250 0.057554
0 0.897615 0.673561 0.027138 0.059353
0 0.476974 0.330036 0.032895 0.073741
0 0.696546 0.508094 0.031250 0.052158
0 0.386513 0.191547 0.027960 0.070144
0 0.256168 0.094425 0.035362 0.084532
0 0.194079 0.917266 0.034540 0.086331
0 0.641859 0.035971 0.025493 0.071942
0 0.316201 0.960432 0.037007 0.079137
0 0.486020 0.483813 0.036184 0.082734
0 0.590049 0.900180 0.027138 0.073741
0 0.573602 0.616906 0.004112 0.014388
0 0.832237 0.216727 0.004934 0.012590
0 0.818257 0.665468 0.004934 0.010791
0 0.560444 0.296763 0.004112 0.014389
0 0.703536 0.747302 0.004112 0.008993
0 0.543997 0.033273 0.004112 0.016187
0 0.696135 0.866007 0.004112 0.008993
0 0.444490 0.841727 0.004112 0.010791
0 0.479441 0.919964 0.003289 0.008993
0 0.397615 0.958633 0.004112 0.010791
0 0.631168 0.391187 0.005757 0.008993
0 0.293174 0.169065 0.004112 0.010791
0 0.576069 0.502698 0.007401 0.012590
0 0.431743 0.168165 0.003289 0.008993
0 0.782895 0.031475 0.004934 0.012590
0 0.667352 0.708633 0.004112 0.010791
0 0.501234 0.900180 0.004112 0.008993
0 0.562089 0.177158 0.004112 0.012590
0 0.766447 0.523381 0.004934 0.010791
0 0.617188 0.804856 0.005757 0.012590
0 0.604441 0.642086 0.003289 0.014388
0 0.138569 0.733813 0.005757 0.014388
0 0.365954 0.123201 0.004934 0.012590
0 0.541118 0.352518 0.004934 0.014389
0 0.449424 0.047662 0.005757 0.012590
0 0.848684 0.938849 0.006579 0.010791
0 0.621711 0.232014 0.006579 0.010791
0 0.787418 0.149281 0.005757 0.010791
0 0.683799 0.749101 0.004112 0.012590
0 0.347451 0.165468 0.005757 0.021583
0 0.358964 0.698741 0.005757 0.012590
0 0.775905 0.330935 0.004112 0.014389
0 0.417352 0.774281 0.007401 0.016187
0 0.408306 0.529676 0.007401 0.012590
0 0.519326 0.589928 0.005757 0.017986
0 0.706826 0.956835 0.005757 0.017986
0 0.334704 0.171763 0.006579 0.019784
0 0.792763 0.876799 0.006579 0.016187
