0 0.555099 0.572842 0.009868 0.019784
0 0.458470 0.008993 0.017270 0.017986
0 0.773026 0.642086 0.009868 0.017986
0 0.630757 0.395683 0.008224 0.017986
0 0.479030 0.889389 0.007401 0.019784
0 0.314967 0.009892 0.034539 0.019784
0 0.432977 0.991007 0.018915 0.017986
0 0.601974 0.193345 0.008224 0.023381
0 0.823191 0.595324 0.009868 0.017986
0 0.613076 0.008993 0.022204 0.017986
0 0.473273 0.870504 0.010691 0.028777
0 0.228618 0.010791 0.027960 0.021583
0 0.262336 0.688849 0.016447 0.039568
0 0.474918 0.935252 0.022204 0.061151
0 0.560444 0.266187 0.013980 0.028777
0 0.411595 0.063849 0.020559 0.062950
0 0.350740 0.444245 0.025493 0.057554
0 0.552220 0.983813 0.033717 0.032374
0 0.464638 0.416367 0.014803 0.026978
0 0.926809 0.142086 0.027961 0.050360
0 0.887336 0.446942 0.034539 0.070144
0 0.846628 0.446043 0.061678 0.104317
0 0.442023 0.761691 0.022204 0.070144
0 0.593339 0.457734 0.028783 0.048561
0 0.462171 0.741906 0.023026 0.044964
0 0.807155 0.294065 0.022204 0.041367
0 0.825247 0.928058 0.020559 0.061151
0 0.437089 0.284173 0.030428 0.061151
0 0.645970 0.888489 0.015625 0.039568
0 0.713816 0.678957 0.027960 0.070144
0 0.423109 0.777878 0.018914 0.059353
0 0.299342 0.259892 0.023026 0.048561
0 0.728618 0.709532 0.026316 0.066547
0 0.232319 0.837230 0.023849 0.044964
0 0.662418 0.044964 0.022204 0.046763
0 0.469984 0.688849 0.032072 0.057554
0 0.345806 0.494604 0.025493 0.061151
0 0.460526 0.798561 0.027960 0.071942
0 0.581414 0.080935 0.032895 0.053957
0 0.729852 0.519784 0.033717 0.061151
0 0.787829 0.414568 0.039474 0.070144
0 0.745888 0.168165 0.026316 0.062950
0 0.666530 0.536870 0.025493 0.052158
0 0.077714 0.504496 0.030428 0.044964
0 0.520559 0.446942 0.026316 0.048561
0 0.691201 0.636691 0.038651 0.107914
0 0.780428 0.590827 0.027960 0.048561
0 0.779194 0.085432 0.041941 0.070144
0 0.388569 0.922662 0.025493 0.071942
0 0.626645 0.888489 0.026316 0.050360
0 0.579359 0.391187 0.051809 0.102518
0 0.716283 0.834532 0.029605 0.061151
0 0.642681 0.706835 0.040296 0.057554
0 0.323602 0.422662 0.028783 0.068345
0 0.390625 0.345324 0.023026 0.050360
0 0.564556 0.756295 0.025493 0.077338
0 0.627878 0.836331 0.038651 0.068345
0 0.587993 0.670863 0.032895 0.046763
0 0.548109 0.159173 0.028783 0.066547
0 0.785362 0.346223 0.032895 0.052158
0 0.104852 0.884892 0.046875 0.100719
0 0.257401 0.468525 0.037829 0.070144
0 0.745066 0.255396 0.026316 0.064748
0 0.179688 0.612410 0.043585 0.077338
0 0.201891 0.265288 0.035362 0.070144
0 0.818668 0.352518 0.035362 0.075540
0 0.682155 0.058453 0.027138 0.052158
0 0.148026 0.847122 0.044408 0.093525
0 0.735197 0.050360 0.052632 0.100719
0 0.328536 0.960432 0.033717 0.075540
0 0.690378 0.344424 0.030428 0.066547
0 0.687911 0.511691 0.032072 0.073741
0 0.140625 0.144784 0.041118 0.073741
0 0.284951 0.424460 0.023849 0.061151
0 0.381990 0.141187 0.023849 0.066547
0 0.388980 0.794964 0.029605 0.079137
0 0.291118 0.164568 0.055921 0.098921
0 0.783306 0.881295 0.038651 0.082734
0 0.563734 0.207734 0.032072 0.055755
0 0.427632 0.410072 0.027961 0.075540
0 0.168174 0.212230 0.041941 0.086331
0 0.647204 0.789568 0.041118 0.097122
0 0.583882 0.231115 0.023026 0.052158
0 0.186678 0.103417 0.003289 0.008993
0 0.660362 0.646583 0.006579 0.012590
0 0.628701 0.669964 0.005757 0.012590
0 0.560855 0.883993 0.003289 0.008993
0 0.591283 0.564748 0.003289 0.010791
0 0.228207 0.400180 0.004112 0.008993
0 0.705592 0.885791 0.003289 0.012590
0 0.542352 0.453237 0.004112 0.010791
0 0.424342 0.571942 0.004934 0.010791
0 0.650905 0.596223 0.005757 0.008993
0 0.599095 0.892986 0.004112 0.012590
0 0.649260 0.364209 0.004112 0.008993
0 0.499589 0.642086 0.004112 0.010791
0 0.594161 0.954137 0.005757 0.012590
0 0.797697 0.475719 0.003289 0.012590
0 0.201069 0.227518 0.007401 0.019784
0 0.648438 0.292266 0.004112 0.012590
0 0.658306 0.111511 0.004112 0.010791
0 0.759046 0.570144 0.004934 0.010791
0 0.658306 0.273381 0.004112 0.010791
0 0.267681 0.309353 0.005757 0.010791
0 0.554688 0.057554 0.004112 0.010791
0 0.764803 0.584532 0.006579 0.010791
0 0.569079 0.834532 0.003289 0.010791
0 0.566612 0.005396 0.003289 0.010791
0 0.429688 0.501799 0.004112 0.010791
0 0.822368 0.536870 0.004934 0.008993
0 0.743832 0.378597 0.004112 0.008993
0 0.246711 0.257194 0.003289 0.014389
0 0.580592 0.011691 0.006579 0.012590
0 0.446957 0.006295 0.022204 0.012590
0 0.440789 0.963130 0.004934 0.008993
0 0.406661 0.760791 0.004112 0.010791
0 0.622533 0.946043 0.003289 0.010791
0 0.595395 0.205036 0.004934 0.014388
0 0.664885 0.128597 0.005757 0.008993
0 0.625822 0.625899 0.004934 0.010791
0 0.655839 0.439748 0.004112 0.012590
0 0.346217 0.395683 0.006579 0.010791
0 0.619243 0.431655 0.006579 0.010791
0 0.534128 0.740108 0.005757 0.012590
0 0.743010 0.842626 0.007401 0.012590
0 0.592105 0.734712 0.006579 0.016187
0 0.573191 0.173561 0.006579 0.023381
0 0.560033 0.462230 0.004934 0.014388
0 0.060855 0.509892 0.006579 0.016187
0 0.800576 0.784173 0.005757 0.014388
0 0.610609 0.673561 0.012335 0.041367
0 0.507812 0.955036 0.007401 0.010791
0 0.201069 0.727518 0.005757 0.012590
0 0.691612 0.148381 0.004934 0.012590
0 0.658306 0.983813 0.007401 0.010791
0 0.244243 0.178058 0.004934 0.014388
0 0.578947 0.919065 0.006579 0.010791
0 0.689967 0.937950 0.006579 0.012590
0 0.489309 0.952338 0.004934 0.016187
0 0.614720 0.044964 0.005757 0.017986
0 0.603618 0.927158 0.004934 0.019784
0 0.188734 0.537770 0.007401 0.017986
0 0.745066 0.618705 0.006579 0.014388
0 0.364309 0.873201 0.008224 0.012590
0 0.278783 0.163669 0.027961 0.075540
