0 0.238487 0.202338 0.009868 0.023381
0 0.476151 0.909173 0.009868 0.023381
0 0.844572 0.326439 0.008224 0.016187
0 0.114720 0.798561 0.009046 0.017986
0 0.618421 0.178957 0.009868 0.016187
0 0.217105 0.169065 0.013158 0.021583
0 0.773438 0.480216 0.012335 0.028777
0 0.759457 0.619604 0.012335 0.023381
0 0.508224 0.792266 0.011513 0.026978
0 0.722039 0.351619 0.013158 0.023381
0 0.513980 0.987410 0.029605 0.025180
0 0.270559 0.067446 0.011513 0.030575
0 0.686678 0.419964 0.027960 0.098921
0 0.531250 0.683453 0.014803 0.035971
0 0.493832 0.942446 0.018915 0.032374
0 0.339227 0.516187 0.022204 0.032374
0 0.578947 0.585432 0.016447 0.041367
0 0.525905 0.091727 0.030428 0.075540
0 0.916941 0.023381 0.027961 0.039568
0 0.141036 0.016187 0.028783 0.032374
0 0.854030 0.426259 0.028783 0.046763
0 0.555510 0.534173 0.028783 0.064748
0 0.658306 0.980216 0.028783 0.035971
0 0.302632 0.595324 0.026316 0.061151
0 0.546464 0.499101 0.018915 0.055755
0 0.206003 0.018885 0.027138 0.037770
0 0.274260 0.716727 0.037007 0.077338
0 0.354441 0.140288 0.027961 0.046763
0 0.786595 0.948741 0.020559 0.048561
0 0.726974 0.802158 0.024671 0.061151
0 0.372533 0.184353 0.027961 0.059352
0 0.605263 0.314748 0.023026 0.043166
0 0.823602 0.768885 0.027138 0.055755
0 0.330181 0.186151 0.023849 0.062950
0 0.443257 0.507194 0.027960 0.061151
0 0.501645 0.486511 0.021382 0.052158
0 0.454359 0.442446 0.032072 0.050360
0 0.798931 0.616007 0.035362 0.055755
0 0.526727 0.564748 0.022204 0.057554
0 0.817434 0.549460 0.034540 0.059353
0 0.817023 0.272482 0.033717 0.059352
0 0.515625 0.033273 0.031250 0.066547
0 0.357319 0.813849 0.032072 0.059353
0 0.688734 0.889389 0.032072 0.066547
0 0.539885 0.955036 0.020559 0.046763
0 0.197780 0.299460 0.032072 0.077338
0 0.169408 0.312050 0.029605 0.062950
0 0.564967 0.016187 0.024671 0.032374
0 0.372122 0.318345 0.025493 0.057554
0 0.444079 0.746403 0.031250 0.050360
0 0.427632 0.388489 0.032895 0.082734
0 0.074013 0.901079 0.023026 0.046763
0 0.076069 0.817446 0.033717 0.055755
0 0.603207 0.949640 0.055099 0.075540
0 0.766447 0.716727 0.034540 0.066547
0 0.175987 0.242806 0.039474 0.068345
0 0.479441 0.795863 0.023026 0.052158
0 0.470806 0.972122 0.051809 0.055755
0 0.108141 0.508094 0.033717 0.052158
0 0.669408 0.167266 0.024671 0.064748
0 0.467516 0.304856 0.027138 0.070144
0 0.202303 0.376799 0.046053 0.088129
0 0.516859 0.654676 0.027138 0.075540
0 0.257812 0.589029 0.020559 0.062950
0 0.720395 0.674460 0.024671 0.086331
0 0.293997 0.834532 0.041941 0.064748
0 0.779194 0.777878 0.025493 0.059353
0 0.696135 0.746403 0.038651 0.093525
0 0.205181 0.529676 0.033717 0.066547
0 0.208059 0.653777 0.037829 0.077338
0 0.237664 0.758094 0.044408 0.088129
0 0.229441 0.098921 0.046053 0.097122
0 0.732319 0.209532 0.040296 0.073741
0 0.431743 0.934353 0.047697 0.088129
0 0.381990 0.512590 0.048520 0.107914
0 0.818668 0.432554 0.046875 0.106115
0 0.170641 0.119604 0.004112 0.012590
0 0.264391 0.455935 0.004112 0.016187
0 0.176809 0.167266 0.003289 0.010791
0 0.633635 0.375000 0.005757 0.012590
0 0.221628 0.328237 0.004112 0.012590
0 0.060855 0.806655 0.004934 0.030575
0 0.557155 0.690647 0.004112 0.010791
0 0.177220 0.034173 0.004112 0.007194
0 0.660362 0.379496 0.004934 0.010791
0 0.303454 0.691547 0.003289 0.008993
0 0.246299 0.296763 0.004112 0.010791
0 0.772615 0.080935 0.004112 0.010791
0 0.151727 0.085432 0.005757 0.012590
0 0.641036 0.013489 0.005757 0.008993
0 0.526316 0.704137 0.004934 0.016187
0 0.414474 0.719424 0.003289 0.014388
0 0.702714 0.475719 0.004112 0.016187
0 0.718339 0.570144 0.005757 0.014388
0 0.717928 0.142986 0.006579 0.012590
0 0.163240 0.192446 0.005757 0.014388
0 0.589638 0.582734 0.006579 0.017986
0 0.407072 0.142086 0.004934 0.010791
0 0.606497 0.146583 0.004112 0.016187
0 0.402138 0.993705 0.013158 0.008993
0 0.697368 0.047662 0.004934 0.012590
0 0.662829 0.933453 0.004934 0.014388
0 0.538240 0.453237 0.005757 0.014389
0 0.688734 0.046763 0.007401 0.017986
0 0.367599 0.075540 0.008224 0.014388
0 0.483964 0.018885 0.005757 0.016187
0 0.352385 0.913669 0.005757 0.014388
