0 0.282072 0.050360 0.009868 0.021583
0 0.211349 0.008094 0.027960 0.016187
0 0.208470 0.741906 0.010691 0.019784
0 0.471628 0.507194 0.010691 0.025180
0 0.379112 0.647482 0.013158 0.025180
0 0.269737 0.394784 0.018092 0.019784
0 0.567434 0.705036 0.009868 0.032374
0 0.074424 0.015288 0.018915 0.030575
0 0.411184 0.612410 0.026316 0.052158
0 0.445724 0.432554 0.011513 0.030575
0 0.326069 0.271583 0.015625 0.039568
0 0.482319 0.982014 0.023849 0.028777
0 0.265214 0.032374 0.025493 0.050360
0 0.740132 0.421763 0.032895 0.091727
0 0.175164 0.032374 0.054276 0.064748
0 0.684211 0.040468 0.014803 0.044964
0 0.318668 0.689748 0.030428 0.062950
0 0.696957 0.391187 0.027138 0.098921
0 0.700247 0.620504 0.020559 0.039568
0 0.714638 0.472122 0.049342 0.116906
0 0.652549 0.746403 0.020559 0.064748
0 0.731908 0.080935 0.026316 0.053957
0 0.861842 0.934353 0.032895 0.073741
0 0.314556 0.897482 0.023849 0.061151
0 0.717928 0.371403 0.027960 0.073741
0 0.844161 0.712230 0.030428 0.053957
0 0.288240 0.720324 0.041941 0.095324
0 0.514803 0.405576 0.021382 0.048561
0 0.484375 0.582734 0.047697 0.068345
0 0.629112 0.814748 0.027960 0.061151
0 0.912418 0.160971 0.023849 0.059353
0 0.078125 0.321043 0.029605 0.066547
0 0.778783 0.470324 0.029605 0.059353
0 0.355263 0.868705 0.029605 0.057554
0 0.178454 0.567446 0.031250 0.044964
0 0.420230 0.865108 0.036184 0.075540
0 0.918586 0.382194 0.031250 0.062950
0 0.184211 0.649281 0.044408 0.075540
0 0.375411 0.973921 0.023849 0.044964
0 0.356086 0.275180 0.023026 0.050360
0 0.841283 0.830036 0.027960 0.062950
0 0.666530 0.280576 0.028783 0.057554
0 0.689556 0.568345 0.025493 0.061151
0 0.534951 0.201439 0.030428 0.064748
0 0.081415 0.064748 0.026316 0.046763
0 0.404194 0.969424 0.037007 0.053957
0 0.425987 0.915468 0.029605 0.057554
0 0.593750 0.797662 0.029605 0.059353
0 0.319490 0.025180 0.035362 0.050360
0 0.734375 0.551259 0.042763 0.106115
0 0.513158 0.847122 0.032895 0.061151
0 0.502467 0.627698 0.027960 0.064748
0 0.550164 0.898381 0.027960 0.066547
0 0.201480 0.128597 0.034539 0.077338
0 0.275905 0.485611 0.028783 0.057554
0 0.285362 0.817446 0.026316 0.073741
0 0.185033 0.759892 0.044408 0.084532
0 0.388158 0.927158 0.026316 0.048561
0 0.581003 0.367806 0.043585 0.070144
0 0.337171 0.086331 0.050987 0.104317
0 0.333470 0.618705 0.030428 0.068345
0 0.917763 0.890288 0.034539 0.075540
0 0.390625 0.217626 0.037829 0.082734
0 0.139803 0.186151 0.052632 0.113309
0 0.469984 0.697842 0.046875 0.097122
0 0.258224 0.301259 0.044408 0.098921
0 0.768914 0.089029 0.039474 0.091727
0 0.661184 0.384892 0.003289 0.010791
0 0.337993 0.006295 0.004934 0.012590
0 0.443257 0.279676 0.004934 0.008993
0 0.241776 0.095324 0.003289 0.010791
0 0.587171 0.902878 0.004934 0.010791
0 0.276316 0.006295 0.004934 0.012590
0 0.520970 0.439748 0.007401 0.016187
0 0.296875 0.365108 0.003289 0.010791
0 0.493421 0.429856 0.004934 0.010791
0 0.859786 0.300360 0.004112 0.010791
0 0.699013 0.223921 0.004934 0.008993
0 0.684211 0.968525 0.004934 0.008993
0 0.665296 0.332734 0.004934 0.010791
0 0.704359 0.812050 0.004112 0.008993
0 0.566201 0.319245 0.004112 0.012590
0 0.536595 0.517986 0.004112 0.014388
0 0.775082 0.660971 0.004112 0.008993
0 0.379112 0.457734 0.004934 0.012590
0 0.254934 0.180755 0.003289 0.008993
0 0.375822 0.476619 0.003289 0.010791
0 0.840049 0.291367 0.005757 0.010791
0 0.553865 0.665468 0.004112 0.014388
0 0.416941 0.061151 0.004934 0.010791
0 0.668586 0.681655 0.004934 0.010791
0 0.631579 0.270683 0.004934 0.008993
0 0.397615 0.447842 0.005757 0.014389
0 0.372533 0.761691 0.004934 0.008993
0 0.513158 0.587230 0.004934 0.012590
0 0.622122 0.282374 0.004112 0.014389
0 0.589227 0.740108 0.004112 0.012590
0 0.557977 0.761691 0.005757 0.008993
0 0.597451 0.885791 0.004112 0.016187
0 0.435855 0.439748 0.004934 0.016187
0 0.539474 0.592626 0.004934 0.012590
0 0.322780 0.776079 0.005757 0.008993
0 0.324836 0.347122 0.004934 0.010791
0 0.712171 0.651978 0.004934 0.012590
0 0.578536 0.679856 0.005757 0.010791
0 0.428043 0.801259 0.009046 0.012590
0 0.570312 0.737410 0.005757 0.014388
0 0.603618 0.575540 0.004934 0.014388
0 0.831826 0.422662 0.005757 0.010791
0 0.220806 0.493705 0.007401 0.019784
0 0.876234 0.422662 0.007401 0.010791
0 0.696957 0.910971 0.005757 0.012590
0 0.612664 0.110612 0.006579 0.012590
0 0.739309 0.877698 0.006579 0.010791
0 0.725329 0.987410 0.004934 0.017986
0 0.678865 0.789568 0.005757 0.014388
0 0.405428 0.275180 0.008224 0.010791
0 0.206414 0.422662 0.006579 0.014389
0 0.518914 0.697842 0.006579 0.014388
0 0.518914 0.506295 0.006579 0.016187
