0 0.396382 0.479317 0.006579 0.019784
0 0.826480 0.006295 0.018092 0.012590
0 0.811678 0.433453 0.013158 0.025180
0 0.330592 0.396583 0.009868 0.023381
0 0.655839 0.521583 0.012335 0.025180
0 0.817845 0.107914 0.013980 0.021583
0 0.715872 0.191547 0.010691 0.030575
0 0.199424 0.580036 0.023849 0.059353
0 0.293997 0.447842 0.025493 0.053957
0 0.819490 0.319245 0.013980 0.030575
0 0.842928 0.690647 0.029605 0.035971
0 0.697368 0.760791 0.014803 0.025180
0 0.650493 0.913669 0.016447 0.028777
0 0.920641 0.844424 0.015625 0.030575
0 0.613076 0.395683 0.020559 0.039568
0 0.222451 0.536870 0.022204 0.052158
0 0.269326 0.016187 0.030428 0.032374
0 0.648438 0.044065 0.020559 0.041367
0 0.180510 0.543165 0.028783 0.061151
0 0.733141 0.517086 0.015625 0.044964
0 0.210938 0.503597 0.030428 0.071942
0 0.074835 0.850719 0.029605 0.075540
0 0.715872 0.692446 0.020559 0.046763
0 0.501234 0.959532 0.025493 0.044964
0 0.727796 0.619604 0.024671 0.052158
0 0.403372 0.980216 0.032072 0.039568
0 0.368421 0.939748 0.018092 0.052158
0 0.355674 0.979317 0.028783 0.037770
0 0.121711 0.190647 0.052632 0.115108
0 0.365543 0.557554 0.018914 0.043166
0 0.227796 0.654676 0.036184 0.050360
0 0.115543 0.265288 0.025493 0.052158
0 0.750411 0.479317 0.028783 0.048561
0 0.312911 0.575540 0.030428 0.057554
0 0.234375 0.311151 0.023026 0.053957
0 0.338405 0.534173 0.027138 0.057554
0 0.481086 0.419964 0.021382 0.052158
0 0.620066 0.088129 0.029605 0.043165
0 0.781661 0.310252 0.020559 0.062950
0 0.674342 0.927158 0.026316 0.052158
0 0.463816 0.438849 0.029605 0.068345
0 0.184622 0.976619 0.027138 0.039568
0 0.246299 0.530576 0.025493 0.043166
0 0.830181 0.645683 0.022204 0.050360
0 0.890214 0.567446 0.030428 0.059353
0 0.743421 0.651978 0.029605 0.062950
0 0.231497 0.602518 0.032072 0.064748
0 0.603207 0.685252 0.051809 0.143885
0 0.279194 0.405576 0.033717 0.070144
0 0.275905 0.811151 0.023849 0.050360
0 0.659951 0.558453 0.023849 0.048561
0 0.862664 0.052158 0.026316 0.046763
0 0.657895 0.961331 0.031250 0.062950
0 0.715461 0.421763 0.070724 0.124101
0 0.810444 0.747302 0.040296 0.077338
0 0.267270 0.190647 0.044408 0.071942
0 0.431332 0.559353 0.025493 0.079137
0 0.673109 0.618705 0.028783 0.046763
0 0.389803 0.858813 0.029605 0.073741
0 0.590049 0.975719 0.032072 0.044964
0 0.488076 0.097122 0.032072 0.071942
0 0.679688 0.031475 0.043585 0.062950
0 0.261102 0.249101 0.037007 0.055755
0 0.437500 0.895683 0.031250 0.057554
0 0.294408 0.608813 0.024671 0.055755
0 0.267681 0.959532 0.038651 0.077338
0 0.893914 0.822842 0.034539 0.059353
0 0.729852 0.289568 0.030428 0.068345
0 0.543997 0.918165 0.037007 0.106115
0 0.548109 0.262590 0.028783 0.071942
0 0.470806 0.062050 0.027138 0.052158
0 0.545230 0.176259 0.036184 0.071942
0 0.400493 0.379496 0.034540 0.057554
0 0.083470 0.210432 0.046875 0.100719
0 0.395970 0.538669 0.040296 0.084532
0 0.274671 0.317446 0.031250 0.055755
0 0.427220 0.946043 0.025493 0.061151
0 0.288240 0.899281 0.028783 0.075540
0 0.441201 0.488309 0.058388 0.113309
0 0.858964 0.508993 0.033717 0.086331
0 0.581003 0.227518 0.028783 0.077338
0 0.605263 0.301259 0.060855 0.131295
0 0.633224 0.866906 0.004934 0.010791
0 0.241776 0.033273 0.003289 0.008993
0 0.348273 0.965827 0.007401 0.014388
0 0.293997 0.531475 0.004112 0.008993
0 0.428865 0.800360 0.004112 0.010791
0 0.299342 0.222122 0.003289 0.008993
0 0.348273 0.726619 0.004112 0.010791
0 0.061266 0.846223 0.005757 0.052158
0 0.236842 0.476619 0.006579 0.025180
0 0.453947 0.287770 0.003289 0.010791
0 0.581826 0.871403 0.004112 0.008993
0 0.684211 0.713130 0.004934 0.008993
0 0.814556 0.507194 0.004112 0.014388
0 0.102796 0.401079 0.004934 0.010791
0 0.553043 0.346223 0.004112 0.008993
0 0.634046 0.857914 0.004934 0.010791
0 0.228207 0.857914 0.004112 0.010791
0 0.664474 0.896583 0.006579 0.016187
0 0.501645 0.143885 0.003289 0.010791
0 0.591283 0.598022 0.004934 0.012590
0 0.615132 0.600719 0.004934 0.010791
0 0.321957 0.692446 0.004112 0.010791
0 0.475740 0.003597 0.007401 0.007194
0 0.539885 0.218525 0.007401 0.016187
0 0.618832 0.921763 0.007401 0.012590
0 0.695724 0.373201 0.006579 0.012590
0 0.772615 0.738309 0.004112 0.008993
0 0.479030 0.142986 0.005757 0.008993
0 0.547286 0.706835 0.004112 0.014388
0 0.471217 0.848022 0.004934 0.012590
0 0.515625 0.888489 0.006579 0.014388
0 0.651316 0.892086 0.008224 0.010791
0 0.368421 0.850719 0.004934 0.010791
0 0.791941 0.003597 0.009868 0.007194
0 0.555921 0.464029 0.013158 0.043165
0 0.576069 0.044964 0.005757 0.014388
0 0.180510 0.163669 0.005757 0.010791
0 0.623355 0.597122 0.006579 0.014388
0 0.650082 0.740108 0.005757 0.016187
0 0.610197 0.886691 0.006579 0.021583
0 0.765214 0.850719 0.005757 0.021583
0 0.106497 0.164568 0.025493 0.062950
