0 0.319901 0.711331 0.008224 0.019784
0 0.334704 0.858813 0.009868 0.016187
0 0.484786 0.312950 0.009046 0.017986
0 0.560033 0.989209 0.023026 0.017986
0 0.482319 0.276978 0.009046 0.021583
0 0.518914 0.492806 0.011513 0.025180
0 0.461760 0.988309 0.020559 0.019784
0 0.498766 0.399281 0.009046 0.025180
0 0.475740 0.053957 0.012335 0.025180
0 0.254523 0.911870 0.025493 0.032374
0 0.899671 0.911870 0.057566 0.115108
0 0.677632 0.017986 0.023026 0.035971
0 0.074835 0.531475 0.019737 0.034173
0 0.658717 0.021583 0.018092 0.039568
0 0.174342 0.949640 0.014803 0.046763
0 0.250411 0.851619 0.050164 0.098921
0 0.180510 0.981115 0.022204 0.034173
0 0.711760 0.416367 0.018915 0.048561
0 0.473273 0.431655 0.050165 0.050360
0 0.224095 0.606115 0.013980 0.046763
0 0.677220 0.635791 0.046875 0.084532
0 0.443668 0.213129 0.022204 0.034173
0 0.135691 0.936151 0.049342 0.073741
0 0.199013 0.531475 0.019737 0.044964
0 0.146793 0.017086 0.032072 0.034173
0 0.237253 0.409173 0.020559 0.059352
0 0.126645 0.091727 0.029605 0.050360
0 0.449836 0.168165 0.024671 0.055755
0 0.147204 0.881295 0.042763 0.061151
0 0.405839 0.219424 0.023849 0.053957
0 0.405428 0.655576 0.031250 0.059353
0 0.861431 0.529676 0.032072 0.070144
0 0.375000 0.043166 0.023026 0.046763
0 0.840461 0.285971 0.041118 0.053957
0 0.187500 0.714029 0.039474 0.050360
0 0.652138 0.196942 0.029605 0.048561
0 0.517270 0.522482 0.026316 0.055755
0 0.408717 0.062050 0.019737 0.055755
0 0.553865 0.721223 0.046875 0.071942
0 0.217105 0.463129 0.032895 0.048561
0 0.668586 0.151079 0.027960 0.061151
0 0.478207 0.373201 0.035362 0.070144
0 0.536595 0.678058 0.027138 0.075540
0 0.611842 0.108813 0.024671 0.052158
0 0.567023 0.424460 0.023849 0.053957
0 0.921464 0.253597 0.035362 0.061151
0 0.293586 0.593525 0.027961 0.064748
0 0.624589 0.952338 0.025493 0.059353
0 0.398849 0.350719 0.026316 0.057554
0 0.272204 0.549460 0.023026 0.048561
0 0.740954 0.456835 0.029605 0.053957
0 0.643914 0.978417 0.029605 0.043165
0 0.919819 0.522482 0.032072 0.062950
0 0.607319 0.726619 0.032072 0.068345
0 0.253289 0.585432 0.026316 0.055755
0 0.229441 0.544964 0.026316 0.064748
0 0.273849 0.761691 0.026316 0.055755
0 0.446957 0.099820 0.025493 0.055755
0 0.115543 0.507194 0.038651 0.061151
0 0.663240 0.232914 0.028783 0.062950
0 0.437911 0.657374 0.030428 0.073741
0 0.473684 0.115108 0.037829 0.061151
0 0.611842 0.357914 0.041118 0.104317
0 0.337993 0.040468 0.037829 0.080935
0 0.857730 0.779676 0.032895 0.070144
0 0.312089 0.761691 0.038651 0.073741
0 0.733553 0.722122 0.037829 0.073741
0 0.653372 0.425360 0.027138 0.070144
0 0.809622 0.232914 0.050165 0.088129
0 0.486020 0.594424 0.027960 0.073741
0 0.788651 0.843525 0.032895 0.061151
0 0.656250 0.692446 0.036184 0.071942
0 0.675576 0.072842 0.050165 0.080935
0 0.455592 0.496403 0.029605 0.089928
0 0.542763 0.032374 0.042763 0.064748
0 0.640214 0.791367 0.030428 0.075540
0 0.365132 0.149281 0.036184 0.075540
0 0.392270 0.963130 0.031250 0.073741
0 0.604441 0.444245 0.027960 0.075540
0 0.551809 0.948741 0.003289 0.008993
0 0.289062 0.121403 0.004112 0.008993
0 0.571957 0.272482 0.004112 0.008993
0 0.630757 0.659173 0.003289 0.012590
0 0.671464 0.299460 0.004112 0.008993
0 0.370888 0.846223 0.004934 0.012590
0 0.868010 0.476619 0.005757 0.010791
0 0.732730 0.253597 0.003289 0.010791
0 0.749589 0.071043 0.004112 0.008993
0 0.422286 0.089928 0.004112 0.010791
0 0.594984 0.044964 0.002467 0.014388
0 0.863076 0.448741 0.004112 0.008993
0 0.560855 0.300360 0.004934 0.010791
0 0.412007 0.506295 0.003289 0.012590
0 0.632812 0.495504 0.005757 0.008993
0 0.248355 0.946942 0.003289 0.008993
0 0.465461 0.883094 0.003289 0.010791
0 0.472451 0.326439 0.009046 0.019784
0 0.535773 0.851619 0.004112 0.008993
0 0.384457 0.907374 0.005757 0.016187
0 0.389803 0.069245 0.004934 0.012590
0 0.409951 0.740108 0.004112 0.008993
0 0.594161 0.812050 0.004112 0.008993
0 0.476562 0.468525 0.005757 0.012590
0 0.556332 0.365108 0.004112 0.010791
0 0.520148 0.109712 0.004112 0.010791
0 0.652961 0.777878 0.006579 0.019784
0 0.749178 0.259892 0.003289 0.016187
0 0.516036 0.160072 0.005757 0.014388
0 0.678454 0.347122 0.004934 0.010791
0 0.439145 0.256295 0.004934 0.012590
0 0.456414 0.969424 0.006579 0.014388
0 0.661595 0.288669 0.004112 0.008993
0 0.389803 0.896583 0.004934 0.012590
0 0.450247 0.240108 0.004112 0.012590
0 0.529194 0.357014 0.005757 0.016187
0 0.509457 0.011691 0.004112 0.012590
0 0.328536 0.789568 0.007401 0.014388
0 0.419819 0.553957 0.005757 0.010791
0 0.546464 0.391187 0.004112 0.012590
0 0.652961 0.091727 0.006579 0.017986
0 0.487253 0.430755 0.032072 0.055755
0 0.387747 0.758993 0.007401 0.010791
0 0.418997 0.383094 0.005757 0.010791
0 0.532484 0.820144 0.004112 0.010791
0 0.800987 0.545863 0.004934 0.012590
0 0.606908 0.276978 0.006579 0.014389
0 0.782895 0.414568 0.004934 0.012590
0 0.490132 0.204137 0.006579 0.012590
0 0.262747 0.191547 0.004112 0.012590
0 0.696135 0.516187 0.009046 0.017986
0 0.530428 0.942446 0.004934 0.010791
0 0.512747 0.774281 0.005757 0.012590
0 0.901316 0.992806 0.019737 0.014388
0 0.549342 0.925360 0.004934 0.019784
0 0.633224 0.893885 0.006579 0.010791
0 0.517270 0.437050 0.004934 0.014389
0 0.675987 0.991906 0.018092 0.012590
0 0.573191 0.824640 0.006579 0.012590
0 0.807977 0.902878 0.007401 0.014388
0 0.377878 0.590827 0.005757 0.016187
0 0.796464 0.005396 0.018915 0.010791
0 0.187500 0.366007 0.009868 0.023381
0 0.500411 0.977518 0.012335 0.023381
0 0.658306 0.555755 0.009046 0.017986
