0 0.710115 0.015288 0.010691 0.019784
0 0.907484 0.990108 0.017270 0.016187
0 0.386102 0.990108 0.015625 0.019784
0 0.893503 0.058453 0.010691 0.023381
0 0.534539 0.905576 0.009868 0.023381
0 0.656661 0.088130 0.017270 0.028777
0 0.665296 0.844424 0.014803 0.023381
0 0.392270 0.012590 0.024671 0.025180
0 0.187089 0.965827 0.033717 0.053957
0 0.317845 0.689748 0.033717 0.034173
0 0.801398 0.234712 0.027138 0.059353
0 0.583470 0.686151 0.015625 0.034173
0 0.407072 0.981115 0.039474 0.037770
0 0.778783 0.219424 0.044408 0.064748
0 0.478618 0.959532 0.014803 0.048561
0 0.654194 0.251799 0.027138 0.032374
0 0.435033 0.526079 0.019737 0.073741
0 0.407072 0.499101 0.018092 0.037770
0 0.438322 0.285971 0.029605 0.089928
0 0.864309 0.970324 0.029605 0.041367
0 0.703125 0.150180 0.059210 0.145683
0 0.199013 0.917266 0.059210 0.097122
0 0.782484 0.475719 0.020559 0.044964
0 0.462582 0.178058 0.025493 0.064748
0 0.343750 0.708633 0.021382 0.053957
0 0.150082 0.724820 0.022204 0.061151
0 0.520148 0.677158 0.027138 0.062950
0 0.561266 0.964029 0.050165 0.064748
0 0.563734 0.608813 0.046875 0.098921
0 0.323602 0.973022 0.023849 0.053957
0 0.388569 0.083633 0.023849 0.048561
0 0.631168 0.111511 0.033717 0.061151
0 0.929688 0.639389 0.025493 0.052158
0 0.588816 0.766187 0.041118 0.082734
0 0.203947 0.304856 0.041118 0.062950
0 0.796875 0.973921 0.031250 0.041367
0 0.360609 0.376799 0.023849 0.052158
0 0.606908 0.901978 0.031250 0.062950
0 0.489309 0.098921 0.032895 0.068345
0 0.403783 0.827338 0.034539 0.115108
0 0.227796 0.232014 0.047697 0.097122
0 0.330181 0.467626 0.053454 0.089928
0 0.248766 0.617806 0.055099 0.113309
0 0.738898 0.187950 0.028783 0.059353
0 0.166530 0.247302 0.023849 0.055755
0 0.201891 0.375000 0.056743 0.091727
0 0.659128 0.169065 0.035362 0.104317
0 0.725329 0.836331 0.037829 0.082734
0 0.487253 0.845324 0.038651 0.064748
0 0.532895 0.828237 0.026316 0.044964
0 0.292763 0.646583 0.039474 0.059353
0 0.680921 0.720324 0.029605 0.066547
0 0.391859 0.136691 0.040296 0.075540
0 0.329359 0.769784 0.028783 0.079137
0 0.557155 0.884892 0.033717 0.086331
0 0.649260 0.700540 0.004112 0.008993
0 0.541530 0.005396 0.004112 0.010791
0 0.573602 0.108813 0.005757 0.016187
0 0.642681 0.282374 0.004112 0.010791
0 0.496299 0.679856 0.004112 0.010791
0 0.362253 0.197842 0.004112 0.010791
0 0.786595 0.669964 0.004112 0.012590
0 0.731497 0.027878 0.004112 0.012590
0 0.722862 0.020684 0.003289 0.012590
0 0.512336 0.228417 0.004934 0.014388
0 0.526727 0.723022 0.004112 0.010791
0 0.624178 0.403777 0.004934 0.012590
0 0.399260 0.313849 0.004112 0.012590
0 0.464227 0.500000 0.004112 0.010791
0 0.359375 0.611511 0.003289 0.010791
0 0.697780 0.314748 0.004112 0.010791
0 0.825247 0.018885 0.005757 0.008993
0 0.092105 0.547662 0.004934 0.012590
0 0.385280 0.447842 0.004112 0.010791
0 0.634868 0.804856 0.004934 0.008993
0 0.199424 0.816547 0.004112 0.014388
0 0.441612 0.701439 0.004934 0.010791
0 0.453536 0.830935 0.004112 0.010791
0 0.847862 0.019784 0.004934 0.010791
0 0.805099 0.167266 0.004934 0.010791
0 0.417763 0.666367 0.004934 0.012590
0 0.507812 0.508094 0.004112 0.012590
0 0.523026 0.182554 0.006579 0.012590
0 0.847451 0.386691 0.004112 0.010791
0 0.670230 0.684353 0.008224 0.016187
0 0.486842 0.627698 0.008224 0.010791
0 0.347862 0.692446 0.009868 0.025180
