0 0.233964 0.376799 0.007401 0.012590
0 0.669408 0.990108 0.027960 0.019784
0 0.695724 0.297662 0.009868 0.026978
0 0.224507 0.986511 0.026316 0.023381
0 0.885280 0.383993 0.015625 0.030575
0 0.412007 0.286871 0.024671 0.059352
0 0.793174 0.403777 0.017270 0.030575
0 0.715872 0.267986 0.020559 0.028777
0 0.261924 0.936151 0.033717 0.044964
0 0.387336 0.296763 0.026316 0.053957
0 0.387747 0.963130 0.035362 0.070144
0 0.526727 0.419065 0.020559 0.046763
0 0.374589 0.142986 0.025493 0.059353
0 0.215872 0.474820 0.020559 0.053957
0 0.377878 0.094424 0.025493 0.041367
0 0.778783 0.026079 0.041118 0.052158
0 0.298109 0.021583 0.027138 0.043165
0 0.712171 0.350719 0.059210 0.086331
0 0.664062 0.583633 0.028783 0.066547
0 0.924753 0.870504 0.023849 0.053957
0 0.454359 0.655576 0.032072 0.052158
0 0.406661 0.361511 0.060033 0.115108
0 0.263158 0.398381 0.024671 0.062950
0 0.743421 0.037770 0.031250 0.043166
0 0.354852 0.155576 0.023849 0.048561
0 0.175576 0.848921 0.038651 0.071942
0 0.608964 0.296763 0.035362 0.053957
0 0.506168 0.025180 0.022204 0.050360
0 0.560033 0.024281 0.024671 0.048561
0 0.539062 0.786870 0.025493 0.059353
0 0.314145 0.573741 0.026316 0.064748
0 0.624589 0.972122 0.045230 0.052158
0 0.325247 0.138489 0.027138 0.089928
0 0.415707 0.945144 0.035362 0.102518
0 0.353618 0.400180 0.026316 0.062950
0 0.732730 0.872302 0.034540 0.071942
0 0.193668 0.489209 0.035362 0.071942
0 0.356497 0.778777 0.041941 0.118705
0 0.276316 0.437950 0.027961 0.070144
0 0.760280 0.368705 0.027138 0.050360
0 0.753701 0.785971 0.033717 0.075540
0 0.730263 0.402878 0.036184 0.079137
0 0.815378 0.123201 0.022204 0.052158
0 0.457648 0.731115 0.043585 0.066547
0 0.210526 0.070144 0.042763 0.086331
0 0.482319 0.050360 0.045230 0.100719
0 0.826891 0.840827 0.027138 0.048561
0 0.243010 0.214029 0.050165 0.093525
0 0.831003 0.905576 0.037007 0.080935
0 0.583059 0.834532 0.003289 0.010791
0 0.789474 0.133094 0.004934 0.010791
0 0.182566 0.556655 0.004934 0.008993
0 0.329770 0.902878 0.003289 0.010791
0 0.682977 0.166367 0.004112 0.008993
0 0.547697 0.949640 0.003289 0.010791
0 0.812911 0.795863 0.004112 0.008993
0 0.159128 0.740108 0.004112 0.008993
0 0.303865 0.271583 0.004112 0.010791
0 0.365954 0.865108 0.003289 0.010791
0 0.653372 0.110612 0.004112 0.008993
0 0.731497 0.117806 0.004112 0.008993
0 0.184211 0.591727 0.004934 0.014388
0 0.773026 0.896583 0.003289 0.008993
0 0.600740 0.829137 0.004112 0.007194
0 0.370477 0.668165 0.004112 0.012590
0 0.659539 0.908273 0.003289 0.010791
0 0.242599 0.922662 0.004934 0.010791
0 0.631168 0.522482 0.004112 0.012590
0 0.474918 0.401079 0.004112 0.010791
0 0.422697 0.468525 0.003289 0.012590
0 0.554276 0.130396 0.004934 0.008993
0 0.337171 0.312050 0.003289 0.016187
0 0.740543 0.094424 0.004112 0.012590
0 0.601974 0.104317 0.004934 0.014388
0 0.444901 0.177158 0.004934 0.008993
0 0.875411 0.692446 0.005757 0.010791
0 0.581414 0.304856 0.004934 0.008993
0 0.212993 0.649281 0.004934 0.014388
0 0.245477 0.890288 0.005757 0.010791
0 0.637747 0.697842 0.005757 0.039568
0 0.625411 0.863309 0.007401 0.010791
0 0.839227 0.256295 0.007401 0.012590
0 0.717928 0.717626 0.004934 0.028777
0 0.704770 0.864209 0.004934 0.016187
