0 0.599507 0.187950 0.011513 0.019784
0 0.302632 0.916367 0.008224 0.019784
0 0.483141 0.434353 0.009046 0.016187
0 0.678454 0.407374 0.009868 0.016187
0 0.479852 0.594424 0.012335 0.023381
0 0.631579 0.366007 0.013158 0.023381
0 0.481086 0.762590 0.014803 0.021583
0 0.421875 0.304856 0.009868 0.023381
0 0.325247 0.306655 0.027138 0.059352
0 0.689556 0.925360 0.013980 0.026978
0 0.547697 0.035971 0.027960 0.068345
0 0.236842 0.392986 0.026316 0.044964
0 0.548931 0.528777 0.028783 0.050360
0 0.087582 0.285072 0.023849 0.055755
0 0.537829 0.127698 0.024671 0.046763
0 0.193668 0.015288 0.025493 0.030575
0 0.308388 0.294065 0.021382 0.048561
0 0.874178 0.087230 0.032895 0.055755
0 0.347451 0.308453 0.022204 0.059352
0 0.406250 0.530576 0.027961 0.061151
0 0.826480 0.656475 0.049342 0.082734
0 0.317845 0.355216 0.028783 0.048561
0 0.648438 0.936151 0.033717 0.052158
0 0.741365 0.660971 0.028783 0.041367
0 0.706003 0.160072 0.027138 0.043165
0 0.517681 0.163669 0.025493 0.046763
0 0.628701 0.107014 0.028783 0.041367
0 0.330181 0.186151 0.027138 0.059352
0 0.270148 0.210432 0.022204 0.043166
0 0.473684 0.970324 0.034540 0.059353
0 0.537007 0.273381 0.023026 0.053957
0 0.820312 0.592626 0.041941 0.066547
0 0.465461 0.907374 0.027960 0.055755
0 0.328947 0.243705 0.032895 0.062950
0 0.453947 0.024281 0.031250 0.048561
0 0.695312 0.665468 0.023849 0.050360
0 0.245477 0.568345 0.028783 0.053957
0 0.503289 0.517086 0.032895 0.062950
0 0.366776 0.972122 0.041118 0.055755
0 0.729852 0.026978 0.027138 0.050360
0 0.783306 0.567446 0.035362 0.052158
0 0.871299 0.179856 0.027138 0.075540
0 0.657072 0.110612 0.023026 0.048561
0 0.560855 0.950540 0.026316 0.044964
0 0.433799 0.544964 0.032072 0.079137
0 0.716283 0.294065 0.034540 0.062950
0 0.258224 0.496403 0.044408 0.079137
0 0.554276 0.300360 0.027960 0.053957
0 0.511924 0.208633 0.038651 0.053957
0 0.164474 0.600719 0.031250 0.061151
0 0.365954 0.335432 0.031250 0.088129
0 0.693668 0.441547 0.023849 0.059353
0 0.495066 0.859712 0.029605 0.053957
0 0.840049 0.312050 0.046875 0.120504
0 0.159539 0.817446 0.041118 0.077338
0 0.115954 0.885791 0.042763 0.109712
0 0.236020 0.657374 0.034539 0.077338
0 0.361431 0.784173 0.030428 0.071942
0 0.435855 0.371403 0.027960 0.066547
0 0.521793 0.875899 0.023849 0.057554
0 0.506579 0.764389 0.036184 0.086331
0 0.192023 0.312050 0.043586 0.077338
0 0.717105 0.840827 0.029605 0.080935
0 0.784539 0.958633 0.054276 0.082734
0 0.655839 0.321043 0.041941 0.091727
0 0.405839 0.473921 0.025493 0.077338
0 0.391447 0.876799 0.029605 0.091727
0 0.569901 0.544065 0.004934 0.008993
0 0.300576 0.540468 0.004112 0.008993
0 0.212582 0.178058 0.004112 0.010791
0 0.653372 0.055755 0.004112 0.007194
0 0.571957 0.205036 0.004112 0.010791
0 0.231086 0.873201 0.003289 0.012590
0 0.207237 0.130396 0.004934 0.026978
0 0.289885 0.808453 0.004112 0.008993
0 0.846628 0.857014 0.005757 0.008993
0 0.541941 0.176259 0.003289 0.010791
0 0.208059 0.109712 0.004934 0.017986
0 0.578536 0.767086 0.004112 0.008993
0 0.551398 0.009892 0.013980 0.019784
0 0.774260 0.596223 0.005757 0.019784
0 0.449836 0.253597 0.006579 0.017986
0 0.525082 0.120504 0.007401 0.021583
0 0.660362 0.740108 0.003289 0.008993
0 0.876645 0.872302 0.004934 0.010791
0 0.556743 0.991906 0.004934 0.012590
0 0.645559 0.821043 0.003289 0.012590
0 0.832648 0.213129 0.004112 0.008993
0 0.709293 0.448741 0.005757 0.012590
0 0.643503 0.258993 0.005757 0.014389
0 0.561678 0.081835 0.004934 0.012590
0 0.164062 0.745504 0.004112 0.012590
0 0.609375 0.079137 0.006579 0.017986
0 0.634457 0.785072 0.004112 0.008993
0 0.616776 0.812050 0.004934 0.008993
0 0.833059 0.725719 0.004934 0.012590
0 0.621711 0.063849 0.004934 0.012590
0 0.474095 0.623201 0.005757 0.012590
0 0.853618 0.825540 0.004934 0.010791
0 0.175987 0.277878 0.006579 0.012590
0 0.241365 0.006295 0.022204 0.012590
0 0.624178 0.276079 0.004934 0.016187
0 0.328125 0.006295 0.018092 0.012590
0 0.514391 0.572842 0.007401 0.016187
0 0.569901 0.589928 0.008224 0.017986
0 0.905016 0.290468 0.005757 0.012590
0 0.470806 0.729317 0.009046 0.012590
