0 0.700658 0.852518 0.009868 0.021583
0 0.613898 0.346223 0.009046 0.019784
0 0.752056 0.205036 0.012335 0.021583
0 0.690378 0.008993 0.013980 0.017986
0 0.664885 0.215827 0.012335 0.017986
0 0.676809 0.251799 0.009868 0.025180
0 0.675576 0.907374 0.012335 0.023381
0 0.752467 0.593525 0.013158 0.025180
0 0.662007 0.483813 0.016447 0.028777
0 0.291118 0.986511 0.027960 0.026978
0 0.185444 0.803058 0.022204 0.034173
0 0.201480 0.417266 0.034539 0.086331
0 0.543586 0.984712 0.023026 0.026978
0 0.574013 0.443345 0.024671 0.044964
0 0.736020 0.726619 0.014803 0.032374
0 0.484375 0.611511 0.023026 0.039568
0 0.653372 0.175360 0.018915 0.041367
0 0.309622 0.143885 0.025493 0.082734
0 0.294819 0.080036 0.020559 0.041367
0 0.664885 0.643885 0.025493 0.032374
0 0.748355 0.979317 0.027960 0.034173
0 0.461349 0.805755 0.042763 0.100719
0 0.090872 0.026079 0.033717 0.048561
0 0.897615 0.144784 0.023849 0.041367
0 0.812500 0.182554 0.021382 0.052158
0 0.768914 0.682554 0.031250 0.044964
0 0.655428 0.771583 0.024671 0.043166
0 0.796053 0.482914 0.039474 0.055755
0 0.396793 0.116906 0.025493 0.057554
0 0.506579 0.821043 0.034540 0.066547
0 0.861020 0.644784 0.021382 0.048561
0 0.411184 0.858813 0.026316 0.055755
0 0.155428 0.875000 0.046053 0.062950
0 0.274260 0.219424 0.025493 0.057554
0 0.701480 0.140288 0.027960 0.057554
0 0.276727 0.875000 0.043585 0.059353
0 0.363076 0.492806 0.023849 0.068345
0 0.854030 0.379496 0.030428 0.053957
0 0.738898 0.660072 0.037007 0.086331
0 0.571546 0.487410 0.024671 0.046763
0 0.350740 0.935252 0.032072 0.079137
0 0.258635 0.938849 0.018914 0.050360
0 0.449424 0.044065 0.033717 0.070144
0 0.403783 0.224820 0.021382 0.043165
0 0.335115 0.101619 0.051809 0.145683
0 0.821957 0.392086 0.027138 0.064748
0 0.770148 0.939748 0.027138 0.041367
0 0.177220 0.287770 0.027138 0.046763
0 0.229441 0.455036 0.026316 0.046763
0 0.624589 0.811151 0.027138 0.053957
0 0.256579 0.665468 0.029605 0.053957
0 0.617599 0.906475 0.023026 0.046763
0 0.594984 0.877698 0.023849 0.046763
0 0.402961 0.427158 0.047697 0.106115
0 0.571135 0.706835 0.027138 0.050360
0 0.427220 0.968525 0.030428 0.059353
0 0.833882 0.506295 0.034539 0.055755
0 0.329770 0.507194 0.050987 0.100719
0 0.594161 0.692446 0.020559 0.075540
0 0.172697 0.714928 0.050987 0.073741
0 0.182977 0.447842 0.033717 0.057554
0 0.509868 0.357014 0.021382 0.048561
0 0.191201 0.581835 0.048520 0.077338
0 0.570312 0.034173 0.033717 0.068345
0 0.560444 0.784173 0.028783 0.053957
0 0.215461 0.244604 0.039474 0.057554
0 0.570724 0.913669 0.034540 0.079137
0 0.422697 0.901978 0.032895 0.062950
0 0.834704 0.212230 0.037829 0.082734
0 0.757812 0.288669 0.038651 0.088129
0 0.654605 0.875000 0.003289 0.008993
0 0.444079 0.511691 0.004934 0.012590
0 0.221217 0.839029 0.003289 0.008993
0 0.292763 0.405576 0.004934 0.008993
0 0.315378 0.244604 0.004112 0.007194
0 0.129523 0.080036 0.004112 0.012590
0 0.434622 0.145683 0.004112 0.010791
0 0.422697 0.256295 0.003289 0.008993
0 0.700247 0.354317 0.004112 0.010791
0 0.310033 0.267086 0.003289 0.012590
0 0.621299 0.872302 0.004112 0.010791
0 0.297697 0.821043 0.003289 0.008993
0 0.750822 0.134892 0.003289 0.010791
0 0.474918 0.906475 0.004112 0.010791
0 0.542352 0.385791 0.004112 0.016187
0 0.511513 0.497302 0.004934 0.008993
0 0.319490 0.066547 0.025493 0.057554
0 0.762747 0.231115 0.005757 0.012590
0 0.703947 0.929856 0.003289 0.010791
0 0.325247 0.603417 0.004112 0.008993
0 0.468750 0.558453 0.004934 0.012590
0 0.901727 0.829137 0.004112 0.010791
0 0.684622 0.295863 0.005757 0.012590
0 0.160362 0.354317 0.004934 0.010791
0 0.233553 0.990108 0.032895 0.019784
0 0.607319 0.432554 0.007401 0.016187
0 0.331414 0.713130 0.004934 0.008993
0 0.645970 0.671763 0.005757 0.012590
0 0.520970 0.133094 0.007401 0.014388
0 0.580592 0.340827 0.004934 0.012590
0 0.611431 0.404676 0.005757 0.014389
0 0.678043 0.430755 0.007401 0.012590
0 0.472451 0.675360 0.004112 0.012590
0 0.726151 0.262590 0.006579 0.014389
0 0.324836 0.824640 0.008224 0.016187
0 0.704770 0.538669 0.006579 0.016187
