0 0.579359 0.160971 0.007401 0.012590
0 0.321546 0.710432 0.006579 0.017986
0 0.327714 0.023381 0.007401 0.014389
0 0.553043 0.623201 0.007401 0.019784
0 0.542352 0.406475 0.009046 0.017986
0 0.598684 0.753597 0.013158 0.032374
0 0.116776 0.244604 0.011513 0.028777
0 0.321546 0.054856 0.024671 0.041367
0 0.622944 0.982014 0.012335 0.032374
0 0.527138 0.425360 0.016447 0.030575
0 0.225740 0.647482 0.073191 0.097122
0 0.636102 0.775180 0.013980 0.039568
0 0.613487 0.800360 0.027960 0.050360
0 0.280428 0.015288 0.031250 0.030575
0 0.438734 0.741906 0.018915 0.059353
0 0.717105 0.609712 0.031250 0.039568
0 0.676398 0.255396 0.028783 0.046763
0 0.361020 0.529676 0.026316 0.048561
0 0.180510 0.811151 0.032072 0.057554
0 0.773026 0.959532 0.044408 0.077338
0 0.557566 0.499101 0.019737 0.037770
0 0.604030 0.486511 0.022204 0.044964
0 0.401316 0.796763 0.029605 0.057554
0 0.205181 0.722122 0.030428 0.059353
0 0.789062 0.034173 0.038651 0.057554
0 0.725740 0.291367 0.018915 0.043166
0 0.583882 0.738309 0.021382 0.052158
0 0.153372 0.760791 0.027138 0.046763
0 0.576069 0.116007 0.030428 0.062950
0 0.739720 0.041367 0.064967 0.082734
0 0.673109 0.387590 0.055099 0.091727
0 0.507401 0.921763 0.018092 0.044964
0 0.368010 0.243705 0.022204 0.048561
0 0.575658 0.875000 0.023026 0.052158
0 0.770148 0.263489 0.030428 0.048561
0 0.642681 0.065647 0.022204 0.048561
0 0.548109 0.194245 0.028783 0.061151
0 0.835938 0.588130 0.041941 0.093525
0 0.535773 0.495504 0.028783 0.052158
0 0.361020 0.307554 0.041118 0.064748
0 0.679276 0.751799 0.034540 0.057554
0 0.197780 0.781475 0.030428 0.070144
0 0.601151 0.428058 0.023026 0.057554
0 0.359375 0.493705 0.026316 0.048561
0 0.521793 0.023381 0.027138 0.046763
0 0.299342 0.096223 0.031250 0.059353
0 0.297286 0.470324 0.041941 0.080935
0 0.708059 0.382194 0.027960 0.066547
0 0.920641 0.036871 0.038651 0.073741
0 0.209293 0.055755 0.035362 0.064748
0 0.344572 0.768885 0.024671 0.044964
0 0.606497 0.714029 0.028783 0.057554
0 0.767270 0.879496 0.036184 0.057554
0 0.520970 0.711331 0.028783 0.052158
0 0.598684 0.975719 0.024671 0.044964
0 0.138980 0.407374 0.034540 0.055755
0 0.274260 0.520683 0.027138 0.073741
0 0.434211 0.521583 0.032895 0.089928
0 0.657895 0.699640 0.021382 0.057554
0 0.110197 0.146583 0.041118 0.073741
0 0.704770 0.733813 0.027960 0.071942
0 0.509868 0.276978 0.039474 0.086331
0 0.209704 0.967626 0.041118 0.064748
0 0.327303 0.904676 0.026316 0.057554
0 0.499589 0.568345 0.035362 0.071942
0 0.440789 0.064748 0.023026 0.061151
0 0.823602 0.026079 0.033717 0.052158
0 0.592105 0.589029 0.026316 0.066547
0 0.791530 0.635791 0.046875 0.070144
0 0.422286 0.038669 0.027138 0.048561
0 0.802632 0.080935 0.029605 0.057554
0 0.335526 0.102518 0.050987 0.125899
0 0.484375 0.360611 0.037829 0.073741
0 0.202714 0.519784 0.027138 0.053957
0 0.363076 0.437050 0.028783 0.071942
0 0.156661 0.964928 0.038651 0.070144
0 0.795641 0.821942 0.040296 0.079137
0 0.322368 0.849820 0.031250 0.055755
0 0.913651 0.736511 0.044408 0.113309
0 0.527961 0.888489 0.026316 0.057554
0 0.834704 0.098022 0.039474 0.080935
0 0.317434 0.213129 0.032895 0.088130
0 0.624178 0.621403 0.029605 0.084532
0 0.387747 0.737410 0.005757 0.010791
0 0.201069 0.401978 0.009046 0.023381
0 0.603618 0.011691 0.003289 0.008993
0 0.123355 0.725719 0.003289 0.008993
0 0.192023 0.349820 0.004112 0.008993
0 0.525082 0.758094 0.005757 0.016187
0 0.353618 0.586331 0.004934 0.010791
0 0.470806 0.851619 0.004112 0.008993
0 0.206003 0.437050 0.009046 0.025180
0 0.249178 0.410971 0.004934 0.008993
0 0.460115 0.683453 0.004112 0.014388
0 0.934622 0.664568 0.002467 0.016187
0 0.759868 0.397482 0.004934 0.010791
0 0.708470 0.474820 0.004112 0.010791
0 0.792352 0.443345 0.004112 0.012590
0 0.403783 0.725719 0.003289 0.008993
0 0.775493 0.127698 0.004934 0.007194
0 0.247533 0.857914 0.004934 0.007194
0 0.464638 0.631295 0.004934 0.007194
0 0.224507 0.363309 0.004934 0.014389
0 0.668997 0.633094 0.004112 0.010791
0 0.262747 0.756295 0.004112 0.008993
0 0.603207 0.089928 0.004112 0.010791
0 0.497533 0.805755 0.004934 0.010791
0 0.541530 0.770683 0.004112 0.012590
0 0.554688 0.580036 0.005757 0.008993
0 0.629934 0.821043 0.004934 0.012590
0 0.203536 0.286871 0.005757 0.016187
0 0.910362 0.599820 0.004934 0.012590
0 0.442845 0.832734 0.007401 0.010791
0 0.382812 0.932554 0.005757 0.008993
0 0.628701 0.325540 0.005757 0.014389
0 0.196957 0.675360 0.013980 0.044964
0 0.531250 0.741007 0.009868 0.014388
0 0.652961 0.254496 0.006579 0.012590
0 0.564145 0.666367 0.006579 0.012590
0 0.748355 0.151978 0.004934 0.012590
0 0.592928 0.300360 0.006579 0.010791
0 0.766447 0.821043 0.004934 0.012590
0 0.209293 0.233813 0.005757 0.010791
0 0.539885 0.077338 0.005757 0.010791
0 0.437500 0.607014 0.008224 0.012590
0 0.561266 0.391187 0.007401 0.019784
0 0.569901 0.405576 0.006579 0.016187
0 0.482730 0.927158 0.008224 0.012590
0 0.502056 0.982914 0.007401 0.016187
