0 0.425987 0.422662 0.009868 0.017986
0 0.603207 0.856115 0.010691 0.021583
0 0.646793 0.955935 0.007401 0.019784
0 0.701891 0.866007 0.009046 0.019784
0 0.650082 0.207734 0.009046 0.019784
0 0.785362 0.074640 0.014803 0.019784
0 0.491776 0.190647 0.009868 0.032374
0 0.731908 0.714928 0.011513 0.019784
0 0.671053 0.809353 0.009868 0.021583
0 0.625000 0.101619 0.011513 0.034173
0 0.430921 0.986511 0.029605 0.023381
0 0.475740 0.722122 0.012335 0.026978
0 0.522204 0.981115 0.059210 0.037770
0 0.303454 0.293165 0.019737 0.035971
0 0.605263 0.337230 0.013158 0.030575
0 0.875000 0.973921 0.050987 0.048561
0 0.343750 0.345324 0.018092 0.028777
0 0.511924 0.803957 0.035362 0.053957
0 0.576480 0.688849 0.037829 0.064748
0 0.681332 0.348022 0.028783 0.055755
0 0.360609 0.171763 0.033717 0.084532
0 0.854441 0.496403 0.018092 0.035971
0 0.508635 0.852518 0.035362 0.053957
0 0.613076 0.467626 0.028783 0.068345
0 0.634868 0.462230 0.019737 0.057554
0 0.578536 0.761691 0.028783 0.052158
0 0.505345 0.419964 0.020559 0.052158
0 0.390625 0.966727 0.016447 0.041367
0 0.405839 0.492806 0.033717 0.061151
0 0.687089 0.493705 0.051809 0.080935
0 0.288240 0.435252 0.023849 0.050360
0 0.374178 0.067446 0.029605 0.062950
0 0.877467 0.647482 0.032895 0.061151
0 0.545230 0.785072 0.026316 0.044964
0 0.328536 0.194245 0.040296 0.057554
0 0.586349 0.598921 0.023026 0.061151
0 0.483964 0.967626 0.032072 0.046763
0 0.459293 0.858813 0.018915 0.041367
0 0.431332 0.045863 0.025493 0.052158
0 0.520559 0.633993 0.027960 0.052158
0 0.693668 0.381295 0.025493 0.053957
0 0.420230 0.537770 0.029605 0.061151
0 0.608553 0.754496 0.018092 0.066547
0 0.316201 0.476619 0.035362 0.068345
0 0.161595 0.476619 0.051809 0.075540
0 0.248766 0.244604 0.025493 0.057554
0 0.170230 0.637590 0.034540 0.059353
0 0.407895 0.743705 0.034539 0.066547
0 0.347451 0.600719 0.025493 0.050360
0 0.182566 0.842626 0.039474 0.052158
0 0.408717 0.945144 0.034539 0.084532
0 0.207648 0.682554 0.041941 0.055755
0 0.331003 0.851619 0.032072 0.055755
0 0.145148 0.357914 0.068257 0.129496
0 0.550164 0.448741 0.034540 0.073741
0 0.281661 0.263489 0.058388 0.077338
0 0.314556 0.969424 0.033717 0.057554
0 0.347039 0.975719 0.023026 0.048561
0 0.585526 0.463129 0.026316 0.048561
0 0.740132 0.539568 0.041118 0.071942
0 0.449424 0.216727 0.056743 0.095324
0 0.391036 0.588130 0.055099 0.125899
0 0.106497 0.404676 0.038651 0.079137
0 0.652961 0.178058 0.023026 0.050360
0 0.553454 0.915468 0.027960 0.061151
0 0.341694 0.786870 0.038651 0.077338
0 0.782895 0.532374 0.050987 0.104317
0 0.248766 0.400180 0.055099 0.098921
0 0.154605 0.951439 0.057566 0.097122
0 0.620888 0.376799 0.039474 0.073741
0 0.588405 0.008993 0.004112 0.010791
0 0.210938 0.544964 0.009046 0.021583
0 0.282895 0.816547 0.004934 0.010791
0 0.833059 0.553957 0.003289 0.010791
0 0.193668 0.087230 0.004112 0.008993
0 0.267270 0.014389 0.004934 0.010791
0 0.211349 0.584532 0.004934 0.010791
0 0.275082 0.506295 0.004112 0.012590
0 0.148438 0.706835 0.004112 0.010791
0 0.180510 0.562950 0.004112 0.010791
0 0.625411 0.205036 0.004112 0.010791
0 0.215049 0.900180 0.004112 0.008993
0 0.504934 0.244604 0.003289 0.010791
0 0.507812 0.943345 0.004112 0.012590
0 0.162007 0.255396 0.004934 0.014389
0 0.179276 0.254496 0.008224 0.019784
0 0.629523 0.269784 0.004112 0.010791
0 0.358553 0.289568 0.004934 0.014389
0 0.253289 0.812050 0.004934 0.008993
0 0.365132 0.513489 0.004934 0.012590
0 0.697368 0.154676 0.004934 0.010791
0 0.622533 0.533273 0.006579 0.019784
0 0.637336 0.898381 0.004934 0.008993
0 0.497533 0.686151 0.004934 0.008993
0 0.875411 0.772482 0.005757 0.012590
0 0.178043 0.795863 0.005757 0.012590
0 0.599507 0.978417 0.006579 0.014388
0 0.581414 0.010791 0.008224 0.021583
0 0.640625 0.176259 0.006579 0.017986
0 0.701069 0.916367 0.004112 0.012590
0 0.777549 0.800360 0.005757 0.010791
0 0.168997 0.763489 0.005757 0.008993
0 0.730674 0.767986 0.004112 0.010791
0 0.502878 0.642086 0.007401 0.014388
0 0.671464 0.096223 0.007401 0.016187
0 0.454770 0.026079 0.004934 0.016187
0 0.688734 0.284173 0.007401 0.017986
0 0.545230 0.859712 0.008224 0.017986
0 0.895559 0.978417 0.018092 0.039568
