0 0.566201 0.831835 0.009046 0.016187
0 0.233964 0.585432 0.009046 0.019784
0 0.686266 0.989209 0.030428 0.021583
0 0.601562 0.676259 0.009046 0.021583
0 0.560444 0.989209 0.013980 0.017986
0 0.278783 0.721223 0.013158 0.021583
0 0.255757 0.411871 0.008224 0.017986
0 0.379934 0.180755 0.009868 0.030575
0 0.235609 0.333633 0.013980 0.019784
0 0.058799 0.973022 0.010691 0.043165
0 0.293174 0.054856 0.013980 0.023381
0 0.389391 0.401978 0.015625 0.030575
0 0.532484 0.062050 0.017270 0.037770
0 0.729852 0.516187 0.032072 0.050360
0 0.271382 0.440647 0.021382 0.028777
0 0.300987 0.503597 0.029605 0.082734
0 0.216694 0.857914 0.030428 0.039568
0 0.438322 0.879496 0.029605 0.053957
0 0.753289 0.652878 0.031250 0.035971
0 0.590049 0.051259 0.025493 0.041367
0 0.561678 0.932554 0.034540 0.062950
0 0.156661 0.231115 0.033717 0.044964
0 0.513980 0.016187 0.023026 0.032374
0 0.385280 0.528777 0.027138 0.043166
0 0.907895 0.713130 0.034539 0.066547
0 0.303043 0.803058 0.045230 0.080935
0 0.326480 0.980216 0.024671 0.032374
0 0.461349 0.334532 0.032895 0.068345
0 0.490543 0.383993 0.018915 0.066547
0 0.437500 0.515288 0.024671 0.066547
0 0.560444 0.564748 0.028783 0.046763
0 0.083470 0.971223 0.046875 0.057554
0 0.637336 0.892986 0.026316 0.066547
0 0.280016 0.942446 0.028783 0.053957
0 0.490132 0.028777 0.027960 0.046763
0 0.804276 0.976619 0.036184 0.043165
0 0.215461 0.535971 0.029605 0.050360
0 0.498766 0.315647 0.023849 0.070144
0 0.442023 0.969424 0.027138 0.043165
0 0.444901 0.784173 0.034540 0.068345
0 0.613898 0.892086 0.020559 0.061151
0 0.442023 0.027878 0.028783 0.055755
0 0.655428 0.177158 0.029605 0.052158
0 0.238076 0.438849 0.025493 0.057554
0 0.439145 0.456835 0.027960 0.061151
0 0.428043 0.754496 0.025493 0.041367
0 0.881579 0.744604 0.032895 0.064748
0 0.331414 0.507194 0.037829 0.075540
0 0.549753 0.107914 0.056743 0.107914
0 0.180510 0.265288 0.025493 0.062950
0 0.842928 0.077338 0.031250 0.061151
0 0.547697 0.605216 0.023026 0.062950
0 0.687089 0.190647 0.028783 0.043165
0 0.658717 0.258094 0.029605 0.055755
0 0.118010 0.176259 0.025493 0.043165
0 0.191612 0.125899 0.019737 0.046763
0 0.585526 0.848022 0.024671 0.044964
0 0.701891 0.322842 0.037007 0.070144
0 0.153783 0.765288 0.031250 0.055755
0 0.248766 0.904676 0.028783 0.046763
0 0.582237 0.118705 0.027960 0.053957
0 0.771382 0.194245 0.018092 0.046763
0 0.733553 0.024281 0.027960 0.048561
0 0.113076 0.616007 0.030428 0.080935
0 0.355263 0.438849 0.060855 0.082734
0 0.533717 0.918165 0.029605 0.066547
0 0.460526 0.407374 0.029605 0.052158
0 0.216283 0.292266 0.042763 0.077338
0 0.550987 0.380396 0.041118 0.088129
0 0.646382 0.793165 0.039474 0.082734
0 0.846217 0.835432 0.037829 0.059353
0 0.590049 0.170863 0.028783 0.075540
0 0.516447 0.807554 0.034540 0.071942
0 0.495888 0.970324 0.024671 0.059353
0 0.697368 0.538669 0.034540 0.102518
0 0.193668 0.187050 0.035362 0.086331
0 0.263158 0.508993 0.057566 0.125899
0 0.316612 0.244604 0.036184 0.107914
0 0.352385 0.212230 0.032072 0.089928
0 0.715461 0.883993 0.003289 0.008993
0 0.597451 0.941547 0.004112 0.012590
0 0.775082 0.581835 0.004112 0.008993
0 0.511513 0.861511 0.003289 0.010791
0 0.620477 0.263489 0.004112 0.008993
0 0.657484 0.306655 0.004112 0.012590
0 0.760280 0.983813 0.004112 0.007194
0 0.696957 0.135791 0.004112 0.008993
0 0.682155 0.661870 0.004112 0.010791
0 0.650493 0.661870 0.004934 0.014388
0 0.641859 0.454137 0.004112 0.008993
0 0.255345 0.845324 0.004112 0.014388
0 0.298109 0.428957 0.004112 0.012590
0 0.375822 0.992806 0.008224 0.010791
0 0.501234 0.169964 0.004112 0.008993
0 0.508635 0.916367 0.004112 0.008993
0 0.670641 0.820144 0.005757 0.010791
0 0.262336 0.849820 0.006579 0.012590
0 0.138980 0.005396 0.004934 0.010791
0 0.809211 0.330036 0.004934 0.008993
0 0.590872 0.919065 0.005757 0.010791
0 0.615132 0.335432 0.004934 0.008993
0 0.720395 0.484712 0.006579 0.016187
0 0.605263 0.288669 0.003289 0.016187
0 0.456826 0.545863 0.005757 0.012590
0 0.397204 0.230216 0.004934 0.010791
0 0.683799 0.020684 0.004112 0.012590
0 0.325658 0.562050 0.006579 0.016187
0 0.488487 0.687950 0.004934 0.012590
0 0.637747 0.739209 0.004112 0.010791
0 0.848684 0.210432 0.006579 0.010791
0 0.616776 0.072842 0.006579 0.012590
0 0.730674 0.431655 0.009046 0.017986
0 0.360197 0.708633 0.004934 0.010791
0 0.921875 0.920863 0.006579 0.039568
0 0.469161 0.958633 0.005757 0.010791
0 0.641447 0.305755 0.004934 0.010791
0 0.638980 0.582734 0.008224 0.014388
0 0.291118 0.471223 0.009868 0.021583
0 0.528372 0.460432 0.007401 0.014388
0 0.706826 0.226619 0.005757 0.017986
0 0.271382 0.205036 0.006579 0.014388
0 0.341694 0.431655 0.032072 0.057554
0 0.773438 0.486511 0.009046 0.016187
0 0.407072 0.824640 0.008224 0.016187
0 0.792763 0.146583 0.006579 0.016187
0 0.289062 0.040468 0.007401 0.019784
0 0.666530 0.489209 0.007401 0.021583
0 0.418174 0.043166 0.007401 0.014389
0 0.347862 0.590827 0.008224 0.019784
