0 0.515625 0.393885 0.008224 0.017986
0 0.173520 0.307554 0.008224 0.021583
0 0.468750 0.629496 0.008224 0.017986
0 0.547697 0.760791 0.008224 0.017986
0 0.611020 0.685252 0.008224 0.017986
0 0.582237 0.596223 0.008224 0.016187
0 0.804276 0.531475 0.009868 0.019784
0 0.494243 0.285971 0.008224 0.025180
0 0.697780 0.785971 0.005757 0.017986
0 0.869243 0.519784 0.009868 0.014388
0 0.520970 0.889389 0.010691 0.026978
0 0.726151 0.712230 0.013158 0.017986
0 0.580181 0.644784 0.010691 0.019784
0 0.585938 0.382194 0.013980 0.026978
0 0.546053 0.348921 0.009868 0.021583
0 0.837993 0.727518 0.011513 0.019784
0 0.618010 0.848022 0.009046 0.023381
0 0.558799 0.890288 0.012335 0.025180
0 0.787829 0.900180 0.008224 0.026978
0 0.452303 0.693345 0.032895 0.037770
0 0.531250 0.823741 0.016447 0.028777
0 0.298520 0.015288 0.037829 0.030575
0 0.478207 0.981115 0.013980 0.037770
0 0.703125 0.822842 0.014803 0.030575
0 0.275082 0.116906 0.027138 0.061151
0 0.631579 0.428058 0.026316 0.061151
0 0.535773 0.032374 0.028783 0.061151
0 0.351974 0.016187 0.031250 0.032374
0 0.532895 0.910072 0.021382 0.035971
0 0.616776 0.450540 0.023026 0.034173
0 0.529194 0.323741 0.023849 0.043166
0 0.782895 0.939748 0.018092 0.041367
0 0.655839 0.471223 0.020559 0.050360
0 0.276727 0.912770 0.028783 0.052158
0 0.415707 0.229317 0.020559 0.059353
0 0.753701 0.465827 0.040296 0.046763
0 0.435033 0.636691 0.021382 0.057554
0 0.149671 0.605216 0.027960 0.055755
0 0.460526 0.581835 0.019737 0.052158
0 0.559211 0.281475 0.023026 0.073741
0 0.428865 0.831835 0.030428 0.044964
0 0.853207 0.279676 0.025493 0.052158
0 0.752878 0.830036 0.025493 0.044964
0 0.852385 0.565647 0.046875 0.084532
0 0.624178 0.812050 0.019737 0.052158
0 0.673931 0.409173 0.048520 0.084532
0 0.741365 0.588130 0.033717 0.050360
0 0.810855 0.483813 0.027960 0.061151
0 0.182566 0.727518 0.036184 0.052158
0 0.344161 0.069245 0.027138 0.066547
0 0.656250 0.603417 0.018092 0.044964
0 0.156250 0.811151 0.023026 0.050360
0 0.821957 0.288669 0.018915 0.048561
0 0.658306 0.866007 0.028783 0.062950
0 0.701891 0.735611 0.038651 0.068345
0 0.766036 0.673561 0.018915 0.048561
0 0.203125 0.350719 0.026316 0.046763
0 0.394737 0.023381 0.042763 0.046763
0 0.906250 0.506295 0.034539 0.070144
0 0.276727 0.054856 0.020559 0.044964
0 0.270970 0.358813 0.022204 0.055755
0 0.630345 0.113309 0.022204 0.046763
0 0.208882 0.972122 0.042763 0.052158
0 0.418174 0.697842 0.032072 0.064748
0 0.845806 0.776978 0.020559 0.046763
0 0.349095 0.893885 0.038651 0.061151
0 0.398849 0.847122 0.037829 0.053957
0 0.533306 0.227518 0.032072 0.062950
0 0.597451 0.589029 0.022204 0.062950
0 0.269326 0.457734 0.022204 0.070144
0 0.852796 0.847122 0.026316 0.046763
0 0.784951 0.727518 0.022204 0.062950
0 0.442023 0.169964 0.022204 0.073741
0 0.682977 0.836331 0.030428 0.053957
0 0.135280 0.519784 0.025493 0.053957
0 0.922697 0.452338 0.034539 0.070144
0 0.277961 0.863309 0.029605 0.053957
0 0.360609 0.126799 0.004112 0.008993
0 0.487664 0.522482 0.003289 0.012590
0 0.464638 0.299460 0.004934 0.016187
0 0.193257 0.903777 0.003289 0.012590
0 0.166118 0.881295 0.003289 0.010791
0 0.260691 0.802158 0.003289 0.010791
0 0.609786 0.041367 0.004112 0.010791
0 0.644326 0.477518 0.005757 0.016187
0 0.440378 0.764389 0.004112 0.010791
0 0.602385 0.844424 0.004112 0.008993
0 0.908306 0.631295 0.004112 0.010791
0 0.709704 0.197842 0.004934 0.010791
0 0.679688 0.562050 0.004112 0.012590
0 0.640625 0.728417 0.004934 0.010791
0 0.634457 0.950540 0.004112 0.012590
0 0.581414 0.922662 0.004934 0.010791
0 0.775493 0.258094 0.004934 0.008993
0 0.731908 0.379496 0.004934 0.010791
0 0.516036 0.750899 0.004112 0.008993
0 0.513569 0.705036 0.004112 0.010791
0 0.382401 0.526079 0.004934 0.008993
0 0.696135 0.004496 0.013980 0.008993
0 0.249178 0.155576 0.004934 0.016187
0 0.854030 0.992806 0.004112 0.010791
0 0.463405 0.714029 0.005757 0.014388
0 0.550576 0.205036 0.005757 0.014388
0 0.437089 0.375000 0.005757 0.012590
0 0.743010 0.055755 0.004112 0.010791
0 0.677632 0.441547 0.014803 0.019784
0 0.527961 0.674460 0.004934 0.010791
0 0.579770 0.351619 0.006579 0.012590
0 0.491365 0.801259 0.004112 0.016187
0 0.497122 0.393885 0.005757 0.014389
0 0.707648 0.901978 0.005757 0.012590
0 0.558799 0.633094 0.007401 0.014388
0 0.614309 0.175360 0.009868 0.012590
0 0.769737 0.408273 0.008224 0.014389
0 0.550164 0.727518 0.008224 0.016187
