0 0.354441 0.607014 0.011513 0.019784
0 0.675576 0.697842 0.009046 0.017986
0 0.162418 0.972122 0.007401 0.016187
0 0.689556 0.845324 0.009046 0.021583
0 0.677632 0.173561 0.008224 0.019784
0 0.623766 0.007194 0.025493 0.014389
0 0.296875 0.787770 0.009868 0.021583
0 0.658717 0.716727 0.009868 0.023381
0 0.493832 0.684353 0.015625 0.019784
0 0.214638 0.976619 0.013158 0.028777
0 0.566612 0.987410 0.024671 0.021583
0 0.349507 0.823741 0.014803 0.028777
0 0.666118 0.679856 0.013158 0.028777
0 0.215872 0.811151 0.043586 0.118705
0 0.214638 0.758094 0.037829 0.055755
0 0.611431 0.128597 0.013980 0.034173
0 0.475740 0.880396 0.023849 0.052158
0 0.807566 0.871403 0.019737 0.034173
0 0.354441 0.896583 0.023026 0.041367
0 0.417352 0.214928 0.018915 0.037770
0 0.556332 0.598022 0.017270 0.037770
0 0.479852 0.015288 0.030428 0.030575
0 0.885280 0.911870 0.028783 0.043166
0 0.280428 0.039568 0.039474 0.043166
0 0.250411 0.552158 0.076480 0.097122
0 0.637336 0.135791 0.023026 0.044964
0 0.337993 0.421763 0.024671 0.052158
0 0.357319 0.940647 0.032072 0.050360
0 0.439967 0.665468 0.026316 0.046763
0 0.722862 0.720324 0.029605 0.077338
0 0.323602 0.685252 0.020559 0.035971
0 0.680921 0.218525 0.024671 0.048561
0 0.719161 0.028777 0.027138 0.057554
0 0.388569 0.141187 0.028783 0.055755
0 0.168174 0.044065 0.027138 0.048561
0 0.565378 0.060252 0.033717 0.066547
0 0.590461 0.029676 0.042763 0.059353
0 0.212171 0.443345 0.041118 0.077338
0 0.416118 0.094424 0.021382 0.037770
0 0.731908 0.806655 0.021382 0.041367
0 0.482730 0.158273 0.036184 0.057554
0 0.794408 0.465827 0.029605 0.043165
0 0.829359 0.487410 0.032072 0.053957
0 0.760280 0.854317 0.037007 0.050360
0 0.443257 0.269784 0.026316 0.061151
0 0.724095 0.329137 0.027138 0.046763
0 0.787007 0.965827 0.034540 0.064748
0 0.312500 0.548561 0.032895 0.075540
0 0.366365 0.537770 0.033717 0.061151
0 0.766859 0.536870 0.023849 0.066547
0 0.244655 0.757194 0.035362 0.057554
0 0.282895 0.644784 0.027961 0.052158
0 0.499589 0.973921 0.038651 0.048561
0 0.448191 0.028777 0.024671 0.057554
0 0.571546 0.549460 0.027960 0.066547
0 0.316612 0.969424 0.029605 0.046763
0 0.655428 0.168165 0.029605 0.048561
0 0.415296 0.933453 0.024671 0.050360
0 0.163240 0.100719 0.043585 0.075540
0 0.604441 0.541367 0.034540 0.075540
0 0.762336 0.596223 0.024671 0.055755
0 0.826480 0.264389 0.026316 0.050360
0 0.510280 0.216727 0.023849 0.048561
0 0.470395 0.487410 0.036184 0.061151
0 0.729030 0.396583 0.022204 0.066547
0 0.195312 0.197842 0.033717 0.064748
0 0.328125 0.839029 0.031250 0.073741
0 0.928865 0.334532 0.030428 0.086331
0 0.266036 0.686151 0.032072 0.070144
0 0.608141 0.203237 0.038651 0.061151
0 0.701069 0.512590 0.030428 0.057554
0 0.731086 0.093525 0.042763 0.100719
0 0.469984 0.632194 0.045230 0.091727
0 0.481086 0.242806 0.052632 0.100719
0 0.732730 0.600719 0.039474 0.125899
0 0.080181 0.856115 0.035362 0.071942
0 0.770559 0.059353 0.029605 0.082734
0 0.469572 0.719424 0.029605 0.071942
0 0.816612 0.820144 0.029605 0.082734
0 0.779194 0.926259 0.004112 0.010791
0 0.151316 0.868705 0.003289 0.007194
0 0.523026 0.049460 0.003289 0.008993
0 0.840872 0.830036 0.004112 0.008993
0 0.146382 0.755396 0.003289 0.010791
0 0.229852 0.337230 0.004112 0.008993
0 0.630757 0.617806 0.003289 0.012590
0 0.253701 0.919065 0.004112 0.007194
0 0.364720 0.802158 0.002467 0.010791
0 0.094161 0.762590 0.004112 0.010791
0 0.927632 0.224820 0.004934 0.010791
0 0.635280 0.285971 0.004112 0.010791
0 0.445724 0.479317 0.006579 0.012590
0 0.517270 0.630396 0.004934 0.008993
0 0.393092 0.840827 0.004934 0.008993
0 0.200247 0.055755 0.005757 0.010791
0 0.684622 0.434353 0.004112 0.012590
0 0.402138 0.780576 0.003289 0.010791
0 0.511924 0.471223 0.005757 0.010791
0 0.575658 0.414568 0.003289 0.012590
0 0.648849 0.108813 0.004934 0.008993
0 0.791530 0.141187 0.004112 0.008993
0 0.292352 0.269784 0.004112 0.014389
0 0.745888 0.947842 0.003289 0.014388
0 0.467105 0.813849 0.006579 0.008993
0 0.711760 0.750899 0.007401 0.016187
0 0.489720 0.894784 0.005757 0.016187
0 0.823602 0.395683 0.005757 0.010791
0 0.788651 0.250899 0.004934 0.012590
0 0.671875 0.480216 0.006579 0.014388
0 0.634046 0.553957 0.004934 0.014388
0 0.272204 0.992806 0.011513 0.010791
0 0.780428 0.375000 0.009868 0.012590
0 0.687089 0.730216 0.005757 0.014388
0 0.799753 0.379496 0.005757 0.017986
0 0.509868 0.677158 0.008224 0.012590
0 0.697780 0.157374 0.007401 0.012590
0 0.826069 0.734712 0.007401 0.016187
0 0.524671 0.796763 0.006579 0.017986
0 0.646793 0.484712 0.005757 0.019784
