0 0.195312 0.988309 0.007401 0.016187
0 0.258224 0.901978 0.006579 0.016187
0 0.641036 0.729317 0.009046 0.016187
0 0.640625 0.153777 0.008224 0.019784
0 0.337582 0.680755 0.007401 0.019784
0 0.225740 0.470324 0.007401 0.023381
0 0.697780 0.533273 0.009046 0.019784
0 0.422697 0.678957 0.011513 0.019784
0 0.622944 0.190647 0.009046 0.017986
0 0.552220 0.261691 0.010691 0.019784
0 0.623355 0.044964 0.014803 0.017986
0 0.534539 0.968525 0.011513 0.019784
0 0.208882 0.114209 0.011513 0.026978
0 0.407895 0.891187 0.009868 0.026978
0 0.777549 0.013489 0.015625 0.026978
0 0.712582 0.847122 0.012335 0.021583
0 0.216283 0.984712 0.031250 0.026978
0 0.501645 0.245504 0.016447 0.026978
0 0.691201 0.419964 0.015625 0.034173
0 0.289062 0.446942 0.048520 0.084532
0 0.424753 0.607014 0.025493 0.048561
0 0.282895 0.491007 0.024671 0.043166
0 0.426398 0.741906 0.022204 0.030575
0 0.548931 0.799460 0.028783 0.055755
0 0.650493 0.664568 0.034540 0.055755
0 0.185855 0.800360 0.029605 0.079137
0 0.364309 0.170863 0.026316 0.071942
0 0.652138 0.607014 0.024671 0.048561
0 0.427220 0.563849 0.041941 0.066547
0 0.890625 0.923561 0.031250 0.055755
0 0.689145 0.141187 0.024671 0.044964
0 0.636102 0.223022 0.023849 0.050360
0 0.641859 0.035072 0.017270 0.048561
0 0.605674 0.370504 0.025493 0.064748
0 0.692023 0.077338 0.025493 0.053957
0 0.563322 0.371403 0.018092 0.048561
0 0.354852 0.026978 0.028783 0.050360
0 0.395970 0.022482 0.028783 0.044964
0 0.203947 0.056655 0.036184 0.066547
0 0.706003 0.919964 0.023849 0.052158
0 0.178043 0.926259 0.022204 0.046763
0 0.436266 0.439748 0.018915 0.044964
0 0.713816 0.801259 0.027960 0.066547
0 0.403372 0.392086 0.025493 0.057554
0 0.547286 0.910971 0.023849 0.052158
0 0.405016 0.166367 0.018914 0.048561
0 0.181743 0.726619 0.034540 0.050360
0 0.075658 0.979317 0.024671 0.037770
0 0.781250 0.324640 0.041118 0.052158
0 0.678043 0.393885 0.032072 0.064748
0 0.719161 0.084532 0.025493 0.061151
0 0.734375 0.374101 0.029605 0.053957
0 0.861842 0.151978 0.024671 0.044964
0 0.317434 0.738309 0.026316 0.055755
0 0.187089 0.025180 0.043585 0.050360
0 0.253289 0.308453 0.031250 0.066547
0 0.909951 0.954137 0.038651 0.044964
0 0.725329 0.021583 0.031250 0.043165
0 0.837993 0.564748 0.042763 0.057554
0 0.185033 0.179856 0.031250 0.053957
0 0.340461 0.390288 0.026316 0.068345
0 0.561266 0.724820 0.030428 0.061151
0 0.685033 0.818345 0.029605 0.057554
0 0.617599 0.247302 0.027960 0.052158
0 0.439145 0.653777 0.027960 0.052158
0 0.738487 0.919964 0.037829 0.070144
0 0.324013 0.242806 0.031250 0.075540
0 0.189556 0.127698 0.025493 0.057554
0 0.846217 0.945144 0.027961 0.052158
0 0.492599 0.532374 0.029605 0.082734
0 0.752878 0.108813 0.051809 0.113309
0 0.790296 0.367806 0.026316 0.052158
0 0.431332 0.143885 0.035362 0.061151
0 0.587171 0.762590 0.027960 0.064748
0 0.796875 0.271583 0.036184 0.061151
0 0.367188 0.803058 0.033717 0.066547
0 0.160773 0.481115 0.023849 0.052158
0 0.287829 0.285072 0.049342 0.120504
0 0.270559 0.790468 0.026316 0.084532
0 0.746711 0.558453 0.029605 0.070144
0 0.659128 0.234712 0.030428 0.080935
0 0.256579 0.565647 0.046053 0.098921
0 0.631579 0.861511 0.047697 0.104317
0 0.467516 0.296763 0.045230 0.093525
0 0.465049 0.462230 0.032072 0.100719
0 0.562500 0.488309 0.034540 0.080935
0 0.271382 0.882194 0.003289 0.008993
0 0.593339 0.264389 0.004112 0.010791
0 0.393503 0.241906 0.004112 0.008993
0 0.772615 0.768885 0.004112 0.008993
0 0.608553 0.544964 0.006579 0.017986
0 0.689556 0.541367 0.004112 0.010791
0 0.448191 0.807554 0.003289 0.010791
0 0.735197 0.984712 0.003289 0.012590
0 0.498355 0.449640 0.004934 0.010791
0 0.343750 0.112410 0.004934 0.008993
0 0.863076 0.462230 0.004112 0.010791
0 0.466283 0.858813 0.004934 0.016187
0 0.486842 0.768885 0.003289 0.012590
0 0.627056 0.445144 0.004112 0.012590
0 0.534539 0.696942 0.004934 0.008993
0 0.423931 0.348921 0.005757 0.010791
0 0.516447 0.202338 0.004934 0.008993
0 0.445724 0.788669 0.004934 0.008993
0 0.838816 0.250000 0.003289 0.010791
0 0.587582 0.904676 0.004112 0.010791
0 0.497944 0.119604 0.004112 0.008993
0 0.717516 0.198741 0.005757 0.008993
0 0.344161 0.435252 0.005757 0.010791
0 0.425576 0.379496 0.004112 0.010791
0 0.672286 0.160971 0.004112 0.012590
0 0.606908 0.165468 0.004934 0.010791
0 0.541530 0.116007 0.005757 0.008993
0 0.659951 0.074640 0.004112 0.012590
0 0.679276 0.667266 0.004934 0.010791
0 0.532895 0.070144 0.006579 0.010791
0 0.611431 0.556655 0.005757 0.016187
0 0.714638 0.229317 0.004934 0.012590
0 0.418997 0.428058 0.005757 0.014389
0 0.675576 0.591727 0.005757 0.014388
0 0.755757 0.405576 0.006579 0.012590
0 0.572780 0.083633 0.005757 0.008993
0 0.279605 0.326439 0.024671 0.044964
0 0.449013 0.619604 0.006579 0.012590
0 0.791941 0.795863 0.004934 0.012590
0 0.319490 0.149281 0.004112 0.017986
0 0.648849 0.547662 0.004934 0.016187
0 0.398026 0.482914 0.006579 0.019784
0 0.350329 0.336331 0.006579 0.014389
0 0.374178 0.207734 0.006579 0.016187
0 0.214227 0.750899 0.007401 0.012590
0 0.437089 0.085432 0.005757 0.016187
0 0.231908 0.791367 0.008224 0.014388
