0 0.915296 0.411871 0.008224 0.014389
0 0.069079 0.267986 0.009868 0.017986
0 0.788651 0.692446 0.009868 0.017986
0 0.170230 0.919964 0.008224 0.016187
0 0.274260 0.692446 0.010691 0.021583
0 0.428454 0.531475 0.011513 0.034173
0 0.415707 0.010791 0.015625 0.021583
0 0.729030 0.928957 0.010691 0.023381
0 0.309211 0.031475 0.008224 0.023381
0 0.319901 0.915468 0.011513 0.017986
0 0.463816 0.983813 0.029605 0.032374
0 0.772204 0.399281 0.013158 0.025180
0 0.470806 0.959532 0.025493 0.048561
0 0.501645 0.017986 0.018092 0.035971
0 0.412007 0.310252 0.046053 0.048561
0 0.437500 0.169964 0.029605 0.077338
0 0.247533 0.578237 0.013158 0.041367
0 0.089227 0.717626 0.037007 0.050360
0 0.554276 0.460432 0.026316 0.043165
0 0.586349 0.410971 0.042763 0.170863
0 0.667352 0.511691 0.037007 0.055755
0 0.627878 0.615108 0.037007 0.043166
0 0.552632 0.608813 0.029605 0.052158
0 0.651316 0.449640 0.024671 0.050360
0 0.530839 0.512590 0.025493 0.053957
0 0.250822 0.978417 0.031250 0.035971
0 0.465461 0.161871 0.024671 0.064748
0 0.499589 0.958633 0.035362 0.061151
0 0.634868 0.550360 0.046053 0.086331
0 0.372944 0.967626 0.032072 0.064748
0 0.196957 0.963130 0.053454 0.070144
0 0.165296 0.250000 0.026316 0.061151
0 0.815378 0.872302 0.027138 0.046763
0 0.581003 0.592626 0.022204 0.055755
0 0.697368 0.802158 0.029605 0.075540
0 0.403372 0.080036 0.027138 0.041367
0 0.848684 0.477518 0.027961 0.059353
0 0.470395 0.085432 0.031250 0.062950
0 0.532895 0.026978 0.042763 0.053957
0 0.687911 0.544964 0.027138 0.046763
0 0.567845 0.715827 0.018915 0.057554
0 0.449836 0.678058 0.024671 0.068345
0 0.288240 0.565647 0.033717 0.070144
0 0.100329 0.169065 0.034540 0.068345
0 0.138980 0.886691 0.031250 0.057554
0 0.451069 0.865108 0.038651 0.064748
0 0.160773 0.153777 0.030428 0.059353
0 0.603207 0.053957 0.023849 0.086331
0 0.925987 0.371403 0.026316 0.055755
0 0.536595 0.215827 0.027138 0.064748
0 0.623766 0.697842 0.027138 0.050360
0 0.493010 0.675360 0.025493 0.044964
0 0.519737 0.558453 0.021382 0.048561
0 0.671875 0.975719 0.021382 0.048561
0 0.314145 0.719424 0.037829 0.093525
0 0.259046 0.040468 0.031250 0.070144
0 0.857319 0.279676 0.025493 0.062950
0 0.497944 0.300360 0.023849 0.046763
0 0.569079 0.144784 0.034540 0.052158
0 0.680921 0.665468 0.064145 0.104317
0 0.731086 0.265288 0.036184 0.062950
0 0.689967 0.303058 0.021382 0.059352
0 0.527549 0.455036 0.027138 0.061151
0 0.923520 0.102518 0.054276 0.089928
0 0.224095 0.491007 0.040296 0.089928
0 0.581826 0.064748 0.022204 0.068345
0 0.559622 0.056655 0.027138 0.055755
0 0.718339 0.963130 0.030428 0.059353
0 0.472039 0.652878 0.026316 0.057554
0 0.565789 0.506295 0.023026 0.062950
0 0.782072 0.141187 0.039474 0.084532
0 0.231908 0.633094 0.031250 0.071942
0 0.616776 0.937950 0.036184 0.080935
0 0.657072 0.091727 0.037829 0.086331
0 0.397615 0.922662 0.043585 0.086331
0 0.257401 0.414568 0.034540 0.088129
0 0.706003 0.359712 0.033717 0.097122
0 0.476562 0.899281 0.004112 0.010791
0 0.360197 0.803058 0.003289 0.008993
0 0.448602 0.596223 0.002467 0.008993
0 0.766447 0.801259 0.003289 0.008993
0 0.379934 0.154676 0.006579 0.010791
0 0.415707 0.563849 0.004112 0.012590
0 0.439145 0.559353 0.006579 0.014388
0 0.414474 0.485611 0.003289 0.010791
0 0.474918 0.535971 0.005757 0.014388
0 0.390625 0.400180 0.003289 0.012590
0 0.568668 0.847122 0.004112 0.010791
0 0.326480 0.973022 0.003289 0.010791
0 0.443257 0.905576 0.006579 0.016187
0 0.387336 0.702338 0.004934 0.008993
0 0.473273 0.276079 0.004112 0.008993
0 0.449424 0.348022 0.004112 0.012590
0 0.431332 0.729317 0.004112 0.008993
0 0.351974 0.505396 0.004934 0.010791
0 0.771382 0.599820 0.014803 0.030575
0 0.440378 0.464029 0.004112 0.010791
0 0.385691 0.458633 0.003289 0.010791
0 0.641447 0.307554 0.003289 0.010791
0 0.351562 0.725719 0.004112 0.008993
0 0.678043 0.887590 0.004112 0.008993
0 0.692023 0.869604 0.004112 0.008993
0 0.490954 0.593525 0.003289 0.014388
0 0.856908 0.651079 0.004934 0.010791
0 0.768092 0.970324 0.004934 0.012590
0 0.641859 0.217626 0.004112 0.007194
0 0.384457 0.343525 0.004112 0.014389
0 0.550164 0.761691 0.003289 0.008993
0 0.462582 0.372302 0.004112 0.010791
0 0.391447 0.535072 0.003289 0.012590
0 0.516036 0.393885 0.004112 0.010791
0 0.584704 0.675360 0.004934 0.008993
0 0.459293 0.299460 0.004112 0.012590
0 0.388569 0.133094 0.004112 0.010791
0 0.680099 0.233813 0.003289 0.010791
0 0.428043 0.433453 0.009046 0.025180
0 0.435033 0.650180 0.004934 0.012590
0 0.117188 0.215827 0.005757 0.010791
0 0.640214 0.282374 0.004112 0.014389
0 0.740132 0.376799 0.004934 0.008993
0 0.412418 0.651079 0.005757 0.010791
0 0.206826 0.571043 0.004112 0.012590
0 0.488898 0.167266 0.004112 0.010791
0 0.285773 0.130396 0.004112 0.012590
0 0.634868 0.068345 0.004934 0.014388
0 0.778783 0.431655 0.006579 0.010791
0 0.461349 0.005396 0.018092 0.010791
0 0.417763 0.620504 0.006579 0.014388
0 0.551809 0.841727 0.006579 0.010791
0 0.736431 0.695144 0.005757 0.008993
0 0.444490 0.962230 0.005757 0.010791
0 0.404605 0.576439 0.006579 0.016187
0 0.252878 0.212230 0.007401 0.010791
0 0.616365 0.733813 0.005757 0.014388
0 0.296464 0.991906 0.005757 0.012590
0 0.590872 0.780576 0.007401 0.014388
0 0.507401 0.799460 0.008224 0.012590
0 0.580181 0.292266 0.009046 0.012590
0 0.495888 0.893885 0.006579 0.010791
0 0.423520 0.772482 0.006579 0.012590
0 0.555510 0.353417 0.009046 0.012590
0 0.589227 0.736511 0.007401 0.016187
