0 0.416941 0.169065 0.008224 0.017986
0 0.598273 0.383094 0.007401 0.017986
0 0.587993 0.245504 0.011513 0.016187
0 0.630345 0.238309 0.009046 0.016187
0 0.616776 0.942446 0.008224 0.014388
0 0.652961 0.586331 0.009868 0.017986
0 0.638980 0.876799 0.008224 0.019784
0 0.660362 0.222122 0.009868 0.019784
0 0.473684 0.460432 0.009868 0.017986
0 0.828947 0.104317 0.008224 0.017986
0 0.655016 0.619604 0.012335 0.019784
0 0.072780 0.008094 0.020559 0.016187
0 0.417352 0.070144 0.009046 0.021583
0 0.594572 0.989209 0.023026 0.017986
0 0.504523 0.362410 0.010691 0.023381
0 0.526316 0.813849 0.009868 0.026978
0 0.524260 0.836331 0.009046 0.017986
0 0.880757 0.012590 0.024671 0.025180
0 0.380757 0.010791 0.024671 0.021583
0 0.342516 0.013489 0.020559 0.026978
0 0.633224 0.271583 0.018092 0.032374
0 0.710115 0.671763 0.015625 0.026978
0 0.327714 0.980216 0.017270 0.039568
0 0.074424 0.907374 0.028783 0.098921
0 0.826069 0.634892 0.033717 0.053957
0 0.339227 0.114209 0.023849 0.037770
0 0.773438 0.767086 0.035362 0.037770
0 0.408306 0.416367 0.015625 0.037770
0 0.078536 0.979317 0.032072 0.037770
0 0.729030 0.785072 0.023849 0.041367
0 0.787007 0.419964 0.034540 0.048561
0 0.286595 0.282374 0.051809 0.064748
0 0.463816 0.060252 0.032895 0.059353
0 0.482319 0.414568 0.018915 0.034173
0 0.740132 0.023381 0.031250 0.046763
0 0.517681 0.495504 0.025493 0.055755
0 0.404605 0.870504 0.023026 0.053957
0 0.555510 0.875899 0.028783 0.057554
0 0.312089 0.359712 0.050164 0.093525
0 0.784128 0.856115 0.027138 0.046763
0 0.445724 0.526079 0.031250 0.062950
0 0.465872 0.719424 0.023849 0.061151
0 0.740954 0.679856 0.029605 0.057554
0 0.337582 0.271583 0.020559 0.061151
0 0.443668 0.127698 0.023849 0.064748
0 0.696135 0.762590 0.033717 0.061151
0 0.867188 0.151978 0.027138 0.044964
0 0.701069 0.888489 0.027138 0.071942
0 0.263158 0.229317 0.037829 0.062950
0 0.539062 0.681655 0.020559 0.064748
0 0.421464 0.473022 0.022204 0.053957
0 0.807155 0.027878 0.018915 0.052158
0 0.492599 0.792266 0.034540 0.055755
0 0.291941 0.717626 0.021382 0.053957
0 0.518503 0.719424 0.020559 0.050360
0 0.370477 0.922662 0.020559 0.050360
0 0.765625 0.074640 0.024671 0.055755
0 0.658717 0.770683 0.031250 0.059353
0 0.715461 0.539568 0.031250 0.053957
0 0.874178 0.266187 0.036184 0.064748
0 0.876234 0.717626 0.050164 0.104317
0 0.657484 0.419964 0.035362 0.059352
0 0.239720 0.160072 0.037007 0.068345
0 0.859375 0.444245 0.037829 0.118705
0 0.115954 0.391187 0.037829 0.070144
0 0.743421 0.068345 0.034540 0.068345
0 0.743421 0.817446 0.029605 0.062950
0 0.447780 0.481115 0.027138 0.055755
0 0.706414 0.397482 0.049342 0.064748
0 0.269326 0.802158 0.025493 0.061151
0 0.489309 0.711331 0.021382 0.048561
0 0.575658 0.401978 0.026316 0.062950
0 0.671053 0.096223 0.026316 0.055755
0 0.106908 0.856115 0.054276 0.118705
0 0.555510 0.043166 0.038651 0.075540
0 0.487664 0.867806 0.027960 0.073741
0 0.224095 0.232014 0.037007 0.075540
0 0.289062 0.407374 0.030428 0.062950
0 0.520559 0.877698 0.024671 0.064748
0 0.711349 0.318345 0.047697 0.107914
0 0.287829 0.185252 0.039474 0.079137
0 0.309622 0.945144 0.040296 0.080935
0 0.735197 0.918165 0.049342 0.113309
0 0.707237 0.614209 0.029605 0.062950
0 0.233553 0.070144 0.032895 0.079137
0 0.331414 0.690647 0.042763 0.075540
0 0.918997 0.460432 0.048520 0.097122
0 0.354441 0.071942 0.039474 0.086331
0 0.417763 0.955036 0.044408 0.089928
0 0.446957 0.350719 0.004112 0.010791
0 0.818257 0.340827 0.003289 0.008993
0 0.822368 0.466727 0.003289 0.008993
0 0.162418 0.789568 0.004112 0.010791
0 0.289474 0.032374 0.003289 0.010791
0 0.542763 0.604317 0.003289 0.010791
0 0.460526 0.178058 0.003289 0.007194
0 0.392270 0.872302 0.004934 0.017986
0 0.552220 0.214928 0.004112 0.008993
0 0.149260 0.759892 0.004112 0.008993
0 0.566612 0.503597 0.003289 0.010791
0 0.710938 0.238309 0.005757 0.012590
0 0.544819 0.717626 0.004112 0.010791
0 0.453125 0.443345 0.004934 0.012590
0 0.534951 0.322842 0.004112 0.008993
0 0.370477 0.694245 0.004112 0.010791
0 0.667352 0.804856 0.007401 0.016187
0 0.102796 0.375899 0.011513 0.025180
0 0.573191 0.622302 0.004934 0.010791
0 0.538240 0.826439 0.004112 0.008993
0 0.665296 0.966727 0.004934 0.012590
0 0.635280 0.089029 0.004112 0.012590
0 0.579359 0.002698 0.005757 0.005396
0 0.468750 0.224820 0.004934 0.010791
0 0.590049 0.025180 0.004112 0.010791
0 0.165707 0.908273 0.004112 0.010791
0 0.604852 0.230216 0.004112 0.010791
0 0.061678 0.006295 0.004934 0.012590
0 0.343750 0.783273 0.004934 0.008993
0 0.604030 0.865108 0.005757 0.014388
0 0.442845 0.198741 0.005757 0.012590
0 0.535773 0.771583 0.004112 0.014388
0 0.684211 0.322842 0.006579 0.012590
0 0.798520 0.181655 0.004934 0.010791
0 0.485197 0.268885 0.004934 0.008993
0 0.422697 0.888489 0.004934 0.010791
0 0.109375 0.360611 0.006579 0.016187
0 0.497533 0.933453 0.004934 0.010791
0 0.766447 0.466727 0.004934 0.012590
0 0.252467 0.685252 0.004934 0.010791
0 0.391859 0.790468 0.004112 0.012590
0 0.635691 0.425360 0.006579 0.016187
0 0.518503 0.323741 0.005757 0.010791
0 0.131579 0.084532 0.004934 0.010791
0 0.743421 0.256295 0.006579 0.012590
0 0.495477 0.607914 0.004112 0.010791
0 0.592105 0.820144 0.006579 0.014388
0 0.059622 0.916367 0.007401 0.044964
0 0.671053 0.336331 0.009868 0.014389
0 0.618421 0.912770 0.008224 0.016187
0 0.583059 0.442446 0.008224 0.014389
0 0.636924 0.567446 0.005757 0.012590
0 0.685855 0.687950 0.004934 0.012590
0 0.256579 0.920863 0.004934 0.014388
0 0.474507 0.941547 0.004934 0.012590
0 0.560033 0.267986 0.004934 0.014389
0 0.674342 0.221223 0.004934 0.010791
0 0.748355 0.580036 0.008224 0.012590
0 0.152138 0.004496 0.014803 0.008993
0 0.483964 0.480216 0.007401 0.014388
0 0.679688 0.920863 0.005757 0.017986
0 0.628701 0.734712 0.007401 0.012590
0 0.530839 0.494604 0.009046 0.021583
0 0.563322 0.735611 0.008224 0.010791
0 0.525493 0.232914 0.006579 0.012590
0 0.405839 0.341727 0.005757 0.014389
0 0.058799 0.985611 0.009046 0.025180
