0 0.514803 0.992806 0.009868 0.014388
0 0.620477 0.737410 0.009046 0.017986
0 0.724918 0.744604 0.010691 0.035971
0 0.752467 0.741906 0.016447 0.030575
0 0.647615 0.011691 0.027138 0.023381
0 0.779194 0.156475 0.022204 0.039568
0 0.308388 0.373201 0.027960 0.041367
0 0.368010 0.269784 0.028783 0.057554
0 0.603618 0.116906 0.019737 0.035971
0 0.449424 0.360611 0.028783 0.098921
0 0.729852 0.026079 0.030428 0.048561
0 0.488076 0.359712 0.030428 0.053957
0 0.671464 0.293165 0.038651 0.053957
0 0.353618 0.511691 0.029605 0.059353
0 0.655016 0.261691 0.035362 0.055755
0 0.318257 0.057554 0.041118 0.053957
0 0.075658 0.449640 0.031250 0.068345
0 0.121711 0.580036 0.034539 0.062950
0 0.730263 0.572842 0.021382 0.041367
0 0.861020 0.166367 0.019737 0.041367
0 0.580592 0.926259 0.021382 0.053957
0 0.365543 0.647482 0.028783 0.057554
0 0.423520 0.246403 0.049342 0.053957
0 0.770970 0.019784 0.028783 0.039568
0 0.125000 0.042266 0.027960 0.066547
0 0.285773 0.669964 0.028783 0.055755
0 0.446546 0.174460 0.062500 0.086331
0 0.146793 0.409173 0.046875 0.077338
0 0.201480 0.154676 0.044408 0.071942
0 0.369243 0.220324 0.027960 0.048561
0 0.458059 0.962230 0.026316 0.064748
0 0.685033 0.375000 0.031250 0.070144
0 0.428865 0.312050 0.030428 0.066547
0 0.472039 0.841727 0.031250 0.071942
0 0.092928 0.371403 0.032895 0.062950
0 0.369655 0.414568 0.020559 0.048561
0 0.872944 0.699640 0.027138 0.053957
0 0.812089 0.132194 0.032072 0.070144
0 0.474095 0.243705 0.033717 0.059353
0 0.653783 0.367806 0.032895 0.070144
0 0.399671 0.403777 0.049342 0.113309
0 0.285362 0.972122 0.024671 0.052158
0 0.752056 0.106115 0.064967 0.097122
0 0.347039 0.320144 0.046053 0.133094
0 0.643092 0.785072 0.029605 0.080935
0 0.509046 0.512590 0.036184 0.075540
0 0.360197 0.078237 0.049342 0.116906
0 0.163651 0.578237 0.042763 0.084532
0 0.317845 0.432554 0.046875 0.116906
0 0.841694 0.208633 0.046875 0.071942
0 0.780428 0.821942 0.050987 0.100719
0 0.559622 0.064748 0.051809 0.118705
0 0.674753 0.459532 0.046875 0.095324
0 0.603207 0.451439 0.030428 0.068345
0 0.756168 0.439748 0.040296 0.084532
0 0.857319 0.544964 0.046875 0.097122
0 0.104852 0.066547 0.004112 0.010791
0 0.291118 0.041367 0.004934 0.007194
0 0.351974 0.974820 0.004934 0.010791
0 0.405016 0.918165 0.004112 0.008993
0 0.636513 0.461331 0.004934 0.008993
0 0.668174 0.175360 0.004112 0.008993
0 0.260280 0.946942 0.004112 0.012590
0 0.504934 0.408273 0.003289 0.010791
0 0.691201 0.633993 0.004112 0.008993
0 0.585115 0.855216 0.004112 0.008993
0 0.253701 0.345324 0.004112 0.010791
0 0.873355 0.833633 0.003289 0.008993
0 0.409539 0.120504 0.004934 0.010791
0 0.539062 0.896583 0.004112 0.008993
0 0.210115 0.891187 0.004112 0.008993
0 0.329359 0.017986 0.004112 0.010791
0 0.405839 0.624101 0.005757 0.010791
0 0.791941 0.040468 0.003289 0.008993
0 0.420641 0.653777 0.004112 0.012590
0 0.704359 0.812050 0.002467 0.012590
0 0.266859 0.169964 0.004112 0.008993
0 0.460115 0.745504 0.004112 0.016187
0 0.373766 0.598022 0.004112 0.012590
0 0.201069 0.937950 0.004112 0.008993
0 0.201891 0.870504 0.004112 0.010791
0 0.924342 0.972122 0.006579 0.008993
0 0.479852 0.015288 0.004112 0.016187
0 0.359786 0.454137 0.005757 0.012590
0 0.544819 0.007194 0.023849 0.014389
0 0.922286 0.993705 0.015625 0.012590
0 0.223273 0.004496 0.015625 0.008993
0 0.534128 0.854317 0.007401 0.014388
0 0.646382 0.107914 0.008224 0.039568
