0 0.330181 0.123201 0.007401 0.016187
0 0.754934 0.896583 0.008224 0.016187
0 0.749178 0.445144 0.011513 0.023381
0 0.404605 0.141187 0.009868 0.026978
0 0.277549 0.007194 0.015625 0.014389
0 0.764391 0.944245 0.017270 0.025180
0 0.420641 0.434353 0.015625 0.023381
0 0.577303 0.569245 0.008224 0.026978
0 0.478207 0.608813 0.013980 0.026978
0 0.148849 0.633993 0.014803 0.030575
0 0.472451 0.327338 0.015625 0.028777
0 0.532895 0.797662 0.013158 0.030575
0 0.872122 0.985611 0.017270 0.025180
0 0.761513 0.918165 0.029605 0.037770
0 0.288240 0.799460 0.023849 0.052158
0 0.170230 0.012590 0.024671 0.025180
0 0.686678 0.116007 0.034540 0.059352
0 0.804688 0.066547 0.018915 0.057554
0 0.764391 0.345324 0.064967 0.111511
0 0.438734 0.541367 0.022204 0.061151
0 0.137747 0.027878 0.018915 0.034173
0 0.256168 0.356115 0.032072 0.043166
0 0.181743 0.819245 0.032895 0.041367
0 0.492188 0.678058 0.025493 0.043166
0 0.601151 0.511691 0.021382 0.034173
0 0.183799 0.133993 0.023849 0.052158
0 0.627467 0.237410 0.018092 0.082734
0 0.400905 0.961331 0.030428 0.073741
0 0.550164 0.016187 0.026316 0.032374
0 0.385280 0.591727 0.020559 0.064748
0 0.162007 0.331835 0.024671 0.048561
0 0.466694 0.516187 0.030428 0.061151
0 0.360609 0.017086 0.025493 0.034173
0 0.206414 0.371403 0.023026 0.044964
0 0.702303 0.840827 0.019737 0.052158
0 0.613487 0.330036 0.037829 0.048561
0 0.430510 0.233813 0.028783 0.057554
0 0.819079 0.506295 0.037829 0.048561
0 0.766859 0.872302 0.023849 0.050360
0 0.505757 0.365108 0.029605 0.039568
0 0.245477 0.624101 0.030428 0.061151
0 0.757812 0.654676 0.022204 0.046763
0 0.546464 0.632194 0.045230 0.062950
0 0.710115 0.218525 0.045230 0.070144
0 0.412418 0.722122 0.043585 0.080935
0 0.695724 0.053058 0.026316 0.052158
0 0.553043 0.089928 0.035362 0.079137
0 0.253701 0.939748 0.025493 0.052158
0 0.295641 0.695144 0.035362 0.059353
0 0.466283 0.366906 0.029605 0.061151
0 0.489720 0.480216 0.025493 0.046763
0 0.465049 0.713130 0.023849 0.048561
0 0.831003 0.406475 0.046875 0.050360
0 0.708059 0.691547 0.024671 0.052158
0 0.492188 0.835432 0.030428 0.052158
0 0.659539 0.106115 0.027960 0.046763
0 0.887336 0.098921 0.024671 0.046763
0 0.666530 0.577338 0.022204 0.057554
0 0.344572 0.636691 0.024671 0.053957
0 0.429688 0.055755 0.028783 0.064748
0 0.255345 0.398381 0.027138 0.052158
0 0.136102 0.674460 0.032072 0.053957
0 0.413651 0.539568 0.032895 0.053957
0 0.555099 0.475719 0.052632 0.106115
0 0.829770 0.919964 0.034540 0.113309
0 0.175576 0.653777 0.028783 0.048561
0 0.411595 0.642986 0.043586 0.080935
0 0.785362 0.055755 0.023026 0.057554
0 0.547286 0.886691 0.022204 0.053957
0 0.394326 0.476619 0.037007 0.075540
0 0.515625 0.411871 0.039474 0.064748
0 0.621299 0.398381 0.022204 0.052158
0 0.681332 0.449640 0.040296 0.107914
0 0.361020 0.155576 0.031250 0.073741
0 0.809622 0.330935 0.027138 0.079137
0 0.732730 0.482914 0.029605 0.059353
0 0.217516 0.305755 0.037007 0.082734
0 0.536184 0.839928 0.031250 0.050360
0 0.105674 0.080036 0.053454 0.091727
0 0.714227 0.956835 0.055099 0.086331
0 0.219161 0.127698 0.050164 0.086331
0 0.294408 0.283273 0.031250 0.080935
0 0.489309 0.198741 0.003289 0.008993
0 0.518092 0.085432 0.003289 0.008993
0 0.437500 0.589928 0.003289 0.010791
0 0.397615 0.550360 0.005757 0.014388
0 0.503289 0.285971 0.004934 0.010791
0 0.607730 0.096223 0.004934 0.016187
0 0.623355 0.644784 0.003289 0.012590
0 0.592516 0.419964 0.004112 0.012590
0 0.779605 0.139388 0.003289 0.008993
0 0.198191 0.140288 0.011513 0.039568
0 0.719161 0.369604 0.005757 0.012590
0 0.446546 0.857014 0.003289 0.008993
0 0.904194 0.891187 0.004112 0.008993
0 0.569490 0.396583 0.004112 0.008993
0 0.506990 0.043166 0.004112 0.007194
0 0.810855 0.976619 0.003289 0.010791
0 0.454359 0.154676 0.004112 0.010791
0 0.263158 0.755396 0.004934 0.010791
0 0.136102 0.004496 0.010691 0.008993
0 0.867188 0.506295 0.004112 0.008993
0 0.451891 0.597122 0.004112 0.010791
0 0.610609 0.543165 0.005757 0.010791
0 0.397204 0.898381 0.003289 0.008993
0 0.781661 0.876799 0.004112 0.012590
0 0.558388 0.339029 0.004934 0.012590
0 0.451069 0.433453 0.004112 0.010791
0 0.775082 0.722122 0.004112 0.008993
0 0.449013 0.004496 0.004934 0.008993
0 0.685444 0.815647 0.004112 0.012590
0 0.577303 0.158273 0.004934 0.017986
0 0.525905 0.551259 0.004112 0.012590
0 0.451891 0.213129 0.004112 0.012590
0 0.331826 0.558453 0.004112 0.012590
0 0.742188 0.206835 0.007401 0.017986
0 0.433799 0.457734 0.005757 0.019784
0 0.672697 0.313849 0.006579 0.012590
0 0.927220 0.272482 0.009046 0.008993
0 0.590049 0.005396 0.005757 0.010791
0 0.332237 0.512590 0.006579 0.010791
0 0.591283 0.568345 0.006579 0.014388
0 0.736431 0.177158 0.007401 0.012590
0 0.613487 0.947842 0.006579 0.014388
0 0.550987 0.178058 0.004934 0.010791
0 0.634457 0.707734 0.007401 0.012590
0 0.553454 0.252698 0.004934 0.016187
0 0.597451 0.616007 0.005757 0.016187
0 0.300164 0.400180 0.006579 0.016187
0 0.115954 0.293165 0.004934 0.014389
0 0.874178 0.641187 0.006579 0.016187
0 0.302220 0.643885 0.005757 0.014388
0 0.564967 0.726619 0.006579 0.025180
0 0.907895 0.456835 0.008224 0.017986
