0 0.575658 0.091727 0.006579 0.017986
0 0.683388 0.366007 0.006579 0.016187
0 0.518914 0.405576 0.008224 0.019784
0 0.351562 0.990108 0.015625 0.012590
0 0.674753 0.982914 0.022204 0.030575
0 0.773849 0.196942 0.011513 0.019784
0 0.259868 0.392986 0.011513 0.023381
0 0.658306 0.471223 0.017270 0.025180
0 0.330181 0.045863 0.013980 0.030575
0 0.754934 0.011691 0.026316 0.023381
0 0.599095 0.616906 0.012335 0.025180
0 0.360609 0.333633 0.010691 0.034173
0 0.590049 0.976619 0.043585 0.043165
0 0.368832 0.044065 0.015625 0.041367
0 0.224095 0.447842 0.022204 0.046763
0 0.604441 0.948741 0.039474 0.055755
0 0.671053 0.636691 0.077303 0.104317
0 0.604852 0.780576 0.020559 0.032374
0 0.708059 0.704137 0.018092 0.044964
0 0.303043 0.714928 0.086349 0.210432
0 0.082237 0.979317 0.023026 0.034173
0 0.768914 0.048561 0.029605 0.057554
0 0.381168 0.464029 0.028783 0.046763
0 0.512747 0.074640 0.023849 0.062950
0 0.258635 0.247302 0.027138 0.059353
0 0.802220 0.021583 0.027138 0.043165
0 0.740543 0.540468 0.033717 0.059353
0 0.489309 0.385791 0.019737 0.048561
0 0.652549 0.856115 0.023849 0.053957
0 0.583059 0.495504 0.059210 0.206835
0 0.307155 0.499101 0.022204 0.044964
0 0.666118 0.962230 0.034540 0.057554
0 0.532484 0.213129 0.045230 0.062950
0 0.432566 0.403777 0.026316 0.044964
0 0.704359 0.975719 0.030428 0.044964
0 0.158306 0.568345 0.020559 0.057554
0 0.555510 0.298561 0.038651 0.053957
0 0.197780 0.285971 0.033717 0.064748
0 0.714638 0.546763 0.023026 0.068345
0 0.196546 0.468525 0.026316 0.059353
0 0.444079 0.600719 0.036184 0.071942
0 0.665707 0.900180 0.032072 0.055755
0 0.694901 0.726619 0.018092 0.046763
0 0.685033 0.213129 0.046053 0.062950
0 0.282072 0.276978 0.021382 0.093525
0 0.389803 0.267986 0.027961 0.053957
0 0.760280 0.761691 0.028783 0.073741
0 0.538651 0.137590 0.049342 0.106115
0 0.136102 0.401079 0.025493 0.050360
0 0.461349 0.196942 0.044408 0.073741
0 0.844161 0.578237 0.027138 0.062950
0 0.289885 0.167266 0.030428 0.093525
0 0.544408 0.412770 0.032895 0.070144
0 0.855674 0.028777 0.041941 0.057554
0 0.159539 0.873201 0.029605 0.059353
0 0.470806 0.543165 0.040296 0.082734
0 0.237664 0.262590 0.034539 0.082734
0 0.830181 0.827338 0.032072 0.064748
0 0.407895 0.608813 0.039474 0.088129
0 0.663651 0.732914 0.031250 0.095324
0 0.707648 0.447842 0.056743 0.118705
0 0.696957 0.107914 0.037007 0.104317
0 0.724507 0.351619 0.003289 0.016187
0 0.325658 0.423561 0.003289 0.008993
0 0.106497 0.532374 0.004112 0.010791
0 0.678865 0.164568 0.004112 0.008993
0 0.631168 0.219424 0.004112 0.010791
0 0.610609 0.404676 0.004112 0.010791
0 0.632401 0.445144 0.003289 0.012590
0 0.179276 0.971223 0.003289 0.010791
0 0.141036 0.286871 0.004112 0.008993
0 0.665707 0.286871 0.004112 0.012590
0 0.256990 0.369604 0.004112 0.008993
0 0.745477 0.609712 0.004112 0.010791
0 0.734786 0.699640 0.004112 0.010791
0 0.499589 0.008993 0.004112 0.014388
0 0.597039 0.871403 0.003289 0.008993
0 0.694901 0.559353 0.003289 0.010791
0 0.464227 0.300360 0.004112 0.010791
0 0.611020 0.810252 0.006579 0.019784
0 0.570724 0.888489 0.003289 0.010791
0 0.320724 0.291367 0.004934 0.010791
0 0.650082 0.982914 0.007401 0.016187
0 0.168586 0.493705 0.004934 0.008993
0 0.629934 0.348022 0.004934 0.012590
0 0.535773 0.017986 0.004112 0.014388
0 0.763158 0.482014 0.004934 0.014388
0 0.475740 0.915468 0.004112 0.010791
0 0.349918 0.365108 0.004112 0.010791
0 0.620477 0.303058 0.004112 0.016187
0 0.660362 0.260791 0.004934 0.010791
0 0.241365 0.976619 0.004112 0.010791
0 0.641036 0.543165 0.004112 0.010791
0 0.827714 0.921763 0.004112 0.008993
0 0.545230 0.373201 0.009868 0.016187
0 0.345395 0.349820 0.008224 0.012590
0 0.640625 0.115108 0.004934 0.014389
0 0.722862 0.737410 0.004934 0.010791
0 0.647615 0.564748 0.005757 0.021583
0 0.346628 0.616007 0.005757 0.012590
0 0.270559 0.435252 0.006579 0.014389
0 0.516036 0.449640 0.007401 0.014389
0 0.395970 0.818345 0.005757 0.014388
0 0.408306 0.312050 0.007401 0.019784
0 0.094161 0.004496 0.017270 0.008993
0 0.580592 0.057554 0.006579 0.014388
0 0.713405 0.616906 0.009046 0.021583
