0 0.662007 0.802158 0.008224 0.017986
0 0.441201 0.080935 0.007401 0.017986
0 0.179688 0.512590 0.009046 0.017986
0 0.728207 0.044964 0.009046 0.017986
0 0.458882 0.426259 0.009868 0.025180
0 0.577303 0.988309 0.018092 0.019784
0 0.778372 0.016187 0.038651 0.032374
0 0.400082 0.803957 0.030428 0.061151
0 0.238898 0.924460 0.018914 0.035971
0 0.264803 0.016187 0.029605 0.032374
0 0.567023 0.481115 0.017270 0.034173
0 0.849507 0.633993 0.044408 0.070144
0 0.473273 0.718525 0.035362 0.077338
0 0.296875 0.016187 0.021382 0.032374
0 0.607319 0.732914 0.015625 0.041367
0 0.437500 0.033273 0.029605 0.055755
0 0.556332 0.638489 0.018915 0.043166
0 0.221217 0.981115 0.034539 0.034173
0 0.761924 0.386691 0.027138 0.053957
0 0.524260 0.294065 0.027138 0.059352
0 0.652961 0.376799 0.021382 0.041367
0 0.435033 0.827338 0.027960 0.053957
0 0.689556 0.850719 0.022204 0.057554
0 0.243421 0.619604 0.021382 0.059353
0 0.561678 0.423561 0.029605 0.062950
0 0.738898 0.803957 0.027138 0.050360
0 0.647615 0.318345 0.028783 0.039568
0 0.115954 0.499101 0.055921 0.077338
0 0.601151 0.187950 0.026316 0.059353
0 0.849095 0.811151 0.027138 0.068345
0 0.420230 0.080036 0.029605 0.052158
0 0.253701 0.975719 0.025493 0.048561
0 0.561266 0.782374 0.025493 0.046763
0 0.532072 0.336331 0.026316 0.064748
0 0.756579 0.551259 0.037829 0.055755
0 0.555510 0.731115 0.032072 0.055755
0 0.601974 0.976619 0.029605 0.043165
0 0.817845 0.714029 0.028783 0.053957
0 0.173931 0.151079 0.038651 0.057554
0 0.408306 0.402878 0.030428 0.057554
0 0.380345 0.150180 0.022204 0.048561
0 0.390625 0.563849 0.027961 0.055755
0 0.147204 0.524281 0.023026 0.055755
0 0.522204 0.126799 0.029605 0.066547
0 0.301398 0.765288 0.035362 0.062950
0 0.230674 0.737410 0.020559 0.075540
0 0.202714 0.680755 0.023849 0.052158
0 0.636102 0.659173 0.032072 0.088129
0 0.365543 0.793165 0.030428 0.068345
0 0.827303 0.839029 0.024671 0.077338
0 0.426398 0.125000 0.038651 0.052158
0 0.268914 0.591727 0.044408 0.097122
0 0.294819 0.694245 0.030428 0.050360
0 0.587993 0.046763 0.046053 0.093525
0 0.910773 0.915468 0.050164 0.107914
0 0.371711 0.330935 0.032895 0.071942
0 0.792352 0.256295 0.030428 0.066547
0 0.223273 0.825540 0.055099 0.118705
0 0.453536 0.680755 0.038651 0.084532
0 0.307977 0.411871 0.050165 0.100719
0 0.088816 0.303058 0.042763 0.073741
0 0.743421 0.064748 0.036184 0.079137
0 0.429688 0.946043 0.004112 0.014388
0 0.699424 0.882194 0.004112 0.012590
0 0.423109 0.491007 0.004112 0.010791
0 0.807977 0.548561 0.004112 0.010791
0 0.715049 0.025180 0.004112 0.010791
0 0.319490 0.721223 0.004112 0.010791
0 0.565378 0.003597 0.005757 0.007194
0 0.245066 0.187950 0.003289 0.008993
0 0.641447 0.194245 0.003289 0.010791
0 0.699013 0.977518 0.004934 0.012590
0 0.662829 0.102518 0.004934 0.010791
0 0.701480 0.755396 0.004934 0.010791
0 0.697780 0.738309 0.004112 0.008993
0 0.705181 0.280576 0.004112 0.010791
0 0.589227 0.219424 0.005757 0.010791
0 0.326891 0.140288 0.004112 0.010791
0 0.463816 0.882194 0.003289 0.008993
0 0.292763 0.052158 0.003289 0.010791
0 0.457648 0.636691 0.007401 0.014388
0 0.673109 0.423561 0.004112 0.008993
0 0.717105 0.442446 0.004934 0.010791
0 0.802632 0.004496 0.004934 0.008993
0 0.625822 0.375899 0.006579 0.010791
0 0.710938 0.787770 0.005757 0.010791
0 0.608141 0.838130 0.004112 0.010791
0 0.546875 0.473921 0.004934 0.016187
0 0.509457 0.434353 0.005757 0.012590
0 0.502056 0.723921 0.004112 0.012590
0 0.674342 0.955036 0.004934 0.014388
0 0.843750 0.309353 0.008224 0.010791
0 0.587171 0.692446 0.004934 0.014388
0 0.621711 0.186151 0.004934 0.012590
0 0.424342 0.334532 0.008224 0.014389
0 0.496299 0.512590 0.005757 0.010791
0 0.545641 0.681655 0.007401 0.010791
0 0.621299 0.982914 0.009046 0.012590
0 0.774260 0.076439 0.007401 0.012590
0 0.668174 0.484712 0.005757 0.016187
0 0.744655 0.628597 0.007401 0.012590
0 0.659951 0.929856 0.007401 0.014388
0 0.804276 0.914568 0.008224 0.012590
0 0.461349 0.357914 0.006579 0.014389
0 0.676398 0.899281 0.007401 0.014388
0 0.549342 0.800360 0.006579 0.025180
0 0.403372 0.249101 0.007401 0.019784
0 0.820312 0.169065 0.007401 0.017986
