0 0.798520 0.802158 0.006579 0.017986
0 0.550576 0.480216 0.009046 0.028777
0 0.488076 0.481115 0.009046 0.023381
0 0.650905 0.626799 0.007401 0.019784
0 0.466283 0.008094 0.029605 0.016187
0 0.800164 0.849820 0.011513 0.019784
0 0.425987 0.690647 0.011513 0.025180
0 0.853618 0.676259 0.011513 0.025180
0 0.331003 0.987410 0.023849 0.021583
0 0.173931 0.116906 0.023849 0.053957
0 0.650905 0.910072 0.027138 0.061151
0 0.609375 0.678957 0.011513 0.026978
0 0.820312 0.674460 0.012335 0.025180
0 0.375822 0.803058 0.050987 0.088129
0 0.375822 0.541367 0.018092 0.039568
0 0.903783 0.034173 0.065789 0.068345
0 0.204359 0.977518 0.073191 0.044964
0 0.801809 0.199640 0.027960 0.064748
0 0.616970 0.321890 0.025493 0.037770
0 0.504523 0.050360 0.033717 0.043165
0 0.504934 0.540468 0.027960 0.062950
0 0.302632 0.172662 0.032895 0.057554
0 0.558799 0.022482 0.030428 0.044964
0 0.201069 0.491906 0.022204 0.041367
0 0.243010 0.023381 0.023849 0.046763
0 0.836760 0.220324 0.018915 0.037770
0 0.403372 0.849820 0.027138 0.055755
0 0.821546 0.133993 0.027960 0.048561
0 0.427220 0.787770 0.043586 0.057554
0 0.446135 0.428957 0.028783 0.062950
0 0.431743 0.219424 0.023026 0.064748
0 0.775082 0.574640 0.022204 0.041367
0 0.697780 0.840827 0.023849 0.044964
0 0.469572 0.475719 0.034540 0.062950
0 0.324013 0.603417 0.024671 0.073741
0 0.289885 0.400180 0.030428 0.059352
0 0.267270 0.040468 0.034539 0.073741
0 0.518914 0.451439 0.036184 0.057554
0 0.597451 0.926259 0.028783 0.057554
0 0.763158 0.467626 0.067434 0.097122
0 0.308799 0.495504 0.028783 0.055755
0 0.258635 0.767086 0.025493 0.055755
0 0.408306 0.289568 0.020559 0.050360
0 0.385691 0.461331 0.031250 0.066547
0 0.702714 0.652878 0.035362 0.071942
0 0.696546 0.041367 0.032895 0.071942
0 0.909539 0.683453 0.023026 0.046763
0 0.271793 0.440647 0.028783 0.061151
0 0.871299 0.865108 0.030428 0.061151
0 0.283306 0.123201 0.038651 0.073741
0 0.647615 0.701439 0.046875 0.079137
0 0.581414 0.244604 0.046053 0.089928
0 0.332237 0.048561 0.059210 0.097122
0 0.453125 0.916367 0.027960 0.062950
0 0.217516 0.255396 0.030428 0.075540
0 0.684622 0.176259 0.050165 0.129496
0 0.396793 0.404676 0.004112 0.010791
0 0.767270 0.764389 0.003289 0.010791
0 0.120477 0.820144 0.004112 0.010791
0 0.559622 0.116906 0.004112 0.010791
0 0.164474 0.354317 0.003289 0.010791
0 0.423109 0.991906 0.004112 0.008993
0 0.384457 0.709532 0.004112 0.008993
0 0.339227 0.317446 0.004112 0.012590
0 0.178043 0.075540 0.004112 0.010791
0 0.517270 0.214029 0.004934 0.010791
0 0.354030 0.718525 0.004112 0.008993
0 0.752878 0.705935 0.004112 0.008993
0 0.164474 0.200540 0.003289 0.008993
0 0.504523 0.603417 0.002467 0.008993
0 0.398849 0.203237 0.003289 0.010791
0 0.545641 0.616007 0.004112 0.008993
0 0.379112 0.040468 0.003289 0.008993
0 0.498355 0.689748 0.004934 0.012590
0 0.415707 0.080935 0.004112 0.010791
0 0.511513 0.910072 0.003289 0.010791
0 0.542352 0.932554 0.004112 0.008993
0 0.479441 0.435252 0.004934 0.010791
0 0.284951 0.845324 0.004112 0.010791
0 0.698191 0.729317 0.003289 0.008993
0 0.070724 0.113309 0.004934 0.014388
0 0.341283 0.847122 0.004934 0.007194
0 0.597862 0.855216 0.004934 0.008993
0 0.747122 0.895683 0.004112 0.007194
0 0.539062 0.321043 0.005757 0.008993
0 0.870066 0.176259 0.004934 0.010791
0 0.793997 0.839928 0.005757 0.010791
0 0.424342 0.169065 0.004934 0.010791
0 0.572780 0.808453 0.004112 0.008993
0 0.603207 0.795863 0.004112 0.008993
0 0.463816 0.831835 0.004934 0.012590
0 0.384868 0.624101 0.004934 0.010791
0 0.477796 0.579137 0.004934 0.010791
0 0.198191 0.404676 0.004934 0.010791
0 0.672697 0.623201 0.004934 0.012590
0 0.488487 0.146583 0.004934 0.016187
0 0.365954 0.737410 0.003289 0.010791
0 0.618010 0.073741 0.004112 0.010791
0 0.317434 0.822842 0.003289 0.008993
0 0.272204 0.538669 0.004934 0.012590
0 0.100329 0.640288 0.004934 0.010791
0 0.901316 0.230216 0.006579 0.010791
0 0.589227 0.603417 0.005757 0.016187
0 0.556743 0.682554 0.006579 0.012590
0 0.841283 0.164568 0.006579 0.012590
0 0.729441 0.633094 0.004934 0.014388
0 0.768503 0.723022 0.005757 0.017986
