0 0.188322 0.831835 0.008224 0.019784
0 0.706826 0.281475 0.012335 0.023381
0 0.799753 0.120504 0.012335 0.021583
0 0.591694 0.984712 0.038651 0.026978
0 0.776316 0.815647 0.011513 0.026978
0 0.887336 0.831835 0.011513 0.023381
0 0.718339 0.632194 0.013980 0.030575
0 0.655428 0.982014 0.044408 0.035971
0 0.813734 0.661870 0.041941 0.075540
0 0.386513 0.981115 0.029605 0.030575
0 0.851151 0.985611 0.024671 0.025180
0 0.551809 0.966727 0.024671 0.066547
0 0.700658 0.722122 0.026316 0.062950
0 0.517681 0.462230 0.025493 0.035971
0 0.599095 0.737410 0.017270 0.039568
0 0.426398 0.058453 0.043586 0.055755
0 0.547286 0.719424 0.041941 0.064748
0 0.430099 0.491007 0.039474 0.068345
0 0.203536 0.461331 0.032072 0.044964
0 0.568257 0.557554 0.026316 0.039568
0 0.505757 0.352518 0.024671 0.061151
0 0.818257 0.602518 0.032895 0.046763
0 0.423931 0.817446 0.020559 0.044964
0 0.379523 0.842626 0.027138 0.062950
0 0.402961 0.119604 0.026316 0.055755
0 0.329359 0.513489 0.023849 0.070144
0 0.825658 0.811151 0.082237 0.122302
0 0.453125 0.187050 0.027960 0.064748
0 0.650905 0.180755 0.027138 0.062950
0 0.597451 0.196043 0.028783 0.057554
0 0.763980 0.844424 0.024671 0.062950
0 0.189556 0.542266 0.032072 0.044964
0 0.716694 0.856115 0.028783 0.057554
0 0.689145 0.531475 0.024671 0.048561
0 0.258224 0.036871 0.026316 0.055755
0 0.697780 0.110612 0.023849 0.044964
0 0.871711 0.134892 0.031250 0.061151
0 0.858964 0.404676 0.040296 0.057554
0 0.278372 0.926259 0.040296 0.071942
0 0.330181 0.278777 0.027138 0.061151
0 0.199836 0.380396 0.052632 0.120504
0 0.204359 0.271583 0.076480 0.100719
0 0.127056 0.354317 0.037007 0.075540
0 0.799342 0.712230 0.029605 0.057554
0 0.425987 0.625000 0.029605 0.062950
0 0.328536 0.966727 0.030428 0.066547
0 0.303454 0.750899 0.026316 0.048561
0 0.394737 0.475719 0.037829 0.070144
0 0.376234 0.074640 0.051809 0.088130
0 0.562089 0.758993 0.028783 0.057554
0 0.418997 0.729317 0.058388 0.084532
0 0.578536 0.929856 0.037007 0.082734
0 0.685444 0.955935 0.041941 0.088129
0 0.779605 0.587230 0.003289 0.008993
0 0.462993 0.415468 0.004934 0.010791
0 0.555099 0.375000 0.003289 0.008993
0 0.455181 0.666367 0.004112 0.008993
0 0.519737 0.602518 0.003289 0.010791
0 0.643503 0.408273 0.004112 0.010791
0 0.768914 0.351619 0.004934 0.008993
0 0.747122 0.166367 0.004112 0.008993
0 0.480674 0.506295 0.004112 0.008993
0 0.652549 0.721223 0.004112 0.010791
0 0.489309 0.608813 0.003289 0.008993
0 0.228207 0.674460 0.004112 0.010791
0 0.483141 0.739209 0.004112 0.010791
0 0.310855 0.166367 0.003289 0.008993
0 0.412829 0.962230 0.003289 0.010791
0 0.730263 0.952338 0.003289 0.008993
0 0.606908 0.607914 0.004934 0.010791
0 0.479030 0.283273 0.004112 0.012590
0 0.907484 0.749101 0.004112 0.008993
0 0.265625 0.585432 0.004934 0.008993
0 0.215461 0.934353 0.003289 0.012590
0 0.423109 0.260791 0.004112 0.010791
0 0.732730 0.662770 0.003289 0.008993
0 0.284951 0.115108 0.004112 0.010791
0 0.365954 0.005396 0.004934 0.010791
0 0.405428 0.380396 0.006579 0.012590
0 0.430921 0.345324 0.004934 0.010791
0 0.448191 0.770683 0.003289 0.008993
0 0.505345 0.959532 0.004112 0.008993
0 0.572780 0.078237 0.004112 0.008993
0 0.665707 0.427158 0.005757 0.008993
0 0.341283 0.116007 0.004934 0.008993
0 0.597451 0.126799 0.004112 0.008993
0 0.541941 0.203237 0.004934 0.010791
0 0.602385 0.556655 0.005757 0.012590
0 0.463816 0.102518 0.004934 0.010791
0 0.883224 0.910072 0.004934 0.010791
0 0.644737 0.572842 0.004934 0.019784
0 0.574836 0.358813 0.004934 0.008993
0 0.531661 0.884892 0.004112 0.010791
0 0.603618 0.067446 0.004934 0.008993
0 0.317023 0.093525 0.004112 0.010791
0 0.819079 0.444245 0.004934 0.014389
0 0.309211 0.546763 0.004934 0.010791
0 0.465461 0.897482 0.004934 0.010791
0 0.347039 0.468525 0.004934 0.012590
0 0.275905 0.459532 0.005757 0.016187
0 0.686678 0.727518 0.006579 0.016187
0 0.199836 0.818345 0.004934 0.017986
0 0.639803 0.886691 0.006579 0.010791
0 0.459293 0.910072 0.005757 0.014388
0 0.767681 0.694245 0.005757 0.014388
0 0.799342 0.072842 0.006579 0.016187
0 0.580181 0.984712 0.017270 0.026978
