0 0.745477 0.746403 0.010691 0.021583
0 0.599095 0.797662 0.009046 0.016187
0 0.454359 0.250899 0.009046 0.023381
0 0.692023 0.089928 0.013980 0.025180
0 0.571135 0.989209 0.012335 0.021583
0 0.743010 0.260791 0.012335 0.032374
0 0.731497 0.979317 0.025493 0.037770
0 0.718750 0.966727 0.018092 0.034173
0 0.692023 0.803058 0.012335 0.030575
0 0.426809 0.748201 0.021382 0.053957
0 0.626234 0.017086 0.048520 0.034173
0 0.619655 0.206835 0.015625 0.035971
0 0.875822 0.521583 0.031250 0.046763
0 0.841283 0.526978 0.032895 0.043166
0 0.441201 0.803957 0.022204 0.039568
0 0.665296 0.718525 0.039474 0.052158
0 0.783717 0.651978 0.031250 0.059353
0 0.627056 0.249101 0.035362 0.041367
0 0.589638 0.639389 0.026316 0.041367
0 0.595806 0.359712 0.023849 0.032374
0 0.423520 0.851619 0.023026 0.066547
0 0.787829 0.134892 0.019737 0.039568
0 0.585938 0.912770 0.025493 0.052158
0 0.743010 0.489209 0.025493 0.057554
0 0.665707 0.158273 0.027138 0.057554
0 0.409128 0.514389 0.023849 0.046763
0 0.355263 0.027878 0.052632 0.055755
0 0.363076 0.108813 0.023849 0.066547
0 0.814145 0.653777 0.026316 0.062950
0 0.879112 0.718525 0.031250 0.044964
0 0.613487 0.839029 0.021382 0.044964
0 0.400082 0.946942 0.025493 0.059353
0 0.224095 0.919964 0.041941 0.070144
0 0.229852 0.820144 0.028783 0.050360
0 0.875000 0.836331 0.032895 0.043166
0 0.670230 0.098022 0.032895 0.044964
0 0.395559 0.811151 0.031250 0.061151
0 0.454359 0.838130 0.037007 0.086331
0 0.917352 0.222122 0.028783 0.052158
0 0.473684 0.715827 0.034540 0.075540
0 0.875822 0.072842 0.026316 0.044964
0 0.671464 0.323741 0.030428 0.053957
0 0.296875 0.240108 0.031250 0.055755
0 0.196135 0.491906 0.063322 0.120504
0 0.438322 0.322842 0.049342 0.113309
0 0.683388 0.630396 0.027960 0.055755
0 0.772615 0.535971 0.027138 0.046763
0 0.455181 0.772482 0.033717 0.052158
0 0.560855 0.423561 0.036184 0.073741
0 0.588405 0.290468 0.038651 0.080935
0 0.639803 0.695144 0.024671 0.048561
0 0.872122 0.483813 0.025493 0.050360
0 0.423931 0.022482 0.038651 0.044964
0 0.860609 0.566547 0.028783 0.046763
0 0.229030 0.519784 0.038651 0.079137
0 0.284128 0.650180 0.033717 0.077338
0 0.563322 0.491906 0.036184 0.059353
0 0.644737 0.765288 0.041118 0.077338
0 0.147204 0.435252 0.031250 0.064748
0 0.421053 0.087230 0.037829 0.091727
0 0.269737 0.338129 0.031250 0.079137
0 0.522615 0.950540 0.004112 0.008993
0 0.305099 0.758993 0.003289 0.010791
0 0.502467 0.694245 0.003289 0.010791
0 0.486842 0.425360 0.004934 0.012590
0 0.869655 0.687050 0.004112 0.010791
0 0.685033 0.383993 0.003289 0.008993
0 0.620066 0.526978 0.004934 0.010791
0 0.642270 0.655576 0.003289 0.012590
0 0.862664 0.147482 0.004934 0.014388
0 0.483964 0.461331 0.004112 0.012590
0 0.377878 0.740108 0.004112 0.008993
0 0.821135 0.853417 0.004112 0.008993
0 0.439967 0.984712 0.003289 0.012590
0 0.747944 0.714928 0.004112 0.008993
0 0.623766 0.135791 0.004112 0.012590
0 0.791530 0.491007 0.004112 0.014388
0 0.258635 0.092626 0.004112 0.012590
0 0.660362 0.380396 0.004934 0.008993
0 0.554688 0.812950 0.004112 0.010791
0 0.400082 0.589029 0.004112 0.012590
0 0.573191 0.154676 0.004934 0.010791
0 0.213405 0.626799 0.007401 0.012590
0 0.674753 0.681655 0.004112 0.017986
0 0.511924 0.422662 0.005757 0.014389
0 0.796464 0.578237 0.007401 0.012590
0 0.845806 0.701439 0.009046 0.010791
0 0.712171 0.673561 0.008224 0.016187
