0 0.316201 0.375899 0.007401 0.017986
0 0.360609 0.847122 0.009046 0.017986
0 0.397615 0.875000 0.012336 0.019784
0 0.524260 0.571942 0.010691 0.032374
0 0.695724 0.107914 0.008224 0.025180
0 0.777549 0.836331 0.009046 0.021583
0 0.340049 0.496403 0.030428 0.050360
0 0.273849 0.654676 0.013158 0.021583
0 0.782895 0.438849 0.011513 0.028777
0 0.233141 0.871403 0.009046 0.026978
0 0.380345 0.941547 0.012336 0.019784
0 0.777961 0.983813 0.027960 0.028777
0 0.395970 0.062950 0.017270 0.039568
0 0.390625 0.173561 0.026316 0.037770
0 0.521382 0.372302 0.016447 0.035971
0 0.426398 0.979317 0.033717 0.041367
0 0.502056 0.307554 0.022204 0.053957
0 0.620066 0.839029 0.018092 0.037770
0 0.651727 0.309353 0.023849 0.043166
0 0.926398 0.938849 0.028783 0.064748
0 0.847862 0.771583 0.026316 0.057554
0 0.231086 0.621403 0.024671 0.048561
0 0.767681 0.785971 0.023849 0.053957
0 0.313322 0.483813 0.047697 0.082734
0 0.637336 0.706835 0.021382 0.053957
0 0.290296 0.468525 0.023026 0.052158
0 0.340872 0.544964 0.035362 0.061151
0 0.347039 0.460432 0.023026 0.046763
0 0.507401 0.503597 0.029605 0.057554
0 0.442434 0.270683 0.027960 0.055755
0 0.117188 0.833633 0.040296 0.055755
0 0.256990 0.601619 0.032072 0.066547
0 0.661184 0.491906 0.024671 0.052158
0 0.356086 0.347122 0.034539 0.050360
0 0.234375 0.436151 0.039474 0.073741
0 0.231497 0.701439 0.025493 0.086331
0 0.829359 0.794964 0.028783 0.064748
0 0.216694 0.796763 0.020559 0.046763
0 0.464227 0.451439 0.020559 0.053957
0 0.375411 0.098022 0.038651 0.106115
0 0.075247 0.733813 0.027138 0.053957
0 0.346217 0.783273 0.029605 0.052158
0 0.371711 0.456835 0.032895 0.064748
0 0.593750 0.964029 0.027960 0.061151
0 0.297697 0.109712 0.031250 0.057554
0 0.426809 0.766187 0.024671 0.068345
0 0.578947 0.178058 0.029605 0.057554
0 0.245888 0.548561 0.039474 0.089928
0 0.393503 0.658273 0.023849 0.046763
0 0.628289 0.426259 0.032895 0.057554
0 0.170641 0.205036 0.032072 0.075540
0 0.861431 0.865108 0.041941 0.050360
0 0.685855 0.321043 0.034540 0.052158
0 0.490543 0.071043 0.025493 0.052158
0 0.159539 0.489209 0.055921 0.097122
0 0.516859 0.964029 0.030428 0.064748
0 0.634868 0.629496 0.023026 0.057554
0 0.355674 0.645683 0.038651 0.068345
0 0.802632 0.506295 0.031250 0.066547
0 0.096217 0.341727 0.024671 0.053957
0 0.470395 0.318345 0.046053 0.104317
0 0.520559 0.432554 0.047697 0.095324
0 0.204359 0.705036 0.035362 0.082734
0 0.584293 0.258993 0.004112 0.010791
0 0.719161 0.869604 0.004112 0.008993
0 0.548520 0.044964 0.003289 0.010791
0 0.526727 0.157374 0.004112 0.008993
0 0.366365 0.936151 0.004112 0.008993
0 0.398849 0.727518 0.003289 0.008993
0 0.904194 0.285971 0.004112 0.014389
0 0.399260 0.893885 0.007401 0.014388
0 0.663651 0.685252 0.003289 0.010791
0 0.518914 0.790468 0.003289 0.008993
0 0.350740 0.289568 0.005757 0.010791
0 0.291530 0.522482 0.004112 0.012590
0 0.460938 0.720324 0.004112 0.008993
0 0.560855 0.418165 0.004934 0.008993
0 0.536184 0.235612 0.003289 0.010791
0 0.518914 0.829137 0.004934 0.010791
0 0.537418 0.057554 0.004112 0.010791
0 0.685444 0.236511 0.004112 0.008993
0 0.203536 0.310252 0.005757 0.012590
0 0.667763 0.304856 0.006579 0.016187
0 0.741776 0.982014 0.003289 0.010791
0 0.449424 0.197842 0.004112 0.014388
0 0.694079 0.400180 0.004934 0.008993
0 0.717516 0.457734 0.004112 0.016187
0 0.518503 0.926259 0.007401 0.014388
0 0.240132 0.751799 0.004934 0.010791
0 0.619243 0.196942 0.006579 0.016187
0 0.511513 0.004496 0.006579 0.008993
0 0.535773 0.963130 0.005757 0.016187
0 0.513569 0.122302 0.004112 0.014389
0 0.803043 0.444245 0.005757 0.014389
0 0.249178 0.357914 0.004934 0.010791
0 0.411184 0.037770 0.006579 0.010791
0 0.409539 0.011691 0.004934 0.008993
0 0.406250 0.826439 0.004934 0.008993
0 0.849095 0.687050 0.004112 0.010791
0 0.395148 0.035971 0.005757 0.014388
0 0.170641 0.526079 0.018915 0.034173
0 0.280839 0.685252 0.004112 0.010791
0 0.572780 0.979317 0.005757 0.012590
0 0.421875 0.168165 0.004934 0.012590
0 0.815378 0.026079 0.004112 0.016187
0 0.558388 0.750000 0.004934 0.014388
0 0.416118 0.116007 0.004934 0.012590
0 0.222862 0.277878 0.004934 0.012590
0 0.906661 0.839928 0.007401 0.014388
0 0.412007 0.276079 0.006579 0.012590
0 0.667763 0.059353 0.006579 0.014388
0 0.676809 0.942446 0.006579 0.017986
0 0.778372 0.360611 0.005757 0.016187
0 0.469572 0.760791 0.008224 0.014388
0 0.360197 0.739209 0.008224 0.014388
0 0.717928 0.532374 0.006579 0.025180
