0 0.541530 0.504496 0.007401 0.016187
0 0.268914 0.625899 0.008224 0.017986
0 0.232730 0.614209 0.008224 0.016187
0 0.407072 0.275180 0.009868 0.021583
0 0.238076 0.863309 0.009046 0.017986
0 0.484786 0.674460 0.007401 0.021583
0 0.662007 0.681655 0.009868 0.021583
0 0.446546 0.121403 0.011513 0.030575
0 0.543997 0.018885 0.010691 0.023381
0 0.664062 0.129496 0.010691 0.021583
0 0.342516 0.452338 0.007401 0.016187
0 0.428454 0.903777 0.009868 0.023381
0 0.369655 0.591727 0.010691 0.025180
0 0.784539 0.419964 0.013158 0.019784
0 0.843750 0.223921 0.014803 0.019784
0 0.504112 0.489209 0.013158 0.025180
0 0.834704 0.385791 0.013158 0.030575
0 0.387336 0.930755 0.024671 0.041367
0 0.771793 0.098921 0.012335 0.021583
0 0.799342 0.191547 0.014803 0.026978
0 0.256579 0.043166 0.016447 0.025180
0 0.530839 0.418165 0.017270 0.034173
0 0.614309 0.169964 0.032895 0.044964
0 0.645148 0.247302 0.013980 0.030575
0 0.608553 0.440647 0.013158 0.035971
0 0.606908 0.016187 0.034540 0.032374
0 0.314145 0.112410 0.019737 0.037770
0 0.383635 0.974820 0.046875 0.050360
0 0.177632 0.120504 0.041118 0.061151
0 0.122122 0.967626 0.066612 0.064748
0 0.425987 0.257194 0.029605 0.068345
0 0.696957 0.325540 0.012335 0.035971
0 0.350740 0.415468 0.032072 0.053957
0 0.554688 0.428957 0.030428 0.055755
0 0.571546 0.035072 0.031250 0.055755
0 0.408717 0.311151 0.023026 0.061151
0 0.416530 0.765288 0.033717 0.062950
0 0.453947 0.542266 0.027960 0.055755
0 0.645148 0.217626 0.025493 0.043165
0 0.627878 0.436151 0.020559 0.044964
0 0.331003 0.857014 0.023849 0.048561
0 0.170230 0.071942 0.032895 0.050360
0 0.328947 0.908273 0.042763 0.071942
0 0.375822 0.821942 0.026316 0.061151
0 0.467928 0.438849 0.023026 0.046763
0 0.530016 0.466727 0.033717 0.066547
0 0.740954 0.088129 0.049342 0.068345
0 0.728207 0.031475 0.035362 0.062950
0 0.844572 0.345324 0.029605 0.061151
0 0.224095 0.576439 0.038651 0.066547
0 0.770559 0.774281 0.032895 0.055755
0 0.197780 0.378597 0.027138 0.062950
0 0.489720 0.927158 0.027138 0.048561
0 0.368421 0.485611 0.027960 0.050360
0 0.592105 0.071043 0.031250 0.059352
0 0.363898 0.758094 0.022204 0.059353
0 0.134046 0.557554 0.032895 0.064748
0 0.352796 0.535072 0.027960 0.059353
0 0.594161 0.700540 0.028783 0.059353
0 0.592928 0.815647 0.059210 0.059353
0 0.250000 0.464029 0.041118 0.115108
0 0.351974 0.813849 0.034540 0.073741
0 0.235609 0.394784 0.023849 0.052158
0 0.909539 0.690647 0.039474 0.068345
0 0.571957 0.494604 0.038651 0.071942
0 0.664062 0.345324 0.030428 0.057554
0 0.734786 0.566547 0.041941 0.075540
0 0.780839 0.829137 0.038651 0.068345
0 0.652138 0.642986 0.023026 0.059353
0 0.504112 0.397482 0.027960 0.071942
0 0.741365 0.712230 0.033717 0.071942
0 0.466694 0.355216 0.027138 0.062950
0 0.803454 0.480216 0.036184 0.097122
0 0.183388 0.570144 0.044408 0.140288
0 0.635280 0.767086 0.030428 0.066547
0 0.771382 0.533273 0.029605 0.066547
0 0.509046 0.602518 0.029605 0.064748
0 0.177632 0.234712 0.054276 0.080935
0 0.258635 0.549460 0.030428 0.062950
0 0.553043 0.134892 0.028783 0.079137
0 0.446957 0.870504 0.038651 0.079137
0 0.620888 0.100719 0.046053 0.089928
0 0.418586 0.115108 0.037829 0.089928
0 0.216283 0.138489 0.042763 0.075540
0 0.582237 0.592626 0.050987 0.102518
0 0.701069 0.183453 0.004112 0.010791
0 0.553865 0.254496 0.004112 0.008993
0 0.651316 0.139388 0.004934 0.008993
0 0.621299 0.858813 0.004112 0.008993
0 0.464638 0.062950 0.003289 0.010791
0 0.803865 0.412770 0.004112 0.012590
0 0.596628 0.370504 0.004112 0.010791
0 0.727385 0.942446 0.004112 0.010791
0 0.662007 0.490108 0.003289 0.012590
0 0.802632 0.317446 0.004934 0.008993
0 0.687500 0.583633 0.004934 0.008993
0 0.527549 0.305755 0.004112 0.010791
0 0.854030 0.487410 0.004112 0.010791
0 0.695724 0.289568 0.003289 0.010791
0 0.161184 0.992806 0.004934 0.010791
0 0.275082 0.687050 0.004112 0.010791
0 0.446546 0.707734 0.004934 0.008993
0 0.696957 0.915468 0.005757 0.010791
0 0.317023 0.464029 0.004112 0.010791
0 0.740543 0.772482 0.004112 0.012590
0 0.272615 0.714029 0.004112 0.010791
0 0.344984 0.383094 0.009046 0.014389
0 0.495477 0.102518 0.005757 0.010791
0 0.467516 0.491906 0.004112 0.012590
0 0.487664 0.809353 0.004934 0.010791
0 0.651316 0.929856 0.006579 0.007194
0 0.831003 0.931655 0.005757 0.010791
0 0.641859 0.919964 0.004112 0.012590
0 0.690378 0.392086 0.007401 0.010791
0 0.275493 0.786870 0.008224 0.016187
0 0.448602 0.285971 0.005757 0.017986
0 0.631168 0.356115 0.005757 0.014389
0 0.719572 0.267086 0.004934 0.019784
0 0.652138 0.895683 0.006579 0.014388
0 0.535773 0.716727 0.005757 0.012590
0 0.659128 0.182554 0.005757 0.016187
0 0.354030 0.149281 0.005757 0.025180
0 0.498355 0.565647 0.008224 0.016187
0 0.864309 0.622302 0.008224 0.014388
0 0.784539 0.101619 0.006579 0.012590
0 0.300164 0.326439 0.006579 0.016187
0 0.426809 0.366007 0.008224 0.023381
