0 0.848273 0.581835 0.007401 0.019784
0 0.525493 0.337230 0.006579 0.019784
0 0.608553 0.166367 0.006579 0.016187
0 0.606086 0.522482 0.011513 0.019784
0 0.534539 0.395683 0.008224 0.017986
0 0.652138 0.633094 0.013158 0.032374
0 0.353207 0.732014 0.009046 0.017986
0 0.638980 0.662770 0.013158 0.016187
0 0.334704 0.912770 0.009868 0.026978
0 0.438734 0.436151 0.012335 0.019784
0 0.481908 0.249101 0.009868 0.019784
0 0.518092 0.989209 0.018092 0.017986
0 0.536595 0.861511 0.010691 0.017986
0 0.376234 0.660971 0.010691 0.030575
0 0.161595 0.124101 0.010691 0.025180
0 0.214638 0.916367 0.014803 0.030575
0 0.186266 0.444245 0.041941 0.061151
0 0.425987 0.035072 0.036184 0.070144
0 0.649671 0.690647 0.024671 0.068345
0 0.762336 0.148381 0.023026 0.052158
0 0.851151 0.142986 0.041118 0.116906
0 0.774260 0.733813 0.013980 0.039568
0 0.331003 0.703237 0.023849 0.032374
0 0.229441 0.079137 0.014803 0.032374
0 0.414062 0.912770 0.027138 0.084532
0 0.475329 0.064748 0.023026 0.050360
0 0.341694 0.429856 0.023849 0.046763
0 0.594984 0.424460 0.022204 0.061151
0 0.608141 0.981115 0.027138 0.034173
0 0.175576 0.484712 0.025493 0.041367
0 0.467928 0.016187 0.023026 0.032374
0 0.878701 0.459532 0.027138 0.052158
0 0.186678 0.975719 0.047697 0.044964
0 0.489309 0.713130 0.036184 0.052158
0 0.450658 0.948741 0.019737 0.059353
0 0.702303 0.963130 0.029605 0.055755
0 0.803454 0.284173 0.032895 0.053957
0 0.089227 0.447842 0.030428 0.050360
0 0.217928 0.518885 0.027961 0.055755
0 0.726151 0.446942 0.042763 0.073741
0 0.504523 0.839928 0.027138 0.050360
0 0.593339 0.135791 0.027138 0.044964
0 0.215461 0.855216 0.029605 0.055755
0 0.458470 0.359712 0.028783 0.043166
0 0.635691 0.622302 0.032895 0.064748
0 0.240954 0.191547 0.039474 0.048561
0 0.121299 0.949640 0.022204 0.043165
0 0.243010 0.432554 0.035362 0.052158
0 0.598273 0.491007 0.020559 0.053957
0 0.521793 0.762590 0.022204 0.043166
0 0.874178 0.707734 0.042763 0.055755
0 0.729852 0.273381 0.038651 0.068345
0 0.680921 0.271583 0.031250 0.064748
0 0.656250 0.036871 0.026316 0.048561
0 0.583470 0.625899 0.030428 0.057554
0 0.107319 0.345324 0.030428 0.061151
0 0.584293 0.865108 0.023849 0.061151
0 0.182566 0.159173 0.039474 0.073741
0 0.811266 0.360611 0.033717 0.073741
0 0.293174 0.342626 0.023849 0.070144
0 0.473684 0.904676 0.024671 0.039568
0 0.789885 0.599820 0.032072 0.059353
0 0.702714 0.189748 0.030428 0.055755
0 0.580592 0.691547 0.023026 0.052158
0 0.383635 0.429856 0.028783 0.071942
0 0.745888 0.959532 0.024671 0.048561
0 0.697368 0.894784 0.027960 0.052158
0 0.339638 0.069245 0.032895 0.059352
0 0.791118 0.856115 0.026316 0.068345
0 0.209293 0.625899 0.027138 0.071942
0 0.476974 0.672662 0.026316 0.061151
0 0.140214 0.868705 0.035362 0.075540
0 0.884046 0.366007 0.026316 0.052158
0 0.827303 0.953237 0.031250 0.071942
0 0.558388 0.047662 0.026316 0.088130
0 0.287007 0.216727 0.042763 0.098921
0 0.324424 0.357014 0.028783 0.073741
0 0.326480 0.241007 0.027961 0.089928
0 0.671464 0.863309 0.027138 0.050360
0 0.682977 0.416367 0.033717 0.073741
0 0.606086 0.635791 0.029605 0.080935
0 0.810033 0.753597 0.031250 0.057554
0 0.619243 0.923561 0.049342 0.098921
0 0.307155 0.652878 0.048520 0.100719
0 0.343339 0.638489 0.030428 0.082734
0 0.462993 0.183453 0.004934 0.010791
0 0.554276 0.946043 0.003289 0.007194
0 0.232730 0.854317 0.004934 0.014388
0 0.555510 0.807554 0.004112 0.010791
0 0.413240 0.423561 0.004112 0.012590
0 0.731908 0.994604 0.009868 0.007194
0 0.323191 0.750899 0.003289 0.008993
0 0.557977 0.691547 0.007401 0.008993
0 0.383635 0.794964 0.004112 0.010791
0 0.871711 0.924460 0.003289 0.010791
0 0.453947 0.858813 0.003289 0.008993
0 0.594984 0.016187 0.007401 0.017986
0 0.856497 0.505396 0.004112 0.010791
0 0.190378 0.612410 0.004112 0.008993
0 0.682566 0.653777 0.003289 0.012590
0 0.201069 0.085432 0.004112 0.008993
0 0.368421 0.106115 0.004934 0.010791
0 0.373355 0.071942 0.004934 0.010791
0 0.676398 0.988309 0.004112 0.008993
0 0.407484 0.466727 0.005757 0.012590
0 0.766036 0.914568 0.004112 0.008993
0 0.856497 0.784173 0.004112 0.010791
0 0.685444 0.625000 0.004112 0.008993
0 0.208059 0.374101 0.004934 0.021583
0 0.615543 0.438849 0.005757 0.014389
0 0.732319 0.542266 0.005757 0.008993
0 0.688734 0.463129 0.007401 0.016187
0 0.622944 0.166367 0.004112 0.008993
0 0.877056 0.079137 0.007401 0.014388
0 0.553454 0.632194 0.004934 0.012590
0 0.529194 0.049460 0.004112 0.012590
0 0.568257 0.985611 0.004934 0.017986
0 0.520970 0.011691 0.009046 0.012590
0 0.616776 0.813849 0.006579 0.008993
0 0.636102 0.744604 0.005757 0.010791
0 0.685444 0.509892 0.005757 0.016187
0 0.881579 0.067446 0.006579 0.012590
0 0.659539 0.930755 0.006579 0.008993
0 0.607730 0.452338 0.004934 0.012590
0 0.382401 0.046763 0.008224 0.017986
0 0.539885 0.779676 0.005757 0.008993
0 0.506990 0.901978 0.005757 0.012590
0 0.426398 0.599820 0.007401 0.016187
0 0.552220 0.716727 0.007401 0.012590
0 0.692434 0.738309 0.004934 0.016187
0 0.563734 0.370504 0.007401 0.014389
0 0.291118 0.070144 0.006579 0.014388
0 0.603207 0.043166 0.007401 0.014389
0 0.664474 0.174460 0.006579 0.014388
0 0.432977 0.517086 0.005757 0.016187
0 0.496711 0.565647 0.006579 0.012590
0 0.629934 0.251799 0.008224 0.017986
0 0.484786 0.010791 0.010691 0.021583
