0 0.327303 0.626799 0.006579 0.016187
0 0.613076 0.796763 0.007401 0.017986
0 0.476562 0.639389 0.007401 0.016187
0 0.504523 0.776079 0.009046 0.016187
0 0.419819 0.468525 0.010691 0.019784
0 0.570312 0.869604 0.009046 0.019784
0 0.488898 0.690647 0.009046 0.025180
0 0.753701 0.523381 0.010691 0.021583
0 0.387747 0.200540 0.022204 0.041367
0 0.134868 0.650180 0.013158 0.016187
0 0.738076 0.010791 0.023849 0.021583
0 0.428043 0.173561 0.009046 0.023381
0 0.599095 0.908273 0.017270 0.035971
0 0.902549 0.607014 0.015625 0.026978
0 0.384868 0.514389 0.077303 0.104317
0 0.388980 0.457734 0.026316 0.037770
0 0.331003 0.128597 0.023849 0.052158
0 0.440378 0.768885 0.040296 0.044964
0 0.409128 0.454137 0.020559 0.034173
0 0.375822 0.091727 0.026316 0.061151
0 0.489720 0.196043 0.027138 0.046763
0 0.400493 0.571942 0.031250 0.046763
0 0.741365 0.704137 0.025493 0.052158
0 0.811266 0.546763 0.050165 0.053957
0 0.123355 0.265288 0.064145 0.124101
0 0.737253 0.796763 0.028783 0.057554
0 0.635280 0.037770 0.030428 0.064748
0 0.268503 0.977518 0.033717 0.037770
0 0.329770 0.180755 0.041118 0.070144
0 0.415296 0.035072 0.032895 0.059353
0 0.865543 0.727518 0.038651 0.048561
0 0.770970 0.046763 0.033717 0.053957
0 0.659951 0.633993 0.025493 0.052158
0 0.352796 0.083633 0.036184 0.073741
0 0.473684 0.924460 0.023026 0.057554
0 0.842105 0.453237 0.018092 0.057554
0 0.780839 0.098022 0.038651 0.066547
0 0.631579 0.945144 0.037829 0.055755
0 0.154194 0.534173 0.032072 0.068345
0 0.384868 0.258993 0.050987 0.089928
0 0.324836 0.671763 0.027961 0.066547
0 0.269737 0.897482 0.032895 0.050360
0 0.592516 0.085432 0.061678 0.062950
0 0.361431 0.324640 0.027138 0.059352
0 0.363898 0.028777 0.022204 0.057554
0 0.478618 0.599820 0.019737 0.062950
0 0.386102 0.673561 0.025493 0.052158
0 0.528783 0.713130 0.044408 0.070144
0 0.381990 0.410971 0.028783 0.066547
0 0.556332 0.470324 0.030428 0.059353
0 0.534951 0.921763 0.025493 0.052158
0 0.505345 0.863309 0.022204 0.079137
0 0.820724 0.391187 0.047697 0.066547
0 0.234786 0.745504 0.040296 0.084532
0 0.657484 0.972122 0.023849 0.048561
0 0.465461 0.339928 0.031250 0.071942
0 0.809622 0.322842 0.041941 0.084532
0 0.296875 0.975719 0.024671 0.044964
0 0.278372 0.540468 0.038651 0.095324
0 0.451480 0.405576 0.032895 0.080935
0 0.446546 0.141187 0.039474 0.080935
0 0.330181 0.413669 0.035362 0.079137
0 0.594161 0.535072 0.055099 0.102518
0 0.294819 0.316547 0.038651 0.097122
0 0.616776 0.482014 0.004934 0.014388
0 0.628289 0.279676 0.003289 0.008993
0 0.604030 0.664568 0.002467 0.008993
0 0.810033 0.716727 0.003289 0.008993
0 0.784128 0.508094 0.004112 0.008993
0 0.650905 0.200540 0.007401 0.008993
0 0.529194 0.371403 0.004112 0.008993
0 0.621299 0.128597 0.004112 0.008993
0 0.212582 0.311151 0.004112 0.014389
0 0.557566 0.642986 0.003289 0.008993
0 0.454359 0.670863 0.004112 0.010791
0 0.530839 0.890288 0.004112 0.014388
0 0.734375 0.553957 0.004934 0.010791
0 0.106497 0.774281 0.004112 0.012590
0 0.831003 0.200540 0.005757 0.008993
0 0.219984 0.892986 0.004112 0.016187
0 0.488076 0.079137 0.004112 0.010791
0 0.648026 0.315647 0.003289 0.016187
0 0.060444 0.820144 0.005757 0.028777
0 0.696546 0.185252 0.004934 0.010791
0 0.740543 0.042266 0.004112 0.012590
0 0.641859 0.189748 0.004112 0.012590
0 0.218750 0.351619 0.004934 0.019784
0 0.769326 0.445144 0.005757 0.012590
0 0.871711 0.893885 0.004934 0.010791
0 0.452714 0.265288 0.004112 0.012590
0 0.161184 0.260791 0.004934 0.010791
0 0.583059 0.669065 0.004934 0.014388
0 0.474507 0.705935 0.004934 0.016187
0 0.687089 0.616906 0.004112 0.010791
0 0.524671 0.434353 0.006579 0.016187
0 0.585115 0.914568 0.004112 0.016187
0 0.632401 0.795863 0.004934 0.012590
0 0.340049 0.327338 0.005757 0.017986
0 0.519737 0.873201 0.006579 0.016187
0 0.612664 0.755396 0.004934 0.017986
0 0.493421 0.410971 0.004934 0.019784
0 0.773026 0.919964 0.006579 0.012590
0 0.435033 0.602518 0.004934 0.021583
0 0.259868 0.436151 0.008224 0.012590
0 0.275905 0.929856 0.007401 0.017986
0 0.652138 0.166367 0.006579 0.012590
0 0.218750 0.386691 0.004934 0.017986
0 0.390625 0.991007 0.006579 0.014388
0 0.335115 0.875000 0.005757 0.019784
0 0.237664 0.134892 0.008224 0.014388
0 0.275493 0.057554 0.008224 0.014388
