0 0.832237 0.677158 0.009868 0.016187
0 0.324013 0.157374 0.008224 0.023381
0 0.853207 0.840827 0.009046 0.019784
0 0.635280 0.065647 0.010691 0.023381
0 0.709704 0.989209 0.013158 0.017986
0 0.548931 0.660072 0.013980 0.021583
0 0.676809 0.043165 0.014803 0.028777
0 0.812089 0.094424 0.025493 0.044964
0 0.665707 0.223921 0.018915 0.034173
0 0.802220 0.036871 0.027138 0.062950
0 0.329770 0.491007 0.031250 0.053957
0 0.755345 0.482014 0.027138 0.050360
0 0.551809 0.209532 0.019737 0.041367
0 0.464227 0.488309 0.022204 0.066547
0 0.828536 0.481115 0.030428 0.041367
0 0.425987 0.181655 0.019737 0.061151
0 0.427632 0.762590 0.024671 0.097122
0 0.633224 0.652878 0.021382 0.046763
0 0.469984 0.151978 0.028783 0.041367
0 0.164474 0.121403 0.046053 0.098921
0 0.654605 0.384892 0.021382 0.043166
0 0.905428 0.560252 0.034539 0.052158
0 0.495888 0.723921 0.039474 0.127698
0 0.558799 0.452338 0.022204 0.041367
0 0.695724 0.550360 0.024671 0.061151
0 0.583059 0.830935 0.024671 0.071942
0 0.405016 0.737410 0.025493 0.061151
0 0.298931 0.313849 0.040296 0.080935
0 0.341283 0.110612 0.036184 0.059353
0 0.824013 0.437950 0.032895 0.048561
0 0.729030 0.504496 0.030428 0.055755
0 0.852796 0.337230 0.050987 0.066547
0 0.596628 0.876799 0.025493 0.059353
0 0.633635 0.522482 0.022204 0.048561
0 0.584293 0.672662 0.023849 0.061151
0 0.577714 0.760791 0.025493 0.068345
0 0.696546 0.441547 0.027960 0.073741
0 0.719161 0.588130 0.033717 0.071942
0 0.445724 0.080036 0.034540 0.066547
0 0.380757 0.472122 0.032895 0.066547
0 0.540707 0.523381 0.046875 0.118705
0 0.700658 0.889389 0.029605 0.073741
0 0.615132 0.578237 0.032895 0.070144
0 0.177632 0.931655 0.029605 0.075540
0 0.706003 0.747302 0.030428 0.062950
0 0.785362 0.411871 0.032895 0.075540
0 0.835526 0.124101 0.027960 0.050360
0 0.665707 0.471223 0.027138 0.079137
0 0.266447 0.292266 0.029605 0.073741
0 0.335115 0.352518 0.040296 0.068345
0 0.727796 0.874101 0.023026 0.057554
0 0.084293 0.136691 0.046875 0.071942
0 0.618010 0.937950 0.038651 0.073741
0 0.281661 0.445144 0.032072 0.070144
0 0.145559 0.277878 0.034540 0.080935
0 0.170641 0.210432 0.035362 0.086331
0 0.475329 0.881295 0.003289 0.010791
0 0.267681 0.646583 0.004112 0.008993
0 0.349095 0.613309 0.004112 0.010791
0 0.526316 0.788669 0.003289 0.008993
0 0.333059 0.828237 0.003289 0.008993
0 0.731497 0.190647 0.004112 0.010791
0 0.695724 0.253597 0.004934 0.010791
0 0.387747 0.595324 0.004112 0.010791
0 0.760280 0.650180 0.004112 0.008993
0 0.747533 0.972122 0.003289 0.008993
0 0.777549 0.759892 0.004112 0.008993
0 0.217516 0.906475 0.004112 0.010791
0 0.207237 0.970324 0.004934 0.012590
0 0.564967 0.696043 0.003289 0.010791
0 0.210526 0.117806 0.003289 0.012590
0 0.438734 0.433453 0.004112 0.010791
0 0.490954 0.523381 0.004934 0.010791
0 0.599507 0.818345 0.006579 0.014388
0 0.412007 0.833633 0.004934 0.012590
0 0.505345 0.616906 0.007401 0.014388
0 0.560444 0.116906 0.005757 0.025180
