0 0.363487 0.107914 0.009868 0.032374
0 0.500411 0.134892 0.007401 0.017986
0 0.643092 0.598921 0.008224 0.032374
0 0.743421 0.354317 0.009868 0.014389
0 0.706826 0.446043 0.013980 0.017986
0 0.237253 0.053957 0.012336 0.017986
0 0.599918 0.818345 0.012335 0.028777
0 0.630345 0.401978 0.010691 0.030575
0 0.567023 0.181655 0.012335 0.025180
0 0.706003 0.502698 0.010691 0.037770
0 0.790296 0.010791 0.016447 0.021583
0 0.850329 0.474820 0.042763 0.064748
0 0.568257 0.285072 0.014803 0.030575
0 0.486842 0.708633 0.014803 0.028777
0 0.548931 0.419065 0.027138 0.046763
0 0.927220 0.983813 0.028783 0.028777
0 0.488487 0.309353 0.023026 0.061151
0 0.478207 0.373201 0.013980 0.034173
0 0.585526 0.145683 0.023026 0.043165
0 0.838816 0.531475 0.046053 0.084532
0 0.627467 0.173561 0.031250 0.098921
0 0.812089 0.774281 0.032072 0.055755
0 0.625822 0.750899 0.034540 0.052158
0 0.339227 0.329137 0.035362 0.046763
0 0.360609 0.968525 0.041941 0.055755
0 0.164885 0.928058 0.055099 0.086331
0 0.668174 0.718525 0.018915 0.048561
0 0.548931 0.922662 0.022204 0.035971
0 0.757812 0.322842 0.030428 0.059352
0 0.232319 0.209532 0.027138 0.055755
0 0.181332 0.208633 0.030428 0.064748
0 0.207648 0.201439 0.027138 0.046763
0 0.226562 0.149281 0.043585 0.079137
0 0.636924 0.819245 0.022204 0.062950
0 0.830181 0.943345 0.025493 0.055755
0 0.498355 0.680755 0.024671 0.062950
0 0.695724 0.898381 0.047697 0.052158
0 0.136102 0.888489 0.030428 0.071942
0 0.410773 0.022482 0.020559 0.044964
0 0.152138 0.223022 0.037829 0.064748
0 0.543586 0.680755 0.032895 0.052158
0 0.796053 0.195144 0.019737 0.048561
0 0.455181 0.336331 0.043585 0.061151
0 0.518914 0.098022 0.027960 0.052158
0 0.382401 0.773381 0.023026 0.039568
0 0.391859 0.312950 0.035362 0.046763
0 0.545230 0.248201 0.060855 0.079137
0 0.274260 0.844424 0.053454 0.080935
0 0.636513 0.491007 0.026316 0.053957
0 0.607319 0.027878 0.022204 0.055755
0 0.310855 0.795863 0.026316 0.052158
0 0.578536 0.057554 0.022204 0.046763
0 0.366365 0.841727 0.041941 0.057554
0 0.685444 0.675360 0.028783 0.062950
0 0.413240 0.879496 0.041941 0.086331
0 0.754112 0.453237 0.032895 0.079137
0 0.220395 0.885791 0.024671 0.052158
0 0.609786 0.890288 0.041941 0.061151
0 0.152138 0.118705 0.054276 0.115108
0 0.142681 0.473921 0.027138 0.052158
0 0.480674 0.827338 0.022204 0.050360
0 0.277549 0.519784 0.033717 0.061151
0 0.193257 0.296763 0.031250 0.053957
0 0.770559 0.956835 0.027960 0.071942
0 0.228207 0.701439 0.048520 0.093525
0 0.735609 0.949640 0.051809 0.097122
0 0.515625 0.194245 0.026316 0.064748
0 0.376645 0.383993 0.032895 0.070144
0 0.675164 0.975719 0.027960 0.044964
0 0.385691 0.520683 0.024671 0.070144
0 0.778783 0.489209 0.031250 0.118705
0 0.417352 0.339029 0.030428 0.066547
0 0.218339 0.802158 0.040296 0.097122
0 0.893914 0.491007 0.034539 0.086331
0 0.375000 0.898381 0.031250 0.055755
0 0.287007 0.375899 0.031250 0.086331
0 0.346217 0.204137 0.003289 0.008993
0 0.206414 0.992806 0.004934 0.010791
0 0.442023 0.815647 0.004112 0.008993
0 0.284951 0.443345 0.005757 0.012590
0 0.708882 0.154676 0.003289 0.010791
0 0.345806 0.717626 0.004112 0.010791
0 0.416941 0.198741 0.003289 0.008993
0 0.317845 0.401978 0.004112 0.012590
0 0.277138 0.461331 0.003289 0.008993
0 0.710938 0.342626 0.004112 0.008993
0 0.639391 0.341727 0.004112 0.010791
0 0.649671 0.103417 0.004934 0.008993
0 0.385280 0.191547 0.004112 0.008993
0 0.571957 0.666367 0.004112 0.012590
0 0.526727 0.408273 0.004112 0.010791
0 0.463405 0.982014 0.007401 0.014388
0 0.183799 0.483813 0.004112 0.010791
0 0.679276 0.355216 0.004934 0.008993
0 0.469572 0.928957 0.004934 0.008993
0 0.744243 0.854317 0.004934 0.010791
0 0.569901 0.345324 0.004934 0.010791
0 0.667763 0.607914 0.006579 0.014388
0 0.518914 0.812950 0.004934 0.014388
0 0.275905 0.642986 0.004112 0.012590
0 0.476562 0.915468 0.004112 0.010791
0 0.621299 0.589928 0.005757 0.010791
0 0.630345 0.083633 0.004112 0.008993
0 0.626234 0.444245 0.004112 0.014389
0 0.201891 0.734712 0.004112 0.012590
0 0.366365 0.327338 0.004112 0.010791
0 0.862253 0.620504 0.010691 0.025180
0 0.072368 0.285971 0.004934 0.010791
0 0.794819 0.094424 0.040296 0.188849
0 0.618421 0.697842 0.006579 0.010791
0 0.708059 0.662770 0.004934 0.012590
0 0.447780 0.099820 0.005757 0.008993
0 0.500411 0.909173 0.005757 0.012590
0 0.603207 0.575540 0.004112 0.010791
0 0.491776 0.615108 0.004934 0.017986
0 0.652549 0.607014 0.007401 0.012590
0 0.502056 0.246403 0.007401 0.014389
0 0.668174 0.891187 0.005757 0.016187
0 0.658717 0.662770 0.008224 0.012590
0 0.143914 0.936151 0.016447 0.052158
0 0.597862 0.593525 0.006579 0.014388
0 0.304276 0.307554 0.006579 0.021583
