0 0.366365 0.296763 0.007401 0.017986
0 0.541941 0.008094 0.031250 0.016187
0 0.585938 0.214928 0.007401 0.019784
0 0.111020 0.822842 0.006579 0.016187
0 0.512336 0.291367 0.027960 0.050360
0 0.330181 0.240108 0.010691 0.019784
0 0.361020 0.285072 0.008224 0.019784
0 0.291530 0.991007 0.009046 0.014388
0 0.541530 0.848921 0.009046 0.017986
0 0.358964 0.656475 0.012336 0.025180
0 0.339227 0.069245 0.013980 0.019784
0 0.407072 0.032374 0.014803 0.021583
0 0.651316 0.607914 0.029605 0.039568
0 0.235197 0.007194 0.018092 0.014389
0 0.792763 0.902878 0.009868 0.021583
0 0.147204 0.800360 0.011513 0.021583
0 0.307566 0.985611 0.013158 0.025180
0 0.430510 0.220324 0.010691 0.030576
0 0.655839 0.175360 0.012335 0.037770
0 0.617188 0.240108 0.013980 0.034173
0 0.176398 0.012590 0.020559 0.025180
0 0.749589 0.750899 0.043585 0.095324
0 0.758635 0.692446 0.028783 0.050360
0 0.775905 0.088129 0.033717 0.053957
0 0.185855 0.607914 0.024671 0.046763
0 0.425987 0.311151 0.029605 0.068345
0 0.186678 0.905576 0.031250 0.037770
0 0.250000 0.750000 0.026316 0.050360
0 0.713405 0.523381 0.027138 0.061151
0 0.752878 0.296763 0.073191 0.111511
0 0.502467 0.311151 0.039474 0.079137
0 0.778783 0.020683 0.042763 0.041367
0 0.654194 0.577338 0.030428 0.046763
0 0.715049 0.685252 0.032072 0.046763
0 0.529605 0.732014 0.024671 0.050360
0 0.377056 0.175360 0.038651 0.098921
0 0.303454 0.531475 0.039474 0.055755
0 0.826891 0.690647 0.018915 0.050360
0 0.641447 0.110612 0.042763 0.048561
0 0.382401 0.346223 0.024671 0.059352
0 0.244655 0.800360 0.033717 0.050360
0 0.738487 0.979317 0.024671 0.037770
0 0.379523 0.709532 0.023849 0.055755
0 0.074013 0.318345 0.029605 0.046763
0 0.371299 0.772482 0.023849 0.041367
0 0.642681 0.219424 0.033717 0.064748
0 0.687500 0.112410 0.031250 0.080935
0 0.430921 0.607014 0.024671 0.044964
0 0.849918 0.551259 0.040296 0.113309
0 0.300987 0.902878 0.036184 0.068345
0 0.318668 0.045863 0.027138 0.044964
0 0.670230 0.045863 0.026316 0.048561
0 0.797697 0.973022 0.034540 0.050360
0 0.763980 0.967626 0.032895 0.064748
0 0.263158 0.243705 0.026316 0.066547
0 0.110197 0.038669 0.047697 0.077338
0 0.261924 0.036871 0.038651 0.073741
0 0.277138 0.311151 0.031250 0.061151
0 0.681332 0.811151 0.038651 0.053957
0 0.547286 0.812050 0.028783 0.055755
0 0.286184 0.072842 0.024671 0.044964
0 0.540296 0.353417 0.023026 0.044964
0 0.513980 0.419065 0.039474 0.064748
0 0.800164 0.435252 0.049342 0.079137
0 0.572780 0.353417 0.046875 0.142086
0 0.816612 0.043166 0.029605 0.057554
0 0.593750 0.098022 0.029605 0.070144
0 0.859786 0.209532 0.030428 0.062950
0 0.086760 0.963130 0.050165 0.073741
0 0.130757 0.888489 0.027960 0.061151
0 0.605263 0.662770 0.029605 0.062950
0 0.839638 0.453237 0.024671 0.046763
0 0.203125 0.042266 0.037829 0.084532
0 0.391036 0.100719 0.035362 0.061151
0 0.677220 0.436151 0.030428 0.098921
0 0.684622 0.214928 0.028783 0.052158
0 0.479441 0.731115 0.034540 0.080935
0 0.685444 0.267986 0.030428 0.057554
0 0.341694 0.139388 0.043586 0.084532
0 0.792763 0.798561 0.032895 0.075540
0 0.407895 0.194245 0.032895 0.086331
0 0.882812 0.260791 0.046875 0.100719
0 0.430921 0.129496 0.004934 0.010791
0 0.549753 0.142986 0.004112 0.008993
0 0.726562 0.631295 0.004112 0.010791
0 0.524671 0.975719 0.003289 0.008993
0 0.291530 0.452338 0.004112 0.012590
0 0.598273 0.869604 0.004112 0.008993
0 0.314967 0.677158 0.003289 0.012590
0 0.755345 0.505396 0.004112 0.010791
0 0.044819 0.190647 0.004112 0.014388
0 0.563322 0.640288 0.004934 0.007194
0 0.612664 0.428957 0.004934 0.016187
0 0.805099 0.312050 0.003289 0.012590
0 0.643092 0.670863 0.003289 0.010791
0 0.279605 0.994604 0.004934 0.007194
0 0.853207 0.642086 0.004112 0.014388
0 0.852796 0.153777 0.003289 0.008993
0 0.506990 0.196043 0.004112 0.010791
0 0.636102 0.394784 0.004112 0.012590
0 0.372944 0.491007 0.004112 0.014388
0 0.333059 0.488309 0.004934 0.008993
0 0.512747 0.078237 0.004112 0.012590
0 0.641447 0.987410 0.004934 0.010791
0 0.616365 0.324640 0.004112 0.008993
0 0.607319 0.257194 0.004112 0.010791
0 0.589638 0.727518 0.004934 0.012590
0 0.855674 0.931655 0.004112 0.010791
0 0.839638 0.839928 0.004934 0.010791
0 0.628701 0.572842 0.004112 0.008993
0 0.270970 0.420863 0.004112 0.010791
0 0.727796 0.151978 0.006579 0.008993
0 0.356497 0.205036 0.005757 0.017986
0 0.723684 0.984712 0.004934 0.012590
0 0.700247 0.175360 0.004112 0.012590
0 0.344572 0.364209 0.004934 0.012590
0 0.467928 0.468525 0.006579 0.012590
0 0.572368 0.543165 0.006579 0.014388
0 0.135280 0.934353 0.007401 0.026978
0 0.744243 0.936151 0.004934 0.012590
0 0.594161 0.770683 0.005757 0.012590
0 0.338816 0.886691 0.004934 0.010791
0 0.557566 0.217626 0.006579 0.010791
0 0.866365 0.138489 0.005757 0.010791
0 0.143503 0.693345 0.007401 0.012590
0 0.616776 0.026079 0.004934 0.012590
0 0.474095 0.462230 0.005757 0.014388
0 0.746299 0.087230 0.007401 0.012590
0 0.644737 0.719424 0.008224 0.014388
0 0.897204 0.005396 0.021382 0.010791
0 0.251234 0.887590 0.005757 0.012590
0 0.446957 0.642986 0.007401 0.012590
0 0.369655 0.582734 0.009046 0.021583
