0 0.649260 0.837230 0.007401 0.019784
0 0.446135 0.894784 0.007401 0.019784
0 0.386924 0.387590 0.009046 0.016187
0 0.233141 0.430755 0.010691 0.019784
0 0.668997 0.990108 0.022204 0.016187
0 0.284539 0.190647 0.009868 0.021583
0 0.755345 0.044964 0.010691 0.032374
0 0.539062 0.119604 0.010691 0.023381
0 0.390625 0.127698 0.011513 0.017986
0 0.388158 0.481115 0.009868 0.019784
0 0.196957 0.081835 0.009046 0.023381
0 0.424342 0.062050 0.021382 0.052158
0 0.571957 0.467626 0.015625 0.035971
0 0.717105 0.297662 0.016447 0.030575
0 0.699013 0.014389 0.034540 0.028777
0 0.640625 0.978417 0.023026 0.039568
0 0.326069 0.982014 0.027138 0.028777
0 0.784951 0.503597 0.015625 0.035971
0 0.420641 0.908273 0.018914 0.032374
0 0.751645 0.444245 0.024671 0.039568
0 0.277138 0.690647 0.054276 0.086331
0 0.699013 0.909173 0.032895 0.048561
0 0.354030 0.980216 0.028783 0.035971
0 0.626234 0.968525 0.027138 0.055755
0 0.562911 0.088130 0.028783 0.082734
0 0.593750 0.462230 0.031250 0.061151
0 0.413651 0.687950 0.026316 0.048561
0 0.634046 0.828237 0.029605 0.055755
0 0.895970 0.934353 0.023849 0.052158
0 0.689145 0.964928 0.029605 0.059353
0 0.386513 0.692446 0.032895 0.057554
0 0.819490 0.978417 0.033717 0.043165
0 0.767270 0.025180 0.029605 0.050360
0 0.358964 0.935252 0.018914 0.043165
0 0.530839 0.642086 0.022204 0.057554
0 0.175576 0.698741 0.033717 0.073741
0 0.470806 0.694245 0.018915 0.046763
0 0.538651 0.517086 0.023026 0.044964
0 0.748355 0.519784 0.062500 0.125899
0 0.243010 0.286871 0.023849 0.059352
0 0.419819 0.977518 0.022204 0.041367
0 0.567434 0.753597 0.027960 0.043166
0 0.513569 0.331835 0.035362 0.077338
0 0.854852 0.108813 0.046875 0.070144
0 0.419819 0.465827 0.025493 0.043165
0 0.849095 0.180755 0.023849 0.070144
0 0.156250 0.959532 0.032895 0.052158
0 0.873766 0.183453 0.027138 0.053957
0 0.496711 0.714029 0.019737 0.043166
0 0.393092 0.281475 0.026316 0.044964
0 0.422286 0.503597 0.027138 0.046763
0 0.682155 0.558453 0.020559 0.062950
0 0.600740 0.508094 0.028783 0.088129
0 0.537007 0.189748 0.034540 0.048561
0 0.669408 0.916367 0.026316 0.052158
0 0.200247 0.293165 0.035362 0.068345
0 0.516859 0.134892 0.025493 0.053957
0 0.502467 0.261691 0.055921 0.073741
0 0.652138 0.297662 0.055921 0.084532
0 0.309622 0.821043 0.043586 0.066547
0 0.916118 0.917266 0.027961 0.053957
0 0.280428 0.770683 0.034539 0.066547
0 0.208470 0.366007 0.025493 0.062950
0 0.516859 0.875000 0.078125 0.116906
0 0.716694 0.827338 0.056743 0.140288
0 0.245066 0.391187 0.032895 0.059352
0 0.465872 0.146583 0.020559 0.052158
0 0.541941 0.737410 0.029605 0.064748
0 0.458470 0.068345 0.028783 0.053957
0 0.303043 0.339029 0.022204 0.059352
0 0.085526 0.181655 0.049342 0.111511
0 0.870477 0.246403 0.028783 0.057554
0 0.693668 0.736511 0.025493 0.073741
0 0.340461 0.232914 0.034539 0.062950
0 0.600740 0.241007 0.046875 0.100719
0 0.717516 0.471223 0.038651 0.086331
0 0.441201 0.276079 0.030428 0.070144
0 0.234375 0.153777 0.029605 0.062950
0 0.351974 0.709532 0.031250 0.073741
0 0.392681 0.898381 0.035362 0.066547
0 0.729852 0.638489 0.037007 0.079137
0 0.497122 0.193345 0.028783 0.073741
0 0.495888 0.089029 0.032895 0.084532
0 0.183388 0.619604 0.044408 0.095324
0 0.735609 0.737410 0.041941 0.100719
0 0.555099 0.269784 0.004934 0.010791
0 0.437089 0.372302 0.004112 0.010791
0 0.227796 0.552158 0.004934 0.014388
0 0.120477 0.615108 0.004112 0.010791
0 0.755757 0.416367 0.004934 0.012590
0 0.504112 0.746403 0.003289 0.010791
0 0.893092 0.683453 0.003289 0.010791
0 0.730263 0.973022 0.004934 0.014388
0 0.366365 0.544065 0.004112 0.008993
0 0.695312 0.644784 0.004112 0.008993
0 0.109786 0.076439 0.004112 0.008993
0 0.599507 0.651978 0.004934 0.008993
0 0.798931 0.486511 0.004112 0.012590
0 0.092928 0.858813 0.004934 0.008993
0 0.473273 0.225719 0.004112 0.012590
0 0.573602 0.825540 0.004112 0.010791
0 0.826891 0.769784 0.004112 0.010791
0 0.444490 0.859712 0.004112 0.010791
0 0.640625 0.718525 0.004934 0.008993
0 0.441612 0.510791 0.004934 0.010791
0 0.787007 0.085432 0.003289 0.008993
0 0.231497 0.618705 0.004112 0.010791
0 0.624589 0.078237 0.004112 0.016187
0 0.597451 0.617806 0.004112 0.008993
0 0.603618 0.859712 0.004934 0.010791
0 0.657484 0.107914 0.005757 0.014388
0 0.635280 0.655576 0.004112 0.016187
0 0.616365 0.744604 0.005757 0.010791
0 0.273026 0.588130 0.006579 0.010791
0 0.647615 0.538669 0.005757 0.012590
0 0.610197 0.944245 0.006579 0.014388
0 0.229030 0.639389 0.005757 0.012590
0 0.340461 0.839029 0.004934 0.012590
0 0.735197 0.005396 0.016447 0.010791
0 0.484786 0.853417 0.015625 0.044964
0 0.372533 0.401079 0.011513 0.017986
0 0.459704 0.744604 0.008224 0.017986
