0 0.444079 0.835432 0.011513 0.019784
0 0.756579 0.008993 0.014803 0.017986
0 0.131579 0.490108 0.011513 0.023381
0 0.773438 0.392986 0.010691 0.026978
0 0.203536 0.770683 0.010691 0.019784
0 0.150905 0.086331 0.037007 0.071942
0 0.687089 0.039568 0.022204 0.064748
0 0.388158 0.031475 0.026316 0.052158
0 0.123766 0.285072 0.025493 0.041367
0 0.812911 0.770683 0.033717 0.052158
0 0.287829 0.065647 0.023026 0.055755
0 0.643503 0.250899 0.017270 0.041367
0 0.414474 0.935252 0.018092 0.053957
0 0.795230 0.093525 0.042763 0.082734
0 0.360609 0.558453 0.032072 0.062950
0 0.411595 0.222122 0.025493 0.044964
0 0.328947 0.648381 0.029605 0.059353
0 0.356908 0.666367 0.019737 0.041367
0 0.368832 0.506295 0.022204 0.048561
0 0.441201 0.515288 0.028783 0.059353
0 0.229441 0.023381 0.026316 0.046763
0 0.155428 0.024281 0.042763 0.048561
0 0.305510 0.166367 0.027138 0.059352
0 0.626234 0.114209 0.043585 0.066547
0 0.290707 0.325540 0.030428 0.061151
0 0.589227 0.163669 0.043585 0.068345
0 0.886924 0.780576 0.027138 0.053957
0 0.577714 0.714029 0.030428 0.057554
0 0.134868 0.674460 0.083882 0.097122
0 0.145559 0.976619 0.027960 0.043165
0 0.505345 0.941547 0.038651 0.055755
0 0.430921 0.696942 0.026316 0.048561
0 0.479441 0.534173 0.024671 0.064748
0 0.806332 0.042266 0.041941 0.084532
0 0.652549 0.920863 0.028783 0.061151
0 0.381168 0.122302 0.032072 0.057554
0 0.516447 0.893885 0.029605 0.068345
0 0.665296 0.850719 0.024671 0.071942
0 0.607730 0.732014 0.027960 0.061151
0 0.666530 0.974820 0.030428 0.046763
0 0.376645 0.286871 0.036184 0.088129
0 0.314967 0.452338 0.023026 0.062950
0 0.487253 0.200540 0.033717 0.070144
0 0.305921 0.612410 0.026316 0.062950
0 0.695724 0.963130 0.031250 0.062950
0 0.627467 0.695144 0.029605 0.048561
0 0.610197 0.277878 0.031250 0.073741
0 0.345806 0.610611 0.025493 0.070144
0 0.809622 0.628597 0.027138 0.044964
0 0.124178 0.135791 0.039474 0.066547
0 0.667763 0.147482 0.026316 0.053957
0 0.663651 0.299460 0.036184 0.066547
0 0.207237 0.506295 0.031250 0.077338
0 0.803865 0.543165 0.048520 0.086331
0 0.838816 0.489209 0.034539 0.046763
0 0.699013 0.130396 0.031250 0.055755
0 0.695312 0.353417 0.040296 0.077338
0 0.446957 0.222122 0.032072 0.055755
0 0.273026 0.673561 0.041118 0.095324
0 0.094161 0.210432 0.053454 0.079137
0 0.232319 0.789568 0.041941 0.075540
0 0.585115 0.237410 0.028783 0.082734
0 0.502467 0.702338 0.037829 0.088129
0 0.320724 0.856115 0.026316 0.079137
0 0.839227 0.093525 0.033717 0.071942
0 0.441612 0.950540 0.039474 0.091727
0 0.257401 0.333633 0.031250 0.084532
0 0.429688 0.089029 0.025493 0.080935
0 0.719572 0.089928 0.036184 0.079137
0 0.350329 0.884892 0.003289 0.010791
0 0.724095 0.575540 0.004112 0.010791
0 0.486020 0.242806 0.006579 0.010791
0 0.517270 0.281475 0.004934 0.012590
0 0.502878 0.810252 0.004112 0.008993
0 0.560033 0.571942 0.003289 0.010791
0 0.540707 0.617806 0.004112 0.008993
0 0.462171 0.547662 0.004934 0.012590
0 0.464227 0.151978 0.004112 0.012590
0 0.629934 0.993705 0.008224 0.008993
0 0.637336 0.805755 0.003289 0.010791
0 0.665707 0.624101 0.004112 0.007194
0 0.604441 0.336331 0.003289 0.010791
0 0.606086 0.361511 0.003289 0.010791
0 0.769326 0.071942 0.005757 0.010791
0 0.837582 0.820144 0.005757 0.010791
0 0.692023 0.587230 0.005757 0.012590
0 0.269737 0.437050 0.004934 0.010791
0 0.596217 0.490108 0.004934 0.012590
0 0.694490 0.504496 0.004112 0.012590
0 0.124178 0.428058 0.003289 0.014389
0 0.567023 0.826439 0.004112 0.008993
0 0.539062 0.744604 0.004112 0.010791
0 0.726974 0.267986 0.004934 0.010791
0 0.856908 0.740108 0.004934 0.008993
0 0.360197 0.976619 0.006579 0.010791
0 0.316612 0.500000 0.004934 0.014388
0 0.539885 0.061151 0.005757 0.010791
0 0.543174 0.779676 0.005757 0.008993
0 0.903372 0.592626 0.004112 0.016187
0 0.540707 0.382194 0.005757 0.008993
0 0.833882 0.361511 0.003289 0.014389
0 0.669408 0.044065 0.008224 0.012590
0 0.582648 0.939748 0.004112 0.012590
0 0.430921 0.783273 0.037829 0.116906
0 0.310444 0.508094 0.005757 0.016187
0 0.453536 0.620504 0.004112 0.010791
0 0.723684 0.633094 0.004934 0.014388
0 0.658306 0.246403 0.005757 0.017986
0 0.258635 0.213129 0.005757 0.012590
0 0.354441 0.210432 0.006579 0.010791
0 0.672697 0.647482 0.004934 0.014388
0 0.710938 0.531475 0.007401 0.012590
0 0.449013 0.660072 0.004934 0.014388
0 0.731497 0.598022 0.005757 0.019784
0 0.333882 0.015288 0.008224 0.016187
0 0.533717 0.777878 0.006579 0.016187
0 0.482730 0.054856 0.008224 0.019784
