0 0.473273 0.349820 0.007401 0.019784
0 0.425987 0.985611 0.029605 0.028777
0 0.412007 0.367806 0.014803 0.026978
0 0.654605 0.467626 0.013158 0.032374
0 0.523849 0.854317 0.021382 0.064748
0 0.550164 0.446043 0.026316 0.071942
0 0.416941 0.435252 0.026316 0.035971
0 0.710938 0.592626 0.015625 0.041367
0 0.205181 0.207734 0.025493 0.037770
0 0.798520 0.540468 0.032895 0.059353
0 0.778372 0.564748 0.038651 0.057554
0 0.453536 0.906475 0.017270 0.043166
0 0.837171 0.257194 0.027960 0.071942
0 0.831826 0.741906 0.027138 0.037770
0 0.551398 0.162770 0.023849 0.044964
0 0.638158 0.292266 0.021382 0.052158
0 0.768503 0.912770 0.069901 0.106115
0 0.153372 0.063849 0.025493 0.062950
0 0.292352 0.112410 0.028783 0.052158
0 0.760691 0.112410 0.034540 0.077338
0 0.300987 0.208633 0.023026 0.046763
0 0.233964 0.818345 0.035362 0.061151
0 0.135691 0.272482 0.031250 0.062950
0 0.828947 0.889389 0.031250 0.052158
0 0.391859 0.117806 0.051809 0.109712
0 0.326891 0.273381 0.025493 0.046763
0 0.124589 0.684353 0.035362 0.066547
0 0.739720 0.350719 0.051809 0.071942
0 0.218339 0.880396 0.020559 0.055755
0 0.625000 0.548561 0.032895 0.064748
0 0.421053 0.204137 0.032895 0.052158
0 0.663651 0.845324 0.029605 0.046763
0 0.801398 0.166367 0.040296 0.073741
0 0.915296 0.078237 0.032895 0.066547
0 0.277138 0.868705 0.026316 0.053957
0 0.253701 0.424460 0.037007 0.082734
0 0.370888 0.042266 0.031250 0.080935
0 0.136924 0.154676 0.028783 0.046763
0 0.585115 0.349820 0.043585 0.073741
0 0.369243 0.391187 0.054276 0.091727
0 0.489720 0.962230 0.033717 0.075540
0 0.596628 0.176259 0.040296 0.064748
0 0.880757 0.646583 0.041118 0.095324
0 0.212171 0.301259 0.034540 0.059352
0 0.809211 0.806655 0.031250 0.066547
0 0.403783 0.601619 0.057566 0.106115
0 0.632401 0.963130 0.027960 0.070144
0 0.748766 0.185252 0.004112 0.010791
0 0.657895 0.745504 0.003289 0.008993
0 0.503701 0.862410 0.004112 0.008993
0 0.206414 0.797662 0.003289 0.008993
0 0.358141 0.888489 0.004112 0.010791
0 0.598273 0.107914 0.004112 0.014388
0 0.552220 0.904676 0.004112 0.007194
0 0.091283 0.028777 0.003289 0.010791
0 0.694079 0.762590 0.004934 0.007194
0 0.334704 0.137590 0.003289 0.008993
0 0.427632 0.534173 0.004934 0.010791
0 0.264803 0.645683 0.004934 0.010791
0 0.686266 0.057554 0.004112 0.014388
0 0.881168 0.204137 0.004112 0.008993
0 0.258224 0.669065 0.004934 0.010791
0 0.444079 0.633094 0.004934 0.010791
0 0.351562 0.701439 0.004112 0.014388
0 0.431332 0.339928 0.005757 0.014389
0 0.757401 0.611511 0.004934 0.010791
0 0.289885 0.892986 0.009046 0.016187
0 0.668586 0.470324 0.006579 0.016187
0 0.533306 0.572842 0.007401 0.012590
