0 0.435855 0.404676 0.009868 0.021583
0 0.493832 0.733813 0.007401 0.017986
0 0.354030 0.918165 0.009046 0.019784
0 0.557977 0.338129 0.007401 0.021583
0 0.185033 0.252698 0.009868 0.026978
0 0.539062 0.992806 0.010691 0.014388
0 0.251234 0.647482 0.012336 0.025180
0 0.371711 0.854317 0.013158 0.021583
0 0.598684 0.844424 0.013158 0.019784
0 0.534951 0.939748 0.012335 0.023381
0 0.362664 0.974820 0.059211 0.043165
0 0.388569 0.953237 0.035362 0.068345
0 0.490543 0.705935 0.018915 0.034173
0 0.573191 0.571942 0.014803 0.035971
0 0.574836 0.511691 0.016447 0.052158
0 0.780839 0.353417 0.022204 0.037770
0 0.449424 0.141187 0.030428 0.052158
0 0.362253 0.061151 0.028783 0.064748
0 0.340049 0.524281 0.040296 0.062950
0 0.475329 0.572842 0.019737 0.044964
0 0.914885 0.025180 0.040296 0.050360
0 0.583470 0.416367 0.020559 0.055755
0 0.440378 0.089928 0.028783 0.057554
0 0.547697 0.894784 0.026316 0.059353
0 0.666941 0.768885 0.026316 0.055755
0 0.652138 0.810252 0.046053 0.073741
0 0.435444 0.035072 0.046875 0.070144
0 0.618010 0.801259 0.018915 0.052158
0 0.669408 0.020683 0.034540 0.041367
0 0.537007 0.439748 0.024671 0.059352
0 0.361431 0.174460 0.048520 0.075540
0 0.410773 0.205935 0.020559 0.044964
0 0.737253 0.899281 0.020559 0.043165
0 0.745066 0.976619 0.029605 0.046763
0 0.505757 0.712230 0.019737 0.043166
0 0.756579 0.862410 0.031250 0.062950
0 0.667763 0.223921 0.019737 0.048561
0 0.453947 0.780576 0.016447 0.053957
0 0.636102 0.173561 0.037007 0.084532
0 0.521793 0.771583 0.027138 0.053957
0 0.701069 0.264389 0.020559 0.050360
0 0.432155 0.736511 0.023849 0.059353
0 0.308799 0.894784 0.030428 0.062950
0 0.386513 0.113309 0.032895 0.093525
0 0.495066 0.825540 0.029605 0.050360
0 0.783306 0.644784 0.027138 0.055755
0 0.705592 0.828237 0.026316 0.055755
0 0.408306 0.327338 0.023849 0.050360
0 0.430510 0.960432 0.037007 0.057554
0 0.562089 0.539568 0.025493 0.046763
0 0.296875 0.189748 0.049342 0.080935
0 0.768092 0.045863 0.069079 0.091727
0 0.203536 0.928058 0.023849 0.050360
0 0.871711 0.097122 0.042763 0.068345
0 0.173931 0.814748 0.043585 0.075540
0 0.516859 0.173561 0.025493 0.052158
0 0.255345 0.339029 0.046875 0.098921
0 0.156250 0.326439 0.042763 0.073741
0 0.287007 0.044065 0.032895 0.055755
0 0.231086 0.750899 0.031250 0.098921
0 0.559622 0.476619 0.030428 0.068345
0 0.154605 0.437950 0.050987 0.102518
0 0.220395 0.567446 0.037829 0.080935
0 0.433799 0.351619 0.025493 0.073741
0 0.775082 0.928058 0.053454 0.089928
0 0.335938 0.795863 0.035362 0.066547
0 0.163240 0.190647 0.041941 0.057554
0 0.317434 0.450540 0.036184 0.077338
0 0.415296 0.888489 0.031250 0.075540
0 0.807155 0.352518 0.040296 0.086331
0 0.321957 0.591727 0.040296 0.082734
0 0.597451 0.486511 0.033717 0.080935
0 0.188322 0.410971 0.041118 0.066547
0 0.246299 0.709532 0.005757 0.012590
0 0.332648 0.071942 0.004112 0.010791
0 0.365543 0.364209 0.004112 0.008993
0 0.436266 0.153777 0.005757 0.016187
0 0.656661 0.209532 0.005757 0.023381
0 0.844161 0.355216 0.004112 0.012590
0 0.360197 0.024281 0.004934 0.012590
0 0.390625 0.841727 0.003289 0.014388
0 0.541118 0.232014 0.006579 0.010791
0 0.783306 0.431655 0.004112 0.010791
0 0.585115 0.893885 0.004112 0.014388
0 0.272204 0.731115 0.003289 0.008993
0 0.407484 0.799460 0.004112 0.016187
0 0.594984 0.235612 0.004112 0.010791
0 0.291530 0.557554 0.004112 0.010791
0 0.605674 0.919065 0.004112 0.014388
0 0.634046 0.342626 0.004934 0.008993
0 0.514391 0.223022 0.004112 0.010791
0 0.807977 0.267086 0.005757 0.012590
0 0.474507 0.511691 0.003289 0.012590
0 0.099918 0.341727 0.004112 0.010791
0 0.442434 0.864209 0.003289 0.012590
0 0.856086 0.647482 0.004934 0.010791
0 0.746299 0.942446 0.005757 0.014388
0 0.279605 0.993705 0.013158 0.008993
0 0.626234 0.474820 0.004112 0.010791
0 0.383635 0.276978 0.004112 0.010791
0 0.611431 0.924460 0.007401 0.014388
0 0.578536 0.319245 0.004112 0.008993
0 0.467105 0.243705 0.004934 0.012590
0 0.400493 0.614209 0.004934 0.008993
0 0.546464 0.384892 0.007401 0.014389
0 0.624178 0.437950 0.004934 0.012590
0 0.573602 0.745504 0.005757 0.016187
0 0.239720 0.627698 0.005757 0.010791
0 0.466283 0.142086 0.006579 0.017986
0 0.584293 0.812950 0.004112 0.010791
0 0.913240 0.677158 0.007401 0.016187
0 0.341283 0.401079 0.003289 0.021583
0 0.754112 0.791367 0.004934 0.021583
0 0.222451 0.069245 0.005757 0.008993
0 0.562911 0.213129 0.004112 0.016187
0 0.608553 0.584532 0.008224 0.010791
0 0.076480 0.993705 0.014803 0.008993
0 0.355263 0.114209 0.006579 0.016187
0 0.441201 0.411871 0.007401 0.017986
0 0.561266 0.913669 0.007401 0.014388
0 0.445724 0.715827 0.006579 0.014388
0 0.426809 0.650180 0.004934 0.012590
0 0.687089 0.642986 0.007401 0.008993
0 0.272615 0.488309 0.007401 0.012590
0 0.469984 0.688849 0.005757 0.017986
0 0.764391 0.991906 0.018915 0.016187
0 0.727796 0.004496 0.013158 0.008993
0 0.771382 0.312050 0.006579 0.012590
0 0.391447 0.268885 0.006579 0.019784
0 0.626645 0.711331 0.006579 0.016187
0 0.731908 0.714029 0.008224 0.017986
