0 0.297286 0.089928 0.009046 0.017986
0 0.491365 0.691547 0.007401 0.016187
0 0.904194 0.478417 0.010691 0.017986
0 0.682977 0.202338 0.012335 0.019784
0 0.740132 0.392986 0.009868 0.026978
0 0.357319 0.035072 0.010691 0.019784
0 0.717105 0.627698 0.008224 0.017986
0 0.474918 0.098921 0.010691 0.021583
0 0.395970 0.988309 0.015625 0.019784
0 0.630345 0.366906 0.010691 0.025180
0 0.445724 0.224820 0.009868 0.028777
0 0.881168 0.817446 0.010691 0.030575
0 0.534128 0.149281 0.013980 0.035971
0 0.280016 0.735611 0.012336 0.032374
0 0.229030 0.353417 0.030428 0.077338
0 0.837171 0.917266 0.044408 0.075540
0 0.611842 0.364209 0.026316 0.044964
0 0.826891 0.945144 0.028783 0.055755
0 0.689556 0.712230 0.020559 0.032374
0 0.725740 0.338129 0.025493 0.057554
0 0.700658 0.497302 0.024671 0.052158
0 0.684622 0.964928 0.020559 0.066547
0 0.589638 0.966727 0.019737 0.066547
0 0.582237 0.631295 0.036184 0.043166
0 0.827303 0.203237 0.021382 0.064748
0 0.348273 0.639389 0.018914 0.044964
0 0.273026 0.932554 0.027960 0.052158
0 0.273849 0.066547 0.026316 0.050360
0 0.154605 0.974820 0.041118 0.046763
0 0.134868 0.548561 0.037829 0.057554
0 0.576069 0.398381 0.041941 0.048561
0 0.289474 0.392086 0.024671 0.053957
0 0.244655 0.383094 0.050164 0.093525
0 0.404194 0.462230 0.028783 0.050360
0 0.768092 0.023381 0.023026 0.046763
0 0.329770 0.804856 0.037829 0.052158
0 0.256579 0.149281 0.023026 0.050360
0 0.268092 0.482914 0.031250 0.059353
0 0.248766 0.452338 0.033717 0.059353
0 0.529194 0.199640 0.050165 0.064748
0 0.569901 0.767086 0.029605 0.044964
0 0.333470 0.721223 0.023849 0.043166
0 0.335526 0.023381 0.031250 0.046763
0 0.769737 0.193345 0.034540 0.048561
0 0.217516 0.820144 0.028783 0.050360
0 0.335115 0.963130 0.061678 0.073741
0 0.539474 0.872302 0.024671 0.064748
0 0.629112 0.073741 0.039474 0.071942
0 0.658306 0.109712 0.035362 0.061151
0 0.794819 0.100719 0.030428 0.068345
0 0.318668 0.069245 0.033717 0.066547
0 0.141036 0.487410 0.040296 0.071942
0 0.307566 0.538669 0.067434 0.102518
0 0.659539 0.975719 0.027960 0.044964
0 0.719161 0.671763 0.035362 0.066547
0 0.505757 0.875899 0.042763 0.075540
0 0.800987 0.271583 0.057566 0.097122
0 0.762336 0.812950 0.032895 0.061151
0 0.449836 0.735611 0.027960 0.064748
0 0.466283 0.044065 0.031250 0.088129
0 0.423520 0.945144 0.021382 0.052158
0 0.465461 0.825540 0.034540 0.089928
0 0.570724 0.212230 0.032895 0.057554
0 0.673931 0.739209 0.037007 0.068345
0 0.540296 0.628597 0.027960 0.066547
0 0.550576 0.076439 0.028783 0.073741
0 0.667763 0.833633 0.034540 0.070144
0 0.570312 0.516187 0.041941 0.104317
0 0.919408 0.793165 0.059211 0.097122
0 0.858553 0.853417 0.026316 0.073741
0 0.520148 0.928957 0.028783 0.073741
0 0.602796 0.869604 0.032895 0.080935
0 0.185033 0.190647 0.041118 0.071942
0 0.748355 0.593525 0.003289 0.010791
0 0.597862 0.742806 0.004934 0.010791
0 0.724095 0.222122 0.004112 0.012590
0 0.831826 0.812950 0.004112 0.010791
0 0.468339 0.167266 0.004112 0.010791
0 0.793586 0.930755 0.003289 0.008993
0 0.752467 0.176259 0.004934 0.014388
0 0.536184 0.014389 0.003289 0.010791
0 0.409128 0.098921 0.005757 0.010791
0 0.497944 0.665468 0.004112 0.010791
0 0.350740 0.774281 0.004112 0.008993
0 0.689145 0.641187 0.003289 0.008993
0 0.599095 0.181655 0.004112 0.010791
0 0.564967 0.906475 0.004934 0.014388
0 0.699424 0.044065 0.004112 0.008993
0 0.520970 0.101619 0.005757 0.008993
0 0.472862 0.265288 0.004934 0.008993
0 0.624178 0.584532 0.003289 0.014388
0 0.773026 0.303058 0.004934 0.012590
0 0.656661 0.456835 0.004112 0.010791
0 0.716694 0.901079 0.004112 0.007194
0 0.594984 0.570144 0.004112 0.010791
0 0.724918 0.252698 0.004112 0.008993
0 0.690789 0.336331 0.004934 0.010791
0 0.523026 0.005396 0.004934 0.010791
0 0.438734 0.982014 0.004112 0.014388
0 0.398849 0.612410 0.003289 0.012590
0 0.584293 0.591727 0.004112 0.010791
0 0.681743 0.919065 0.004934 0.010791
0 0.760691 0.561151 0.004934 0.014388
0 0.553865 0.469424 0.005757 0.014388
0 0.539885 0.116906 0.005757 0.010791
0 0.848684 0.115108 0.003289 0.014389
0 0.628701 0.892986 0.007401 0.008993
0 0.377056 0.722122 0.004112 0.012590
0 0.363487 0.891187 0.004934 0.012590
0 0.650493 0.678058 0.004934 0.014388
0 0.273849 0.704137 0.004934 0.008993
0 0.673109 0.247302 0.004112 0.008993
0 0.550987 0.582734 0.004934 0.010791
0 0.553043 0.993705 0.005757 0.008993
0 0.457648 0.133993 0.004112 0.012590
0 0.816201 0.680755 0.005757 0.016187
0 0.293997 0.758094 0.005757 0.012590
0 0.333882 0.564748 0.008224 0.014388
0 0.231086 0.775180 0.006579 0.010791
0 0.693668 0.284173 0.005757 0.014389
0 0.107319 0.311151 0.005757 0.017986
0 0.235609 0.714928 0.005757 0.012590
0 0.516447 0.399281 0.006579 0.010791
0 0.638980 0.608813 0.008224 0.012590
0 0.330181 0.612410 0.007401 0.012590
0 0.860197 0.547662 0.006579 0.016187
0 0.455592 0.182554 0.008224 0.012590
0 0.478618 0.296763 0.008224 0.014389
0 0.395559 0.142986 0.008224 0.012590
0 0.357319 0.264389 0.007401 0.014389
0 0.631579 0.806655 0.009868 0.016187
0 0.323602 0.160971 0.007401 0.012590
0 0.469984 0.905576 0.007401 0.019784
