0 0.200658 0.817446 0.008224 0.016187
0 0.528783 0.929856 0.009868 0.017986
0 0.776316 0.846223 0.008224 0.016187
0 0.652961 0.026978 0.018092 0.039568
0 0.921053 0.485611 0.014803 0.021583
0 0.686266 0.433453 0.012335 0.025180
0 0.597862 0.375000 0.009868 0.019784
0 0.570724 0.802158 0.011513 0.025180
0 0.863898 0.295863 0.013980 0.019784
0 0.354441 0.117806 0.013158 0.023381
0 0.639803 0.014389 0.027960 0.028777
0 0.526316 0.855216 0.024671 0.059353
0 0.865543 0.270683 0.015625 0.037770
0 0.194901 0.983813 0.023026 0.028777
0 0.287418 0.797662 0.027138 0.055755
0 0.450247 0.962230 0.032072 0.050360
0 0.524671 0.605216 0.024671 0.048561
0 0.415296 0.689748 0.027960 0.059353
0 0.425576 0.053058 0.023849 0.059352
0 0.615954 0.405576 0.024671 0.052158
0 0.127467 0.857914 0.039474 0.075540
0 0.727796 0.624101 0.023026 0.050360
0 0.377878 0.794065 0.045230 0.062950
0 0.741365 0.387590 0.043585 0.059352
0 0.638980 0.434353 0.046053 0.127698
0 0.378289 0.118705 0.027961 0.046763
0 0.750411 0.491906 0.020559 0.037770
0 0.152961 0.760791 0.037829 0.057554
0 0.128701 0.019784 0.033717 0.039568
0 0.314145 0.767986 0.026316 0.050360
0 0.241776 0.278777 0.026316 0.046763
0 0.841283 0.938849 0.037829 0.053957
0 0.128701 0.800360 0.032072 0.050360
0 0.791941 0.803058 0.023026 0.052158
0 0.809622 0.511691 0.028783 0.041367
0 0.356497 0.868705 0.035362 0.064748
0 0.401727 0.735611 0.030428 0.057554
0 0.502056 0.633094 0.032072 0.071942
0 0.349918 0.950540 0.027138 0.037770
0 0.303865 0.677158 0.040296 0.066547
0 0.892270 0.155576 0.031250 0.055755
0 0.539885 0.232014 0.022204 0.071942
0 0.666118 0.774281 0.021382 0.066547
0 0.817845 0.690647 0.030428 0.043166
0 0.419819 0.974820 0.035362 0.050360
0 0.319490 0.839029 0.040296 0.066547
0 0.509868 0.154676 0.027960 0.064748
0 0.341694 0.272482 0.020559 0.052158
0 0.703125 0.584532 0.024671 0.050360
0 0.398849 0.215827 0.024671 0.053957
0 0.360197 0.081835 0.029605 0.052158
0 0.696957 0.353417 0.025493 0.044964
0 0.796053 0.216727 0.027960 0.070144
0 0.750822 0.283273 0.060855 0.095324
0 0.329359 0.310252 0.023849 0.073741
0 0.378701 0.904676 0.027138 0.050360
0 0.538240 0.974820 0.028783 0.043165
0 0.398849 0.151978 0.019737 0.048561
0 0.840049 0.121403 0.033717 0.077338
0 0.555510 0.831835 0.045230 0.062950
0 0.164474 0.147482 0.037829 0.104317
0 0.688322 0.079137 0.026316 0.079137
0 0.314145 0.428957 0.031250 0.048561
0 0.268092 0.342626 0.047697 0.073741
0 0.867188 0.206835 0.050164 0.068345
0 0.442434 0.628597 0.036184 0.073741
0 0.305099 0.897482 0.039474 0.075540
0 0.101562 0.821043 0.030428 0.052158
0 0.201069 0.763489 0.030428 0.066547
0 0.231086 0.887590 0.037829 0.070144
0 0.436678 0.357014 0.031250 0.070144
0 0.172286 0.274281 0.050165 0.095324
0 0.145559 0.690647 0.042763 0.079137
0 0.407072 0.380396 0.031250 0.095324
0 0.298520 0.226619 0.003289 0.007194
0 0.259457 0.866007 0.004112 0.008993
0 0.560855 0.894784 0.003289 0.008993
0 0.366776 0.655576 0.003289 0.012590
0 0.893914 0.688849 0.003289 0.010791
0 0.552632 0.707734 0.003289 0.008993
0 0.717516 0.232014 0.004112 0.010791
0 0.722451 0.084532 0.004112 0.010791
0 0.897204 0.796763 0.003289 0.010791
0 0.159951 0.384892 0.004112 0.007194
0 0.717928 0.847122 0.003289 0.010791
0 0.363076 0.255396 0.004112 0.010791
0 0.581003 0.246403 0.004112 0.010791
0 0.472039 0.684353 0.003289 0.008993
0 0.491365 0.792266 0.004112 0.012590
0 0.557566 0.282374 0.003289 0.010791
0 0.198602 0.190647 0.004112 0.010791
0 0.645970 0.817446 0.004112 0.008993
0 0.743832 0.029676 0.004112 0.012590
0 0.348684 0.467626 0.003289 0.010791
0 0.320312 0.157374 0.004112 0.008993
0 0.467516 0.535072 0.004112 0.008993
0 0.257401 0.104317 0.003289 0.010791
0 0.707648 0.217626 0.004112 0.014388
0 0.435033 0.212230 0.003289 0.010791
0 0.342516 0.750000 0.004112 0.010791
0 0.536595 0.763489 0.004112 0.008993
0 0.221628 0.670863 0.004112 0.010791
0 0.530016 0.757194 0.004112 0.010791
0 0.719572 0.739209 0.003289 0.010791
0 0.475740 0.837230 0.004112 0.012590
0 0.686266 0.546763 0.004112 0.010791
0 0.270970 0.481115 0.004112 0.008993
0 0.251234 0.739209 0.004112 0.010791
0 0.332648 0.082734 0.005757 0.010791
0 0.201480 0.047662 0.008224 0.012590
0 0.610197 0.003597 0.009868 0.007194
0 0.725329 0.776978 0.004934 0.010791
0 0.755757 0.946043 0.004934 0.010791
0 0.200658 0.281475 0.006579 0.012590
0 0.671875 0.303957 0.006579 0.014389
0 0.686266 0.319245 0.012335 0.034173
0 0.168997 0.633993 0.005757 0.012590
0 0.361842 0.427158 0.006579 0.012590
0 0.920230 0.292266 0.004934 0.016187
0 0.827714 0.829137 0.007401 0.010791
0 0.173931 0.014389 0.009046 0.010791
0 0.665707 0.294065 0.007401 0.016187
0 0.412418 0.566547 0.009046 0.025180
0 0.780839 0.505396 0.007401 0.014388
0 0.668586 0.437050 0.006579 0.014389
0 0.486431 0.975719 0.009046 0.019784
