0 0.483553 0.436151 0.009868 0.016187
0 0.327303 0.591727 0.008224 0.021583
0 0.589638 0.407374 0.011513 0.023381
0 0.560033 0.843525 0.009868 0.014388
0 0.345806 0.681655 0.013980 0.025180
0 0.634046 0.292266 0.009868 0.019784
0 0.472862 0.678058 0.011513 0.021583
0 0.865543 0.883993 0.012336 0.023381
0 0.681332 0.125899 0.010691 0.021583
0 0.506990 0.019784 0.013980 0.028777
0 0.537418 0.518885 0.010691 0.019784
0 0.159539 0.870504 0.013158 0.025180
0 0.665296 0.756295 0.011513 0.030575
0 0.530839 0.875000 0.012335 0.034173
0 0.386513 0.117806 0.026316 0.062950
0 0.604030 0.250000 0.015625 0.035971
0 0.055921 0.015288 0.016447 0.030575
0 0.523438 0.389389 0.013980 0.044964
0 0.735609 0.218525 0.033717 0.066547
0 0.498766 0.847122 0.017270 0.035971
0 0.132812 0.385791 0.017270 0.026978
0 0.074835 0.017086 0.024671 0.034173
0 0.293586 0.160971 0.019737 0.059353
0 0.888158 0.374101 0.029605 0.035971
0 0.412007 0.742806 0.027960 0.071942
0 0.416530 0.026079 0.027138 0.041367
0 0.337582 0.722122 0.032072 0.070144
0 0.611431 0.879496 0.023849 0.053957
0 0.578947 0.601619 0.041118 0.062950
0 0.644326 0.106115 0.023849 0.035971
0 0.742188 0.026978 0.025493 0.053957
0 0.465872 0.019784 0.030428 0.039568
0 0.230263 0.737410 0.029605 0.053957
0 0.928454 0.952338 0.037829 0.044964
0 0.349095 0.276079 0.028783 0.044964
0 0.078536 0.229317 0.033717 0.052158
0 0.915296 0.096223 0.031250 0.059353
0 0.916941 0.394784 0.031250 0.059352
0 0.488898 0.162770 0.022204 0.048561
0 0.361431 0.977518 0.020559 0.044964
0 0.447368 0.974820 0.021382 0.046763
0 0.292763 0.731115 0.039474 0.055755
0 0.479441 0.736511 0.024671 0.044964
0 0.315789 0.163669 0.037829 0.071942
0 0.617599 0.496403 0.031250 0.057554
0 0.568668 0.883094 0.020559 0.061151
0 0.631168 0.422662 0.020559 0.057554
0 0.206414 0.865108 0.024671 0.050360
0 0.177220 0.093525 0.027138 0.064748
0 0.678865 0.850719 0.027138 0.046763
0 0.251645 0.629496 0.034539 0.050360
0 0.403783 0.856115 0.031250 0.053957
0 0.382812 0.176259 0.020559 0.053957
0 0.615132 0.928058 0.031250 0.057554
0 0.192023 0.037770 0.043586 0.068345
0 0.252056 0.191547 0.030428 0.052158
0 0.604441 0.103417 0.026316 0.080935
0 0.600740 0.356115 0.037007 0.082734
0 0.715872 0.896583 0.032072 0.059352
0 0.798520 0.575540 0.039474 0.089928
0 0.882401 0.750000 0.062500 0.097122
0 0.235609 0.958633 0.028783 0.064748
0 0.555921 0.550360 0.024671 0.061151
0 0.796053 0.940647 0.027960 0.089928
0 0.609786 0.599820 0.030428 0.059353
0 0.486431 0.044964 0.030428 0.079137
0 0.699013 0.153777 0.031250 0.052158
0 0.823602 0.888489 0.020559 0.053957
0 0.406250 0.952338 0.024671 0.077338
0 0.521382 0.203237 0.027960 0.057554
0 0.671875 0.166367 0.029605 0.055755
0 0.503701 0.289568 0.023849 0.053957
0 0.346628 0.212230 0.028783 0.053957
0 0.215049 0.241906 0.051809 0.088129
0 0.569490 0.957734 0.032072 0.066547
0 0.767681 0.923561 0.037007 0.084532
0 0.652549 0.848022 0.023849 0.059353
0 0.634868 0.531475 0.023026 0.062950
0 0.889803 0.956835 0.027961 0.082734
0 0.544408 0.606115 0.037829 0.075540
0 0.246299 0.381295 0.040296 0.086331
0 0.854852 0.429856 0.040296 0.082734
0 0.764803 0.249101 0.042763 0.080935
0 0.368010 0.828237 0.027138 0.066547
0 0.129934 0.679856 0.042763 0.097122
0 0.570312 0.113309 0.005757 0.014388
0 0.419408 0.681655 0.003289 0.010791
0 0.552632 0.383094 0.003289 0.010791
0 0.696135 0.916367 0.004112 0.008993
0 0.803043 0.990108 0.004112 0.012590
0 0.384868 0.750899 0.003289 0.012590
0 0.463816 0.628597 0.004934 0.012590
0 0.154194 0.110612 0.004112 0.016187
0 0.789474 0.216727 0.004934 0.008993
0 0.493421 0.646583 0.003289 0.012590
0 0.112253 0.824640 0.004112 0.008993
0 0.351562 0.430755 0.004112 0.008993
0 0.777138 0.144784 0.003289 0.012590
0 0.631579 0.728417 0.004934 0.010791
0 0.131579 0.017086 0.006579 0.008993
0 0.620066 0.388489 0.004934 0.010791
0 0.853207 0.843525 0.004112 0.010791
0 0.237664 0.160971 0.004934 0.012590
0 0.549342 0.205036 0.003289 0.014388
0 0.148438 0.183453 0.004112 0.010791
0 0.677632 0.511691 0.008224 0.012590
0 0.444901 0.020684 0.004934 0.012590
0 0.552632 0.881295 0.004934 0.014388
0 0.826069 0.205036 0.005757 0.010791
0 0.753289 0.752698 0.004934 0.012590
0 0.530839 0.547662 0.004112 0.012590
0 0.574836 0.107914 0.006579 0.014388
0 0.564145 0.211331 0.006579 0.008993
0 0.516859 0.782374 0.004112 0.010791
0 0.620888 0.216727 0.006579 0.012590
0 0.531661 0.697842 0.005757 0.014388
0 0.583059 0.479317 0.006579 0.008993
0 0.945312 0.970324 0.013980 0.048561
0 0.664062 0.308453 0.004112 0.016187
0 0.548520 0.791367 0.004934 0.014388
0 0.412007 0.480216 0.004934 0.014388
0 0.419819 0.992806 0.007401 0.010791
0 0.633635 0.122302 0.009046 0.014389
0 0.826480 0.154676 0.004934 0.014388
0 0.479441 0.341727 0.004934 0.014389
0 0.546464 0.911870 0.005757 0.021583
0 0.528783 0.674460 0.004934 0.014388
0 0.629934 0.850719 0.004934 0.014388
0 0.691201 0.492806 0.005757 0.010791
0 0.860197 0.474820 0.008224 0.017986
0 0.412007 0.298561 0.004934 0.014389
0 0.227796 0.861511 0.008224 0.017986
0 0.729441 0.224820 0.019737 0.050360
0 0.582648 0.195144 0.007401 0.016187
0 0.741776 0.212230 0.019737 0.053957
0 0.537007 0.792266 0.008224 0.019784
