0 0.394737 0.971223 0.006579 0.017986
0 0.217928 0.921763 0.009868 0.019784
0 0.692845 0.987410 0.035362 0.021583
0 0.729030 0.006295 0.018915 0.012590
0 0.666118 0.830935 0.013158 0.017986
0 0.547697 0.073741 0.011513 0.021583
0 0.402961 0.469424 0.011513 0.021583
0 0.170641 0.007194 0.012335 0.014389
0 0.583470 0.571942 0.010691 0.017986
0 0.579770 0.699640 0.009868 0.021583
0 0.513158 0.826439 0.016447 0.037770
0 0.093750 0.907374 0.014803 0.023381
0 0.450658 0.643885 0.014803 0.025180
0 0.628289 0.783273 0.009868 0.026978
0 0.377056 0.818345 0.013980 0.025180
0 0.606086 0.984712 0.027960 0.026978
0 0.354852 0.219424 0.013980 0.028777
0 0.826069 0.985611 0.017270 0.025180
0 0.586760 0.418165 0.033717 0.059352
0 0.300987 0.361511 0.029605 0.050360
0 0.762336 0.610611 0.029605 0.044964
0 0.923109 0.939748 0.022204 0.055755
0 0.239720 0.313849 0.033717 0.041367
0 0.511102 0.862410 0.030428 0.037770
0 0.324836 0.858813 0.021382 0.052158
0 0.865132 0.447842 0.039474 0.057554
0 0.769737 0.039568 0.036184 0.046763
0 0.340872 0.580036 0.028783 0.055755
0 0.301398 0.113309 0.027138 0.050360
0 0.620066 0.705036 0.021382 0.043166
0 0.321546 0.331835 0.014803 0.041367
0 0.319079 0.051259 0.034540 0.062950
0 0.461349 0.604317 0.024671 0.053957
0 0.494243 0.812950 0.019737 0.046763
0 0.251645 0.139388 0.023026 0.080935
0 0.393914 0.847122 0.027961 0.061151
0 0.099095 0.767086 0.025493 0.041367
0 0.238076 0.251799 0.058388 0.086331
0 0.360609 0.034173 0.028783 0.068345
0 0.483553 0.497302 0.037829 0.055755
0 0.286595 0.731115 0.023849 0.059353
0 0.344984 0.470324 0.028783 0.052158
0 0.315378 0.489209 0.025493 0.068345
0 0.408306 0.351619 0.023849 0.055755
0 0.553454 0.893885 0.037829 0.053957
0 0.563322 0.375000 0.069079 0.113309
0 0.581414 0.604317 0.027960 0.050360
0 0.888569 0.036871 0.046875 0.073741
0 0.424342 0.782374 0.034539 0.064748
0 0.730674 0.605216 0.028783 0.062950
0 0.881168 0.499101 0.051809 0.073741
0 0.296875 0.250899 0.023026 0.059353
0 0.509046 0.963130 0.046053 0.073741
0 0.788651 0.267086 0.024671 0.052158
0 0.239309 0.359712 0.036184 0.071942
0 0.929276 0.390288 0.041118 0.071942
0 0.318257 0.197842 0.032895 0.068345
0 0.283306 0.559353 0.046875 0.115108
0 0.287007 0.191547 0.031250 0.062950
0 0.272204 0.685252 0.034540 0.079137
0 0.155428 0.517086 0.046053 0.088129
0 0.668997 0.437050 0.035362 0.082734
0 0.556332 0.957734 0.035362 0.084532
0 0.481908 0.142986 0.059210 0.124101
0 0.833059 0.215827 0.047697 0.093525
0 0.707648 0.145683 0.040296 0.075540
0 0.257812 0.945144 0.045230 0.095324
0 0.605263 0.040468 0.003289 0.012590
0 0.385280 0.723921 0.004112 0.008993
0 0.388980 0.517986 0.004934 0.017986
0 0.875000 0.286871 0.003289 0.008993
0 0.423520 0.877698 0.003289 0.007194
0 0.917763 0.129496 0.004934 0.010791
0 0.763158 0.764389 0.003289 0.010791
0 0.438322 0.731115 0.004934 0.008993
0 0.421464 0.192446 0.004112 0.010791
0 0.618421 0.375000 0.004934 0.008993
0 0.398438 0.541367 0.004112 0.010791
0 0.705592 0.956835 0.003289 0.010791
0 0.511102 0.397482 0.004112 0.010791
0 0.259868 0.849820 0.003289 0.008993
0 0.779605 0.520683 0.004934 0.008993
0 0.557155 0.116906 0.004112 0.010791
0 0.575658 0.034173 0.004934 0.010791
0 0.664062 0.879496 0.004112 0.010791
0 0.484786 0.405576 0.004112 0.008993
0 0.180921 0.939748 0.004934 0.012590
0 0.546053 0.479317 0.006579 0.008993
0 0.866776 0.354317 0.003289 0.010791
0 0.219572 0.909173 0.006579 0.012590
0 0.642270 0.909173 0.004934 0.008993
0 0.658306 0.776079 0.004112 0.008993
0 0.852385 0.328237 0.004112 0.012590
0 0.647204 0.404676 0.004934 0.010791
0 0.516859 0.094425 0.005757 0.008993
0 0.597451 0.525180 0.005757 0.010791
0 0.475740 0.200540 0.007401 0.016187
0 0.523026 0.273381 0.004934 0.010791
0 0.215872 0.761691 0.005757 0.008993
0 0.254112 0.567446 0.004934 0.012590
0 0.355263 0.076439 0.006579 0.012590
0 0.523438 0.627698 0.004112 0.010791
0 0.441201 0.006295 0.005757 0.012590
0 0.024260 0.173561 0.007401 0.016187
0 0.313322 0.389389 0.009868 0.012590
0 0.273026 0.779676 0.004934 0.008993
0 0.664474 0.116906 0.006579 0.010791
0 0.403783 0.529676 0.006579 0.012590
0 0.434622 0.163669 0.004112 0.014388
0 0.447780 0.725719 0.005757 0.012590
0 0.494655 0.325540 0.004112 0.014389
0 0.460526 0.690647 0.006579 0.010791
0 0.412418 0.629496 0.005757 0.010791
0 0.831003 0.870504 0.005757 0.017986
0 0.103618 0.624101 0.004934 0.017986
0 0.467516 0.270683 0.007401 0.012590
0 0.888569 0.932554 0.005757 0.016187
0 0.202303 0.867806 0.006579 0.012590
0 0.436678 0.420863 0.006579 0.014389
0 0.730263 0.674460 0.006579 0.014388
0 0.333470 0.343525 0.007401 0.014389
