0 0.607319 0.285971 0.007401 0.017986
0 0.540707 0.717626 0.009046 0.017986
0 0.284951 0.991007 0.020559 0.014388
0 0.720806 0.632194 0.012335 0.016187
0 0.161184 0.585432 0.009868 0.019784
0 0.594161 0.786870 0.018915 0.026978
0 0.533306 0.535072 0.010691 0.023381
0 0.212993 0.014389 0.011513 0.021583
0 0.201069 0.471223 0.033717 0.043165
0 0.435444 0.526079 0.025493 0.066547
0 0.763158 0.821043 0.039474 0.080935
0 0.823191 0.857014 0.031250 0.070144
0 0.308388 0.339029 0.026316 0.048561
0 0.805510 0.189748 0.030428 0.037770
0 0.464638 0.611511 0.026316 0.071942
0 0.746711 0.785971 0.037829 0.075540
0 0.328125 0.746403 0.024671 0.061151
0 0.598273 0.900180 0.020559 0.059352
0 0.386924 0.652878 0.025493 0.061151
0 0.548109 0.577338 0.027138 0.039568
0 0.728618 0.493705 0.041118 0.062950
0 0.520970 0.368705 0.023849 0.064748
0 0.643503 0.785971 0.027138 0.057554
0 0.491365 0.351619 0.040296 0.055755
0 0.785362 0.518885 0.044408 0.066547
0 0.106908 0.676259 0.037829 0.053957
0 0.658306 0.580036 0.027138 0.055755
0 0.552632 0.094424 0.036184 0.095324
0 0.760280 0.195144 0.028783 0.059353
0 0.713405 0.589928 0.028783 0.071942
0 0.349918 0.642986 0.043585 0.095324
0 0.301398 0.273381 0.045230 0.107914
0 0.320312 0.560252 0.025493 0.070144
0 0.881579 0.604317 0.027961 0.057554
0 0.462993 0.486511 0.027960 0.066547
0 0.812500 0.737410 0.026316 0.057554
0 0.521382 0.062950 0.026316 0.064748
0 0.456003 0.029676 0.032072 0.059353
0 0.449424 0.708633 0.028783 0.064748
0 0.597862 0.616007 0.021382 0.052158
0 0.439145 0.821942 0.026316 0.057554
0 0.114720 0.437050 0.055099 0.097122
0 0.627467 0.730216 0.029605 0.064748
0 0.518092 0.959532 0.021382 0.044964
0 0.150493 0.903777 0.027960 0.066547
0 0.795230 0.562950 0.029605 0.046763
0 0.088816 0.948741 0.046053 0.102518
0 0.536184 0.754496 0.023026 0.044964
0 0.693257 0.965827 0.047697 0.064748
0 0.365132 0.948741 0.032895 0.052158
0 0.525082 0.675360 0.046875 0.070144
0 0.718750 0.041367 0.054276 0.082734
0 0.577714 0.595324 0.037007 0.071942
0 0.835938 0.468525 0.046875 0.084532
0 0.442434 0.436151 0.026316 0.070144
0 0.823602 0.785971 0.035362 0.061151
0 0.924753 0.339928 0.046875 0.071942
0 0.457237 0.084532 0.037829 0.068345
0 0.876234 0.535971 0.033717 0.053957
0 0.574424 0.515288 0.032072 0.098921
0 0.560444 0.847122 0.045230 0.107914
0 0.369655 0.886691 0.028783 0.064748
0 0.404605 0.929856 0.037829 0.075540
0 0.600740 0.490108 0.030428 0.062950
0 0.566612 0.718525 0.032895 0.077338
0 0.513980 0.865108 0.029605 0.082734
0 0.539885 0.207734 0.037007 0.080935
0 0.292763 0.077338 0.037829 0.089928
0 0.108964 0.303957 0.041941 0.071942
0 0.609786 0.698741 0.004112 0.008993
0 0.641859 0.412770 0.004112 0.008993
0 0.169819 0.625899 0.004112 0.010791
0 0.487664 0.672662 0.003289 0.010791
0 0.493421 0.164568 0.003289 0.008993
0 0.784128 0.218525 0.004112 0.008993
0 0.641859 0.957734 0.004112 0.008993
0 0.699424 0.647482 0.004112 0.010791
0 0.676809 0.451439 0.003289 0.010791
0 0.472039 0.380396 0.004934 0.008993
0 0.476974 0.154676 0.004934 0.010791
0 0.924753 0.923561 0.005757 0.012590
0 0.441201 0.651978 0.004112 0.008993
0 0.588816 0.757194 0.006579 0.010791
0 0.839227 0.199640 0.004112 0.010791
0 0.409951 0.261691 0.004112 0.008993
0 0.794408 0.151978 0.004934 0.008993
0 0.677220 0.590827 0.005757 0.012590
0 0.233141 0.362410 0.004112 0.012590
0 0.468750 0.415468 0.004934 0.010791
0 0.491776 0.059353 0.003289 0.010791
0 0.647615 0.457734 0.004112 0.008993
0 0.506168 0.572842 0.004112 0.008993
0 0.574836 0.143885 0.004934 0.014388
0 0.634457 0.610611 0.004112 0.012590
0 0.244655 0.959532 0.005757 0.016187
0 0.668174 0.936151 0.005757 0.008993
0 0.454770 0.205036 0.006579 0.010791
0 0.402138 0.206835 0.004934 0.010791
0 0.469984 0.709532 0.005757 0.008993
0 0.634457 0.472122 0.004112 0.012590
0 0.670230 0.260791 0.004934 0.010791
0 0.587171 0.200540 0.006579 0.012590
0 0.420230 0.980216 0.004934 0.014388
0 0.863076 0.799460 0.005757 0.008993
0 0.687089 0.764389 0.004112 0.010791
0 0.792763 0.261691 0.004934 0.008993
0 0.681743 0.053058 0.004934 0.012590
0 0.573602 0.984712 0.004112 0.012590
0 0.433388 0.952338 0.006579 0.016187
0 0.485609 0.726619 0.005757 0.014388
0 0.634046 0.682554 0.006579 0.012590
0 0.376234 0.745504 0.005757 0.012590
0 0.866776 0.005396 0.018092 0.010791
0 0.845806 0.883094 0.007401 0.014388
0 0.495477 0.307554 0.005757 0.017986
0 0.266036 0.353417 0.009046 0.016187
0 0.290707 0.767086 0.005757 0.016187
0 0.115543 0.028777 0.007401 0.014389
