0 0.562500 0.056655 0.006579 0.016187
0 0.620888 0.419065 0.009868 0.017986
0 0.560444 0.405576 0.010691 0.019784
0 0.796464 0.271583 0.010691 0.017986
0 0.554276 0.106115 0.011513 0.017986
0 0.746711 0.554856 0.008224 0.016187
0 0.708882 0.628597 0.009868 0.012590
0 0.741776 0.508094 0.006579 0.016187
0 0.723684 0.125000 0.008224 0.016187
0 0.585115 0.527878 0.010691 0.023381
0 0.556743 0.943345 0.009868 0.019784
0 0.655839 0.468525 0.010691 0.019784
0 0.640214 0.035971 0.009046 0.017986
0 0.560033 0.236511 0.011513 0.023381
0 0.326891 0.248201 0.022204 0.057554
0 0.460938 0.985611 0.009046 0.025180
0 0.342105 0.871403 0.011513 0.030575
0 0.600740 0.937950 0.025493 0.048561
0 0.751234 0.967626 0.012335 0.053957
0 0.534951 0.702338 0.015625 0.030575
0 0.749178 0.678058 0.023026 0.046763
0 0.747533 0.482914 0.016447 0.030575
0 0.680510 0.982914 0.023849 0.030575
0 0.655428 0.059353 0.019737 0.032374
0 0.687911 0.803058 0.027138 0.077338
0 0.075658 0.793165 0.034540 0.057554
0 0.726151 0.754496 0.067434 0.077338
0 0.664885 0.016187 0.035362 0.032374
0 0.291530 0.325540 0.023849 0.043166
0 0.252056 0.796763 0.051809 0.100719
0 0.773438 0.746403 0.028783 0.082734
0 0.921053 0.346223 0.031250 0.041367
0 0.667352 0.669065 0.035362 0.046763
0 0.536595 0.102518 0.018915 0.043165
0 0.442023 0.432554 0.022204 0.052158
0 0.765214 0.579137 0.027138 0.046763
0 0.291941 0.841727 0.026316 0.043166
0 0.712993 0.454137 0.024671 0.041367
0 0.312911 0.659173 0.045230 0.088129
0 0.278372 0.415468 0.022204 0.050360
0 0.432155 0.163669 0.032072 0.064748
0 0.476974 0.113309 0.041118 0.071942
0 0.163240 0.676259 0.037007 0.064748
0 0.364720 0.493705 0.023849 0.044964
0 0.080181 0.536870 0.038651 0.055755
0 0.416941 0.483813 0.027961 0.053957
0 0.439145 0.846223 0.024671 0.048561
0 0.686678 0.321942 0.036184 0.057554
0 0.666118 0.532374 0.029605 0.046763
0 0.607730 0.485611 0.027960 0.046763
0 0.739309 0.617806 0.055921 0.088129
0 0.317434 0.200540 0.031250 0.106115
0 0.705592 0.499101 0.024671 0.062950
0 0.295230 0.225719 0.026316 0.055755
0 0.547697 0.020683 0.031250 0.041367
0 0.222862 0.214029 0.029605 0.043166
0 0.267270 0.696942 0.036184 0.095324
0 0.842105 0.410971 0.024671 0.048561
0 0.506990 0.647482 0.032072 0.068345
0 0.577714 0.426259 0.022204 0.053957
0 0.671875 0.727518 0.021382 0.041367
0 0.351151 0.953237 0.050987 0.086331
0 0.307977 0.363309 0.041941 0.097122
0 0.644737 0.860611 0.034540 0.066547
0 0.609375 0.236511 0.047697 0.077338
0 0.444901 0.915468 0.031250 0.068345
0 0.918997 0.456835 0.033717 0.115108
0 0.147615 0.737410 0.033717 0.082734
0 0.264391 0.897482 0.068257 0.115108
0 0.663240 0.182554 0.030428 0.055755
0 0.583059 0.598921 0.041118 0.093525
0 0.247944 0.556655 0.004112 0.008993
0 0.191201 0.950540 0.013980 0.037770
0 0.689967 0.923561 0.003289 0.008993
0 0.332237 0.771583 0.003289 0.010791
0 0.519326 0.776079 0.004112 0.008993
0 0.579359 0.081835 0.004112 0.012590
0 0.774260 0.215827 0.004112 0.010791
0 0.347451 0.327338 0.004112 0.010791
0 0.823191 0.866906 0.003289 0.007194
0 0.810855 0.358813 0.009868 0.023381
0 0.627056 0.696043 0.007401 0.021583
0 0.550576 0.263489 0.004112 0.008993
0 0.731086 0.348921 0.004934 0.010791
0 0.842105 0.366906 0.003289 0.010791
0 0.629112 0.029676 0.004934 0.012590
0 0.402138 0.735611 0.004934 0.010791
0 0.602385 0.867806 0.004112 0.008993
0 0.788240 0.010791 0.005757 0.010791
0 0.246711 0.073741 0.004934 0.010791
0 0.408717 0.012590 0.004934 0.014389
0 0.636513 0.374101 0.004934 0.014389
0 0.470806 0.669964 0.004112 0.012590
0 0.558388 0.836331 0.003289 0.010791
0 0.578536 0.994604 0.007401 0.007194
0 0.325247 0.578237 0.004112 0.012590
0 0.187089 0.134892 0.004112 0.010791
0 0.685033 0.873201 0.003289 0.008993
0 0.855674 0.094424 0.004112 0.012590
0 0.164062 0.803957 0.004112 0.010791
0 0.333470 0.812950 0.004112 0.010791
0 0.256168 0.136691 0.004112 0.010791
0 0.336349 0.518885 0.003289 0.012590
0 0.245888 0.493705 0.004934 0.012590
0 0.484786 0.573741 0.005757 0.010791
0 0.350329 0.723022 0.004934 0.010791
0 0.060033 0.786870 0.006579 0.034173
0 0.266859 0.355216 0.007401 0.012590
0 0.642681 0.118705 0.005757 0.010791
0 0.384046 0.517086 0.004934 0.012590
0 0.567023 0.482014 0.004112 0.010791
0 0.739720 0.274281 0.007401 0.016187
0 0.129523 0.835432 0.004112 0.012590
0 0.636513 0.736511 0.006579 0.034173
0 0.776727 0.196043 0.007401 0.014388
0 0.350740 0.553058 0.007401 0.012590
