0 0.437089 0.845324 0.010691 0.017986
0 0.421053 0.383094 0.013158 0.021583
0 0.479852 0.205036 0.013980 0.017986
0 0.261513 0.302158 0.009868 0.017986
0 0.275082 0.009892 0.023849 0.019784
0 0.520559 0.338129 0.011513 0.017986
0 0.671875 0.800360 0.009868 0.021583
0 0.464638 0.984712 0.039474 0.030576
0 0.646793 0.898381 0.010691 0.026978
0 0.517681 0.589928 0.012335 0.025180
0 0.773849 0.035971 0.027960 0.061151
0 0.571957 0.849820 0.012335 0.026978
0 0.875000 0.914568 0.050987 0.109712
0 0.428454 0.018885 0.019737 0.037770
0 0.486020 0.498201 0.018092 0.046763
0 0.567023 0.975719 0.022204 0.044964
0 0.849507 0.348022 0.021382 0.034173
0 0.232319 0.020683 0.025493 0.041367
0 0.904194 0.569245 0.025493 0.048561
0 0.254112 0.463129 0.024671 0.062950
0 0.448602 0.573741 0.043585 0.100719
0 0.542352 0.517086 0.027138 0.062950
0 0.664474 0.392086 0.057566 0.104317
0 0.248355 0.153777 0.067434 0.095324
0 0.854852 0.661870 0.030428 0.046763
0 0.305099 0.295863 0.026316 0.059352
0 0.655428 0.868705 0.026316 0.050360
0 0.198602 0.026079 0.048520 0.052158
0 0.242599 0.582734 0.031250 0.050360
0 0.229852 0.307554 0.032072 0.053957
0 0.648438 0.229317 0.023849 0.055755
0 0.625000 0.383993 0.024671 0.055755
0 0.754523 0.653777 0.030428 0.048561
0 0.689967 0.468525 0.024671 0.048561
0 0.188322 0.817446 0.026316 0.052158
0 0.255345 0.642086 0.018914 0.046763
0 0.305099 0.821043 0.029605 0.059353
0 0.204359 0.678058 0.041941 0.068345
0 0.559211 0.774281 0.024671 0.048561
0 0.844984 0.465827 0.032072 0.046763
0 0.734786 0.408273 0.023849 0.043166
0 0.503289 0.971223 0.034540 0.053957
0 0.393092 0.459532 0.037829 0.059352
0 0.551809 0.176259 0.026316 0.053957
0 0.270559 0.881295 0.026316 0.046763
0 0.207237 0.781475 0.032895 0.052158
0 0.923931 0.234712 0.023849 0.055755
0 0.112664 0.548561 0.037829 0.079137
0 0.697368 0.860611 0.027960 0.044964
0 0.708059 0.616906 0.023026 0.050360
0 0.713405 0.739209 0.028783 0.082734
0 0.487664 0.375899 0.032895 0.068345
0 0.585526 0.355216 0.023026 0.052158
0 0.347862 0.821942 0.026316 0.050360
0 0.775082 0.973022 0.030428 0.050360
0 0.268914 0.963130 0.026316 0.073741
0 0.797697 0.725719 0.021382 0.059353
0 0.554688 0.309353 0.041941 0.079137
0 0.200658 0.900180 0.032895 0.073741
0 0.536184 0.849820 0.037829 0.109712
0 0.736020 0.619604 0.029605 0.080935
0 0.128701 0.506295 0.025493 0.055755
0 0.449836 0.481115 0.036184 0.080935
0 0.541530 0.955935 0.043585 0.084532
0 0.760691 0.135791 0.044408 0.095324
0 0.558388 0.518885 0.006579 0.012590
0 0.180510 0.409173 0.004112 0.008993
0 0.585526 0.791367 0.003289 0.010791
0 0.382812 0.569245 0.004112 0.008993
0 0.569901 0.531475 0.004934 0.008993
0 0.705181 0.923561 0.004112 0.012590
0 0.246299 0.696043 0.004112 0.007194
0 0.707648 0.166367 0.004112 0.008993
0 0.887747 0.380396 0.004112 0.012590
0 0.561266 0.248201 0.004112 0.010791
0 0.812500 0.995504 0.004934 0.008993
0 0.667763 0.192446 0.003289 0.010791
0 0.604030 0.053957 0.004112 0.010791
0 0.601974 0.604317 0.004934 0.010791
0 0.592105 0.004496 0.004934 0.008993
0 0.636513 0.255396 0.004934 0.014389
0 0.575658 0.608813 0.004934 0.012590
0 0.608141 0.438849 0.005757 0.010791
0 0.416118 0.254496 0.003289 0.008993
0 0.248355 0.214029 0.003289 0.010791
0 0.236842 0.791367 0.004934 0.014388
0 0.561678 0.705036 0.003289 0.010791
0 0.448191 0.668165 0.003289 0.008993
0 0.598273 0.204137 0.004112 0.008993
0 0.642270 0.773381 0.003289 0.010791
0 0.572780 0.395683 0.004112 0.010791
0 0.530839 0.434353 0.004112 0.012590
0 0.581826 0.968525 0.005757 0.008993
0 0.238076 0.771583 0.004112 0.014388
0 0.129523 0.751799 0.004112 0.010791
0 0.556743 0.434353 0.004934 0.012590
0 0.621299 0.536870 0.004112 0.012590
0 0.678865 0.120504 0.004112 0.010791
0 0.627056 0.662770 0.004112 0.008993
0 0.525493 0.115108 0.004934 0.010791
0 0.460115 0.845324 0.004112 0.010791
0 0.564967 0.360611 0.004934 0.012590
0 0.319490 0.808453 0.005757 0.016187
0 0.426809 0.425360 0.004934 0.012590
0 0.073191 0.642086 0.006579 0.010791
0 0.645970 0.160072 0.005757 0.010791
0 0.478618 0.796763 0.004934 0.010791
0 0.792763 0.142986 0.004934 0.012590
0 0.588405 0.926259 0.004112 0.014388
0 0.489309 0.643885 0.004934 0.014388
0 0.412007 0.633094 0.004934 0.017986
0 0.578536 0.803957 0.004112 0.010791
0 0.575247 0.219424 0.005757 0.014388
0 0.469161 0.343525 0.005757 0.010791
0 0.377878 0.291367 0.005757 0.014389
0 0.617599 0.150180 0.004934 0.008993
0 0.229030 0.785072 0.005757 0.016187
0 0.780428 0.645683 0.004934 0.014388
0 0.634046 0.919964 0.004934 0.012590
0 0.434622 0.134892 0.005757 0.014388
0 0.664885 0.534173 0.005757 0.014388
0 0.741776 0.537770 0.004934 0.014388
0 0.742188 0.727518 0.005757 0.012590
0 0.230263 0.507194 0.004934 0.014388
0 0.674342 0.005396 0.016447 0.010791
0 0.690789 0.080935 0.006579 0.014388
0 0.199836 0.602518 0.006579 0.014388
0 0.360197 0.690647 0.004934 0.017986
0 0.605674 0.848921 0.007401 0.017986
