0 0.361431 0.769784 0.007401 0.017986
0 0.491365 0.730216 0.012335 0.017986
0 0.269737 0.775180 0.013158 0.021583
0 0.461760 0.114209 0.010691 0.026978
0 0.402549 0.249101 0.007401 0.026978
0 0.342105 0.676259 0.011513 0.021583
0 0.264803 0.641187 0.009868 0.026978
0 0.633635 0.384892 0.009046 0.025180
0 0.637747 0.455036 0.010691 0.025180
0 0.187500 0.970324 0.013158 0.023381
0 0.200247 0.986511 0.023849 0.023381
0 0.847451 0.883993 0.028783 0.041367
0 0.428865 0.525180 0.018914 0.043166
0 0.299753 0.038669 0.033717 0.077338
0 0.289062 0.801259 0.025493 0.052158
0 0.703125 0.840827 0.026316 0.048561
0 0.729441 0.015288 0.023026 0.030575
0 0.630757 0.241906 0.036184 0.044964
0 0.212993 0.960432 0.024671 0.050360
0 0.453125 0.024281 0.023026 0.048561
0 0.247122 0.500000 0.030428 0.053957
0 0.566612 0.082734 0.036184 0.046763
0 0.431332 0.682554 0.015625 0.044964
0 0.240132 0.648381 0.021382 0.041367
0 0.650905 0.369604 0.025493 0.052158
0 0.841283 0.486511 0.026316 0.052158
0 0.287829 0.599820 0.026316 0.052158
0 0.482730 0.587230 0.024671 0.055755
0 0.461349 0.447842 0.027960 0.057554
0 0.287418 0.534173 0.033717 0.068345
0 0.702714 0.691547 0.020559 0.048561
0 0.229441 0.873201 0.034539 0.052158
0 0.772204 0.125000 0.029605 0.041367
0 0.438734 0.437050 0.020559 0.050360
0 0.166530 0.771583 0.023849 0.050360
0 0.494655 0.293165 0.030428 0.057554
0 0.366776 0.856115 0.027960 0.053957
0 0.536595 0.110612 0.048520 0.102518
0 0.250411 0.685252 0.030428 0.057554
0 0.254934 0.144784 0.026316 0.055755
0 0.532484 0.841727 0.033717 0.057554
0 0.748355 0.195144 0.024671 0.052158
0 0.483553 0.869604 0.019737 0.052158
0 0.171464 0.297662 0.055099 0.073741
0 0.598684 0.028777 0.032895 0.057554
0 0.451069 0.397482 0.030428 0.068345
0 0.416530 0.341727 0.033717 0.061151
0 0.416118 0.041367 0.055921 0.082734
0 0.229441 0.822842 0.024671 0.048561
0 0.618010 0.132194 0.023849 0.070144
0 0.684211 0.506295 0.024671 0.044964
0 0.737253 0.712230 0.035362 0.057554
0 0.777961 0.710432 0.027960 0.061151
0 0.425576 0.892986 0.028783 0.055755
0 0.747944 0.241906 0.028783 0.048561
0 0.213405 0.761691 0.037007 0.055755
0 0.656661 0.330935 0.027138 0.046763
0 0.638158 0.834532 0.042763 0.082734
0 0.587171 0.700540 0.032895 0.066547
0 0.751645 0.624101 0.029605 0.053957
0 0.718339 0.474820 0.030428 0.053957
0 0.675987 0.617806 0.029605 0.073741
0 0.314967 0.309353 0.047697 0.086331
0 0.780016 0.212230 0.043585 0.082734
0 0.503289 0.835432 0.029605 0.066547
0 0.634868 0.711331 0.024671 0.055755
0 0.723273 0.791367 0.046875 0.086331
0 0.562500 0.510791 0.042763 0.089928
0 0.792763 0.301259 0.041118 0.066547
0 0.311266 0.157374 0.025493 0.077338
0 0.379112 0.742806 0.031250 0.086331
0 0.678043 0.104317 0.004112 0.010791
0 0.396793 0.182554 0.004112 0.012590
0 0.511924 0.427158 0.004112 0.012590
0 0.426809 0.947842 0.004934 0.010791
0 0.467105 0.351619 0.003289 0.008993
0 0.691201 0.300360 0.004112 0.010791
0 0.666530 0.270683 0.004112 0.012590
0 0.605263 0.987410 0.003289 0.010791
0 0.849095 0.927158 0.004112 0.008993
0 0.366776 0.396583 0.003289 0.008993
0 0.672697 0.936151 0.003289 0.008993
0 0.518503 0.449640 0.004112 0.014389
0 0.550576 0.237410 0.004112 0.010791
0 0.401316 0.940647 0.004934 0.010791
0 0.810855 0.880396 0.003289 0.008993
0 0.791118 0.879496 0.004934 0.010791
0 0.442845 0.543165 0.004112 0.010791
0 0.460526 0.079137 0.004934 0.010791
0 0.560855 0.960432 0.003289 0.010791
0 0.787007 0.851619 0.004934 0.008993
0 0.465872 0.157374 0.005757 0.008993
0 0.686678 0.919964 0.003289 0.008993
0 0.881168 0.013489 0.004112 0.008993
0 0.623355 0.473022 0.003289 0.010791
0 0.637336 0.173561 0.004934 0.016187
0 0.729030 0.307554 0.004112 0.010791
0 0.580181 0.945144 0.004112 0.012590
0 0.558388 0.892086 0.004934 0.010791
0 0.395559 0.503597 0.003289 0.017986
0 0.189145 0.187050 0.004934 0.014388
0 0.572780 0.919964 0.004112 0.012590
0 0.659539 0.014389 0.006579 0.010791
0 0.684622 0.858813 0.004112 0.012590
0 0.522615 0.483813 0.007401 0.010791
0 0.199836 0.121403 0.004934 0.012590
0 0.739309 0.579137 0.004934 0.014388
0 0.358964 0.251799 0.004112 0.010791
0 0.069079 0.379496 0.004934 0.014389
0 0.200247 0.738309 0.005757 0.016187
0 0.525493 0.169065 0.008224 0.014388
0 0.442845 0.197842 0.007401 0.010791
0 0.612253 0.436151 0.005757 0.012590
0 0.470395 0.873201 0.004934 0.016187
0 0.365132 0.089029 0.004934 0.012590
0 0.462171 0.512590 0.006579 0.014388
0 0.272204 0.584532 0.006579 0.014388
0 0.379523 0.227518 0.005757 0.012590
0 0.398849 0.472122 0.006579 0.012590
0 0.692434 0.042266 0.004934 0.012590
0 0.376645 0.005396 0.008224 0.010791
0 0.368421 0.151079 0.006579 0.010791
0 0.808388 0.493705 0.006579 0.012590
0 0.342928 0.902878 0.004934 0.010791
0 0.716694 0.155576 0.007401 0.016187
0 0.323602 0.743705 0.005757 0.012590
0 0.309622 0.795863 0.005757 0.016187
0 0.648438 0.964928 0.007401 0.012590
0 0.323602 0.638489 0.009046 0.014388
0 0.821546 0.893885 0.004934 0.014388
0 0.417352 0.741906 0.007401 0.012590
0 0.298520 0.341727 0.008224 0.021583
0 0.601974 0.857014 0.006579 0.016187
0 0.234786 0.243705 0.007401 0.016187
0 0.884457 0.777878 0.009046 0.016187
0 0.613487 0.408273 0.008224 0.017986
0 0.133224 0.724820 0.008224 0.017986
