0 0.238898 0.536870 0.007401 0.016187
0 0.353207 0.870504 0.009046 0.017986
0 0.295230 0.702338 0.008224 0.019784
0 0.231908 0.500000 0.009868 0.017986
0 0.610609 0.815647 0.009046 0.023381
0 0.488898 0.007194 0.022204 0.014389
0 0.389391 0.307554 0.009046 0.021583
0 0.219161 0.465827 0.009046 0.014388
0 0.792763 0.293165 0.009868 0.021583
0 0.604852 0.125899 0.035362 0.075540
0 0.577303 0.154676 0.011513 0.021583
0 0.638569 0.707734 0.012335 0.019784
0 0.867599 0.017086 0.034539 0.034173
0 0.516859 0.286871 0.010691 0.019784
0 0.200247 0.553957 0.027138 0.046763
0 0.476974 0.557554 0.014803 0.035971
0 0.725740 0.251799 0.028783 0.050360
0 0.525905 0.092626 0.045230 0.080935
0 0.376645 0.253597 0.029605 0.057554
0 0.411595 0.092626 0.023849 0.055755
0 0.448602 0.721223 0.040296 0.064748
0 0.456414 0.685252 0.027960 0.043166
0 0.761513 0.049460 0.024671 0.066547
0 0.500411 0.834532 0.022204 0.071942
0 0.591283 0.103417 0.026316 0.044964
0 0.663240 0.778777 0.027138 0.039568
0 0.465872 0.436151 0.032072 0.044964
0 0.230674 0.709532 0.028783 0.052158
0 0.496711 0.611511 0.023026 0.050360
0 0.669819 0.462230 0.023849 0.053957
0 0.321957 0.500899 0.032072 0.059353
0 0.613898 0.172662 0.041941 0.075540
0 0.666530 0.212230 0.045230 0.043165
0 0.930099 0.294065 0.031250 0.048561
0 0.531250 0.510791 0.037829 0.050360
0 0.887336 0.049460 0.069079 0.091727
0 0.370888 0.429856 0.018092 0.043166
0 0.717928 0.368705 0.027960 0.050360
0 0.723684 0.621403 0.023026 0.044964
0 0.212993 0.973022 0.044408 0.050360
0 0.186266 0.372302 0.030428 0.061151
0 0.488076 0.701439 0.027138 0.093525
0 0.191201 0.492806 0.040296 0.064748
0 0.761513 0.864209 0.027960 0.055755
0 0.217105 0.839029 0.031250 0.070144
0 0.520148 0.027878 0.022204 0.055755
0 0.225740 0.125000 0.032072 0.048561
0 0.833059 0.348022 0.032895 0.059352
0 0.261513 0.675360 0.039474 0.059353
0 0.606497 0.067446 0.028783 0.052158
0 0.446135 0.885791 0.028783 0.059353
0 0.113898 0.341727 0.025493 0.050360
0 0.338816 0.032374 0.037829 0.057554
0 0.314145 0.758993 0.026316 0.068345
0 0.650905 0.535072 0.041941 0.077338
0 0.210938 0.599820 0.037007 0.066547
0 0.908306 0.425360 0.018914 0.048561
0 0.320724 0.410072 0.034540 0.064748
0 0.216283 0.177158 0.037829 0.066547
0 0.659951 0.821942 0.028783 0.050360
0 0.498355 0.045863 0.029605 0.070144
0 0.530839 0.209532 0.050165 0.066547
0 0.278783 0.750899 0.029605 0.059353
0 0.641859 0.866007 0.027138 0.073741
0 0.261924 0.180755 0.048520 0.077338
0 0.568668 0.819245 0.023849 0.073741
0 0.393092 0.362410 0.029605 0.062950
0 0.482319 0.787770 0.040296 0.079137
0 0.348684 0.464928 0.031250 0.073741
0 0.263980 0.892986 0.037829 0.095324
0 0.759868 0.736511 0.047697 0.106115
0 0.203536 0.737410 0.033717 0.082734
0 0.429688 0.578237 0.004112 0.008993
0 0.569901 0.661870 0.004934 0.007194
0 0.391859 0.928957 0.004112 0.008993
0 0.259868 0.975719 0.004934 0.008993
0 0.545641 0.336331 0.004112 0.010791
0 0.619655 0.022482 0.004112 0.008993
0 0.803865 0.632194 0.004112 0.008993
0 0.710526 0.805755 0.003289 0.010791
0 0.517270 0.754496 0.003289 0.008993
0 0.141036 0.059353 0.005757 0.010791
0 0.488898 0.992806 0.004112 0.010791
0 0.442845 0.802158 0.004112 0.010791
0 0.428043 0.343525 0.004112 0.010791
0 0.620888 0.134892 0.008224 0.014388
0 0.421875 0.225719 0.004934 0.012590
0 0.238898 0.625899 0.004112 0.010791
0 0.664062 0.709532 0.004112 0.008993
0 0.398026 0.300360 0.004934 0.010791
0 0.833882 0.433453 0.004934 0.010791
0 0.860197 0.567446 0.004934 0.008993
0 0.553865 0.067446 0.004112 0.008993
0 0.726151 0.079137 0.003289 0.010791
0 0.568668 0.269784 0.004112 0.010791
0 0.422286 0.032374 0.004112 0.010791
0 0.582648 0.943345 0.004112 0.008993
0 0.730674 0.053058 0.004112 0.012590
0 0.468339 0.004496 0.007401 0.008993
0 0.562089 0.168165 0.004112 0.016187
0 0.569079 0.526978 0.004934 0.014388
0 0.642681 0.194245 0.004112 0.014388
0 0.631990 0.590827 0.005757 0.016187
0 0.555921 0.992806 0.006579 0.014388
0 0.498766 0.989209 0.004112 0.014388
0 0.507812 0.530576 0.004112 0.010791
0 0.747122 0.040468 0.005757 0.012590
0 0.659951 0.356115 0.004112 0.010791
0 0.870888 0.177158 0.004934 0.008993
0 0.636513 0.289568 0.004934 0.010791
0 0.466283 0.884892 0.004934 0.010791
0 0.569901 0.595324 0.004934 0.017986
0 0.909128 0.802158 0.004112 0.014388
0 0.466283 0.284173 0.004934 0.014389
0 0.314145 0.232014 0.006579 0.010791
0 0.635280 0.717626 0.013980 0.021583
0 0.424753 0.600719 0.005757 0.017986
0 0.393092 0.138489 0.004934 0.010791
0 0.835526 0.730216 0.006579 0.010791
0 0.396382 0.080036 0.006579 0.012590
0 0.633224 0.452338 0.006579 0.012590
0 0.742188 0.157374 0.007401 0.012590
0 0.615543 0.328237 0.007401 0.012590
0 0.239720 0.919964 0.007401 0.019784
0 0.649671 0.317446 0.008224 0.012590
0 0.763569 0.502698 0.007401 0.019784
