0 0.560855 0.892086 0.008224 0.017986
0 0.621711 0.086331 0.008224 0.017986
0 0.766447 0.324640 0.009868 0.019784
0 0.914885 0.526978 0.009046 0.017986
0 0.671464 0.272482 0.010691 0.023381
0 0.709293 0.714029 0.010691 0.025180
0 0.651727 0.912770 0.012335 0.023381
0 0.368421 0.983813 0.034540 0.032374
0 0.824013 0.091727 0.014803 0.035971
0 0.550576 0.013489 0.015625 0.026978
0 0.449836 0.034173 0.027960 0.064748
0 0.914885 0.473022 0.012336 0.035971
0 0.538240 0.497302 0.030428 0.055755
0 0.926398 0.638489 0.022204 0.050360
0 0.687911 0.539568 0.028783 0.035971
0 0.465049 0.444245 0.030428 0.043165
0 0.826891 0.718525 0.033717 0.048561
0 0.078947 0.438849 0.046053 0.125899
0 0.844161 0.029676 0.035362 0.044964
0 0.384868 0.650180 0.021382 0.070144
0 0.709704 0.963130 0.024671 0.044964
0 0.304276 0.679856 0.029605 0.064748
0 0.467928 0.571043 0.021382 0.059353
0 0.493421 0.811151 0.024671 0.057554
0 0.829359 0.236511 0.017270 0.048561
0 0.838405 0.814748 0.022204 0.064748
0 0.829770 0.319245 0.027960 0.059352
0 0.270148 0.591727 0.027138 0.053957
0 0.628289 0.023381 0.052632 0.046763
0 0.190378 0.489209 0.051809 0.071942
0 0.713405 0.905576 0.028783 0.073741
0 0.893914 0.120504 0.026316 0.043166
0 0.622533 0.738309 0.031250 0.048561
0 0.268914 0.765288 0.018092 0.041367
0 0.282484 0.363309 0.033717 0.050360
0 0.296875 0.531475 0.036184 0.070144
0 0.128701 0.226619 0.030428 0.057554
0 0.754523 0.973921 0.035362 0.052158
0 0.314145 0.624101 0.024671 0.053957
0 0.525905 0.061151 0.064967 0.100719
0 0.251234 0.784173 0.023849 0.068345
0 0.861020 0.085432 0.031250 0.059352
0 0.430921 0.740108 0.024671 0.044964
0 0.686678 0.762590 0.032895 0.057554
0 0.346217 0.585432 0.041118 0.077338
0 0.399260 0.028777 0.030428 0.057554
0 0.680921 0.592626 0.036184 0.077338
0 0.315789 0.357914 0.024671 0.053957
0 0.817434 0.409173 0.031250 0.055755
0 0.432977 0.357014 0.032072 0.084532
0 0.607730 0.830935 0.024671 0.075540
0 0.672286 0.077338 0.043585 0.097122
0 0.839227 0.642086 0.038651 0.082734
0 0.842928 0.410971 0.021382 0.044964
0 0.696546 0.367806 0.023026 0.062950
0 0.876645 0.245504 0.031250 0.077338
0 0.379112 0.263489 0.064145 0.120504
0 0.368832 0.929856 0.035362 0.089928
0 0.763569 0.237410 0.037007 0.079137
0 0.263569 0.951439 0.033717 0.079137
0 0.226562 0.800360 0.004112 0.010791
0 0.478207 0.951439 0.004112 0.010791
0 0.122944 0.369604 0.004112 0.008993
0 0.398026 0.394784 0.003289 0.008993
0 0.503701 0.403777 0.004112 0.008993
0 0.379523 0.155576 0.004112 0.008993
0 0.832648 0.743705 0.027138 0.059353
0 0.393914 0.719424 0.003289 0.010791
0 0.574013 0.932554 0.003289 0.008993
0 0.449013 0.909173 0.003289 0.008993
0 0.503289 0.364209 0.004934 0.012590
0 0.328536 0.103417 0.004112 0.008993
0 0.791941 0.607014 0.003289 0.008993
0 0.611431 0.591727 0.004112 0.010791
0 0.635280 0.905576 0.002467 0.008993
0 0.627467 0.120504 0.003289 0.010791
0 0.535773 0.758993 0.004112 0.010791
0 0.825247 0.572842 0.004112 0.008993
0 0.618421 0.904676 0.003289 0.010791
0 0.336349 0.690647 0.004934 0.010791
0 0.606908 0.662770 0.004934 0.008993
0 0.074835 0.232014 0.006579 0.010791
0 0.408306 0.112410 0.004112 0.012590
0 0.679276 0.993705 0.011513 0.008993
0 0.193257 0.632194 0.004934 0.008993
0 0.753289 0.580935 0.004934 0.010791
0 0.519737 0.625000 0.004934 0.008993
0 0.442845 0.008993 0.012335 0.017986
0 0.177632 0.103417 0.004934 0.012590
0 0.812911 0.865108 0.004112 0.010791
0 0.281250 0.290468 0.004934 0.008993
0 0.091694 0.746403 0.004112 0.010791
0 0.796875 0.993705 0.006579 0.008993
0 0.663240 0.702338 0.004112 0.016187
0 0.769737 0.745504 0.004934 0.008993
0 0.533306 0.314748 0.005757 0.017986
0 0.690789 0.991906 0.011513 0.008993
0 0.651727 0.465827 0.007401 0.014388
0 0.354030 0.809353 0.004112 0.010791
0 0.793997 0.774281 0.004112 0.012590
0 0.334704 0.723022 0.004934 0.014388
0 0.141859 0.382194 0.005757 0.012590
0 0.326480 0.290468 0.006579 0.012590
0 0.712171 0.386691 0.008224 0.017986
0 0.101151 0.855216 0.006579 0.012590
0 0.787007 0.489209 0.008224 0.010791
0 0.318257 0.440647 0.006579 0.021583
0 0.710526 0.734712 0.008224 0.016187
0 0.055099 0.430755 0.018092 0.106115
