0 0.620477 0.740108 0.007401 0.019784
0 0.226562 0.658273 0.009046 0.021583
0 0.449013 0.008094 0.036184 0.016187
0 0.329770 0.185252 0.009868 0.021583
0 0.572780 0.660971 0.010691 0.023381
0 0.600329 0.752698 0.011513 0.019784
0 0.597451 0.572842 0.009046 0.023381
0 0.663240 0.120504 0.010691 0.021583
0 0.382812 0.565647 0.010691 0.023381
0 0.633635 0.950540 0.012335 0.026978
0 0.363898 0.544065 0.012336 0.030575
0 0.263158 0.935252 0.019737 0.028777
0 0.187500 0.071942 0.026316 0.061151
0 0.741365 0.337230 0.015625 0.026978
0 0.614720 0.585432 0.022204 0.026978
0 0.191201 0.910971 0.015625 0.026978
0 0.462171 0.204137 0.032895 0.037770
0 0.351562 0.962230 0.037007 0.057554
0 0.828125 0.243705 0.026316 0.030575
0 0.732730 0.163669 0.032895 0.035971
0 0.925987 0.977518 0.024671 0.037770
0 0.614309 0.227518 0.021382 0.062950
0 0.782895 0.641187 0.016447 0.037770
0 0.610609 0.529676 0.028783 0.052158
0 0.241365 0.349820 0.027138 0.055755
0 0.826480 0.937050 0.032895 0.071942
0 0.281661 0.545863 0.035362 0.052158
0 0.818257 0.392986 0.023026 0.055755
0 0.698191 0.415468 0.024671 0.050360
0 0.329770 0.347122 0.029605 0.046763
0 0.426398 0.451439 0.018914 0.046763
0 0.571546 0.145683 0.023026 0.046763
0 0.710938 0.032374 0.030428 0.064748
0 0.831414 0.087230 0.042763 0.055755
0 0.134868 0.879496 0.023026 0.050360
0 0.695724 0.119604 0.027960 0.055755
0 0.288240 0.116906 0.033717 0.082734
0 0.604852 0.367806 0.027138 0.055755
0 0.560855 0.757194 0.023026 0.050360
0 0.577714 0.699640 0.025493 0.043166
0 0.199424 0.026079 0.027138 0.052158
0 0.791941 0.181655 0.029605 0.057554
0 0.277138 0.288669 0.047697 0.106115
0 0.553043 0.684353 0.030428 0.066547
0 0.433799 0.910072 0.025493 0.050360
0 0.382401 0.925360 0.029605 0.070144
0 0.578947 0.378597 0.027960 0.048561
0 0.754112 0.887590 0.027960 0.059353
0 0.774260 0.543165 0.030428 0.061151
0 0.738076 0.384892 0.033717 0.075540
0 0.357319 0.849820 0.022204 0.048561
0 0.909128 0.900180 0.028783 0.062950
0 0.721628 0.106115 0.022204 0.061151
0 0.380345 0.628597 0.033717 0.066547
0 0.800576 0.133993 0.027138 0.052158
0 0.601974 0.099820 0.031250 0.055755
0 0.273849 0.973921 0.041118 0.052158
0 0.141036 0.964928 0.030428 0.059353
0 0.808388 0.624101 0.034540 0.061151
0 0.844161 0.556655 0.025493 0.044964
0 0.386513 0.861511 0.031250 0.071942
0 0.363487 0.069245 0.024671 0.048561
0 0.288651 0.022482 0.031250 0.044964
0 0.160362 0.066547 0.057566 0.118705
0 0.256579 0.582734 0.027960 0.050360
0 0.619655 0.661870 0.030428 0.061151
0 0.756990 0.588130 0.032072 0.068345
0 0.511102 0.373201 0.030428 0.070144
0 0.276727 0.451439 0.033717 0.064748
0 0.304276 0.501799 0.029605 0.082734
0 0.224918 0.708633 0.035362 0.075540
0 0.867188 0.387590 0.043586 0.088129
0 0.458470 0.260791 0.028783 0.068345
0 0.464227 0.960432 0.035362 0.068345
0 0.513980 0.841727 0.029605 0.071942
0 0.196135 0.761691 0.048520 0.073741
0 0.110197 0.143885 0.055921 0.125899
0 0.850740 0.153777 0.032072 0.048561
0 0.383224 0.414568 0.052632 0.109712
0 0.517681 0.128597 0.040296 0.095324
0 0.807977 0.694245 0.004112 0.010791
0 0.511102 0.787770 0.004112 0.010791
0 0.240954 0.515288 0.003289 0.012590
0 0.513569 0.290468 0.004112 0.008993
0 0.415707 0.851619 0.004112 0.012590
0 0.275493 0.381295 0.004934 0.017986
0 0.633224 0.135791 0.004934 0.008993
0 0.459704 0.151079 0.003289 0.010791
0 0.413240 0.739209 0.004112 0.010791
0 0.258224 0.067446 0.004934 0.008993
0 0.333059 0.135791 0.003289 0.008993
0 0.102385 0.949640 0.004112 0.010791
0 0.573191 0.491007 0.004934 0.010791
0 0.625000 0.600719 0.006579 0.014388
0 0.657072 0.840827 0.003289 0.012590
0 0.608141 0.194245 0.005757 0.014388
0 0.537829 0.465827 0.004934 0.010791
0 0.704359 0.886691 0.004112 0.010791
0 0.906661 0.992806 0.013980 0.010791
0 0.600740 0.147482 0.004112 0.014388
0 0.629112 0.061151 0.004934 0.010791
0 0.497122 0.908273 0.004112 0.010791
0 0.663240 0.857914 0.004112 0.010791
0 0.748355 0.067446 0.004934 0.008993
0 0.398849 0.332734 0.004934 0.014389
0 0.647615 0.918165 0.004112 0.012590
0 0.531661 0.654676 0.004112 0.014388
0 0.844984 0.480216 0.004112 0.014388
0 0.645970 0.580036 0.005757 0.012590
0 0.530839 0.885791 0.009046 0.012590
0 0.646793 0.147482 0.007401 0.010791
0 0.745888 0.930755 0.006579 0.016187
0 0.463405 0.713130 0.005757 0.016187
0 0.555099 0.954137 0.008224 0.012590
0 0.497944 0.938849 0.005757 0.017986
0 0.750000 0.696942 0.004934 0.012590
0 0.639391 0.453237 0.007401 0.014389
0 0.684211 0.851619 0.006579 0.012590
0 0.610197 0.979317 0.004934 0.016187
0 0.743421 0.208633 0.008224 0.014388
0 0.542352 0.948741 0.007401 0.016187
0 0.323191 0.134892 0.006579 0.014388
0 0.578536 0.860611 0.007401 0.012590
0 0.243421 0.657374 0.006579 0.016187
