0 0.314967 0.640288 0.006579 0.017986
0 0.429688 0.652878 0.009046 0.017986
0 0.227796 0.392986 0.008224 0.016187
0 0.604441 0.153777 0.009868 0.019784
0 0.701891 0.973921 0.009046 0.019784
0 0.673109 0.369604 0.009046 0.019784
0 0.712993 0.545863 0.011513 0.019784
0 0.339227 0.009892 0.035362 0.019784
0 0.572780 0.012590 0.015625 0.025180
0 0.598684 0.875899 0.011513 0.028777
0 0.656661 0.987410 0.020559 0.017986
0 0.893503 0.988309 0.025493 0.019784
0 0.442023 0.500000 0.012335 0.025180
0 0.306332 0.011691 0.027138 0.023381
0 0.178454 0.011691 0.024671 0.023381
0 0.518914 0.594424 0.019737 0.030575
0 0.640214 0.580036 0.030428 0.034173
0 0.755757 0.984712 0.019737 0.030576
0 0.210526 0.224820 0.039474 0.100719
0 0.325658 0.169065 0.024671 0.050360
0 0.849507 0.014389 0.027961 0.028777
0 0.302220 0.528777 0.040296 0.064748
0 0.559622 0.740108 0.018915 0.037770
0 0.297697 0.571942 0.029605 0.043166
0 0.523849 0.940647 0.027960 0.046763
0 0.702714 0.592626 0.035362 0.037770
0 0.082648 0.564748 0.030428 0.039568
0 0.492599 0.977518 0.032895 0.037770
0 0.523438 0.977518 0.025493 0.034173
0 0.553865 0.952338 0.023849 0.044964
0 0.599918 0.923561 0.020559 0.044964
0 0.590872 0.706835 0.025493 0.053957
0 0.268503 0.708633 0.025493 0.046763
0 0.431743 0.428957 0.026316 0.059352
0 0.738076 0.934353 0.050165 0.077338
0 0.611431 0.024281 0.025493 0.048561
0 0.873766 0.159173 0.023849 0.044964
0 0.219984 0.935252 0.025493 0.050360
0 0.347039 0.174460 0.027961 0.061151
0 0.255345 0.294964 0.023849 0.057554
0 0.236842 0.504496 0.054276 0.077338
0 0.888569 0.874101 0.023849 0.043166
0 0.618010 0.876799 0.025493 0.062950
0 0.359375 0.539568 0.024671 0.050360
0 0.774260 0.467626 0.025493 0.061151
0 0.788651 0.593525 0.034540 0.061151
0 0.686678 0.707734 0.029605 0.062950
0 0.463816 0.152878 0.021382 0.053957
0 0.299753 0.135791 0.040296 0.048561
0 0.341283 0.830935 0.027961 0.046763
0 0.321546 0.415468 0.031250 0.068345
0 0.557566 0.868705 0.021382 0.050360
0 0.914474 0.518885 0.034539 0.052158
0 0.187500 0.180755 0.042763 0.077338
0 0.553043 0.260791 0.038651 0.057554
0 0.582648 0.773381 0.020559 0.046763
0 0.159951 0.258094 0.027138 0.052158
0 0.368832 0.971223 0.035362 0.053957
0 0.727796 0.325540 0.024671 0.068345
0 0.163240 0.910072 0.038651 0.064748
0 0.580592 0.422662 0.026316 0.057554
0 0.618421 0.557554 0.027960 0.046763
0 0.650082 0.269784 0.028783 0.043166
0 0.641036 0.847122 0.022204 0.046763
0 0.579770 0.161871 0.039474 0.089928
0 0.676398 0.429856 0.030428 0.064748
0 0.109375 0.698741 0.039474 0.077338
0 0.386924 0.918165 0.046875 0.077338
0 0.768914 0.394784 0.049342 0.080935
0 0.591283 0.500899 0.029605 0.077338
0 0.480674 0.522482 0.040296 0.088129
0 0.189556 0.535072 0.043586 0.084532
0 0.837171 0.788669 0.037829 0.070144
0 0.418174 0.340827 0.038651 0.080935
0 0.689556 0.031475 0.038651 0.062950
0 0.373355 0.837230 0.037829 0.070144
0 0.814145 0.465827 0.037829 0.061151
0 0.257401 0.796763 0.041118 0.086331
0 0.183799 0.102518 0.041941 0.089928
0 0.792352 0.718525 0.004112 0.008993
0 0.412007 0.625899 0.003289 0.010791
0 0.196135 0.368705 0.005757 0.017986
0 0.487253 0.917266 0.004112 0.010791
0 0.607319 0.437950 0.004112 0.008993
0 0.729030 0.470324 0.004112 0.008993
0 0.551398 0.076439 0.004112 0.012590
0 0.316612 0.669964 0.003289 0.008993
0 0.685444 0.335432 0.004112 0.012590
0 0.779605 0.853417 0.003289 0.008993
0 0.699836 0.366007 0.004934 0.012590
0 0.642681 0.982914 0.004112 0.012590
0 0.448602 0.851619 0.004112 0.008993
0 0.578125 0.876799 0.003289 0.008993
0 0.413651 0.946942 0.003289 0.008993
0 0.719161 0.504496 0.004112 0.008993
0 0.497944 0.152878 0.004112 0.010791
0 0.796053 0.776079 0.003289 0.012590
0 0.480674 0.780576 0.004112 0.010791
0 0.685444 0.357014 0.004112 0.012590
0 0.810855 0.406475 0.004934 0.010791
0 0.641036 0.349820 0.005757 0.016187
0 0.486431 0.039568 0.004112 0.010791
0 0.657484 0.848921 0.005757 0.010791
0 0.270559 0.272482 0.006579 0.008993
0 0.553454 0.370504 0.003289 0.010791
0 0.625411 0.484712 0.004112 0.016187
0 0.678454 0.773381 0.003289 0.010791
0 0.515625 0.684353 0.004934 0.008993
0 0.571957 0.332734 0.004112 0.010791
0 0.639391 0.500000 0.004112 0.010791
0 0.548520 0.802158 0.003289 0.014388
0 0.392681 0.368705 0.004112 0.010791
0 0.546053 0.990108 0.004934 0.012590
0 0.403783 0.647482 0.003289 0.010791
0 0.689145 0.920863 0.003289 0.010791
0 0.569490 0.708633 0.004112 0.010791
0 0.488076 0.817446 0.005757 0.012590
0 0.526316 0.026079 0.004934 0.012590
0 0.586760 0.953237 0.004112 0.017986
0 0.194079 0.016187 0.004934 0.010791
0 0.355263 0.223921 0.004934 0.019784
0 0.411595 0.722122 0.004112 0.012590
0 0.697780 0.905576 0.005757 0.008993
0 0.771793 0.157374 0.005757 0.008993
0 0.659539 0.119604 0.004934 0.012590
0 0.477385 0.091727 0.007401 0.010791
0 0.311678 0.623201 0.004934 0.016187
0 0.512747 0.080935 0.009046 0.010791
0 0.283717 0.892086 0.006579 0.010791
0 0.438734 0.243705 0.005757 0.016187
0 0.704770 0.246403 0.004934 0.017986
0 0.374178 0.648381 0.004934 0.016187
0 0.620066 0.333633 0.006579 0.012590
0 0.446135 0.445144 0.007401 0.019784
0 0.807977 0.088129 0.005757 0.017986
0 0.793174 0.285072 0.007401 0.016187
0 0.405428 0.736511 0.008224 0.019784
