0 0.349918 0.988309 0.033717 0.019784
0 0.502056 0.062950 0.009046 0.017986
0 0.548109 0.706835 0.009046 0.017986
0 0.738487 0.682554 0.008224 0.030575
0 0.579359 0.131295 0.007401 0.017986
0 0.474095 0.149281 0.007401 0.014388
0 0.536184 0.538669 0.009868 0.019784
0 0.460526 0.049460 0.013158 0.023381
0 0.570312 0.881295 0.012335 0.025180
0 0.697368 0.853417 0.026316 0.066547
0 0.598273 0.179856 0.017270 0.025180
0 0.530839 0.504496 0.022204 0.055755
0 0.773438 0.802158 0.027138 0.050360
0 0.662007 0.178957 0.016447 0.026978
0 0.604852 0.985611 0.022204 0.025180
0 0.504934 0.392986 0.027960 0.041367
0 0.600329 0.311151 0.026316 0.071942
0 0.374589 0.357914 0.061678 0.079137
0 0.250000 0.603417 0.023026 0.073741
0 0.437089 0.693345 0.032072 0.052158
0 0.173931 0.044964 0.022204 0.050360
0 0.716694 0.365108 0.028783 0.057554
0 0.172697 0.279676 0.032895 0.052158
0 0.747122 0.036871 0.055099 0.073741
0 0.185444 0.120504 0.058388 0.100719
0 0.553043 0.771583 0.025493 0.039568
0 0.486431 0.752698 0.025493 0.066547
0 0.530839 0.079137 0.025493 0.050360
0 0.730674 0.339029 0.020559 0.059352
0 0.610197 0.447842 0.026316 0.082734
0 0.530839 0.159173 0.025493 0.062950
0 0.552220 0.605216 0.025493 0.048561
0 0.280839 0.596223 0.033717 0.059353
0 0.791118 0.583633 0.026316 0.044964
0 0.841694 0.051259 0.035362 0.055755
0 0.243832 0.701439 0.037007 0.053957
0 0.345806 0.679856 0.025493 0.061151
0 0.733964 0.759892 0.023849 0.052158
0 0.790707 0.115108 0.063322 0.089928
0 0.412829 0.750899 0.057566 0.091727
0 0.089227 0.863309 0.033717 0.053957
0 0.480674 0.699640 0.035362 0.061151
0 0.779605 0.740108 0.024671 0.041367
0 0.696546 0.178957 0.021382 0.041367
0 0.479030 0.820144 0.020559 0.068345
0 0.557566 0.084532 0.027960 0.053957
0 0.523026 0.823741 0.057566 0.089928
0 0.203536 0.190647 0.041941 0.086331
0 0.348273 0.464928 0.023849 0.062950
0 0.771382 0.333633 0.024671 0.070144
0 0.636924 0.369604 0.045230 0.077338
0 0.502878 0.348022 0.030428 0.073741
0 0.287007 0.104317 0.034540 0.064748
0 0.841694 0.399281 0.051809 0.075540
0 0.308799 0.637590 0.033717 0.091727
0 0.548520 0.384892 0.029605 0.064748
0 0.596217 0.371403 0.032895 0.052158
0 0.182566 0.388489 0.046053 0.104317
0 0.503289 0.726619 0.024671 0.053957
0 0.368421 0.189748 0.023026 0.084532
0 0.581414 0.800360 0.041118 0.115108
0 0.210526 0.262590 0.027960 0.068345
0 0.676398 0.843525 0.037007 0.097122
0 0.505757 0.489209 0.039474 0.100719
0 0.269737 0.421763 0.031250 0.070144
0 0.470806 0.100719 0.040296 0.082734
0 0.278372 0.151079 0.027138 0.053957
0 0.255345 0.272482 0.030428 0.098921
0 0.104441 0.662770 0.003289 0.008993
0 0.562911 0.471223 0.004112 0.010791
0 0.658717 0.673561 0.004934 0.012590
0 0.566612 0.920863 0.003289 0.007194
0 0.844572 0.141187 0.003289 0.008993
0 0.629523 0.687950 0.004112 0.008993
0 0.430921 0.195144 0.004934 0.008993
0 0.811678 0.914568 0.003289 0.008993
0 0.569490 0.333633 0.004112 0.008993
0 0.636924 0.036870 0.004112 0.008993
0 0.610197 0.591727 0.004934 0.010791
0 0.623766 0.332734 0.005757 0.010791
0 0.673931 0.630396 0.004112 0.008993
0 0.514391 0.635791 0.005757 0.008993
0 0.541941 0.012590 0.003289 0.010791
0 0.370477 0.705935 0.004112 0.008993
0 0.384457 0.973022 0.004112 0.010791
0 0.450658 0.320144 0.004934 0.010791
0 0.779194 0.222122 0.004112 0.008993
0 0.529194 0.472122 0.005757 0.019784
0 0.583059 0.100719 0.004934 0.010791
0 0.430921 0.927158 0.004934 0.012590
0 0.370477 0.134892 0.004112 0.010791
0 0.657484 0.781475 0.004112 0.012590
0 0.712171 0.760791 0.006579 0.014388
0 0.841694 0.494604 0.005757 0.014388
0 0.430099 0.878597 0.004934 0.008993
0 0.364720 0.515288 0.005757 0.012590
0 0.347039 0.539568 0.004934 0.014388
0 0.563734 0.146583 0.007401 0.016187
0 0.210115 0.848921 0.005757 0.010791
0 0.465049 0.855216 0.004112 0.012590
0 0.632401 0.445144 0.004934 0.012590
0 0.462171 0.663669 0.006579 0.014388
0 0.159951 0.091727 0.009046 0.014388
0 0.235609 0.589029 0.007401 0.012590
0 0.625411 0.304856 0.007401 0.012590
0 0.648026 0.116007 0.008224 0.012590
0 0.465872 0.775180 0.004112 0.014388
0 0.305510 0.698741 0.005757 0.016187
0 0.701069 0.966727 0.004112 0.016187
0 0.455592 0.940647 0.004934 0.010791
0 0.659539 0.613309 0.006579 0.017986
0 0.709293 0.571942 0.007401 0.014388
0 0.250822 0.005396 0.016447 0.010791
0 0.736842 0.263489 0.006579 0.012590
