0 0.216694 0.349820 0.010691 0.016187
0 0.528372 0.383993 0.012335 0.023381
0 0.735609 0.179856 0.009046 0.017986
0 0.748355 0.705935 0.013158 0.019784
0 0.402549 0.980216 0.007401 0.025180
0 0.461760 0.844424 0.010691 0.026978
0 0.398026 0.388489 0.016447 0.032374
0 0.693668 0.012590 0.032072 0.025180
0 0.827303 0.276079 0.032895 0.077338
0 0.829770 0.342626 0.059210 0.095324
0 0.372533 0.628597 0.024671 0.044964
0 0.324836 0.093525 0.013158 0.025180
0 0.565378 0.271583 0.018915 0.025180
0 0.486431 0.032374 0.013980 0.032374
0 0.699424 0.253597 0.037007 0.061151
0 0.316201 0.557554 0.030428 0.057554
0 0.423520 0.309353 0.027961 0.071942
0 0.124178 0.284173 0.023026 0.050360
0 0.279194 0.029676 0.033717 0.048561
0 0.246299 0.651978 0.037007 0.142086
0 0.356086 0.573741 0.059211 0.111511
0 0.612253 0.167266 0.038651 0.064748
0 0.546464 0.035971 0.022204 0.064748
0 0.771793 0.855216 0.028783 0.037770
0 0.629112 0.487410 0.024671 0.043166
0 0.816201 0.638489 0.023849 0.053957
0 0.434622 0.502698 0.033717 0.073741
0 0.712993 0.402878 0.027960 0.053957
0 0.372122 0.049460 0.023849 0.044964
0 0.205592 0.588130 0.023026 0.064748
0 0.445724 0.215827 0.032895 0.050360
0 0.630757 0.972122 0.036184 0.044964
0 0.566612 0.812050 0.036184 0.048561
0 0.085938 0.604317 0.043585 0.068345
0 0.581003 0.184353 0.028783 0.070144
0 0.281661 0.559353 0.025493 0.046763
0 0.634868 0.625000 0.021382 0.059353
0 0.786595 0.034173 0.037007 0.057554
0 0.584293 0.668165 0.023849 0.048561
0 0.529194 0.593525 0.037007 0.057554
0 0.310855 0.887590 0.026316 0.077338
0 0.453125 0.749101 0.023026 0.059353
0 0.729441 0.741007 0.023026 0.039568
0 0.682155 0.401079 0.033717 0.068345
0 0.617599 0.860611 0.024671 0.070144
0 0.259868 0.556655 0.023026 0.052158
0 0.456414 0.115108 0.019737 0.079137
0 0.421875 0.023381 0.024671 0.046763
0 0.870477 0.365108 0.033717 0.061151
0 0.254934 0.874101 0.026316 0.053957
0 0.557155 0.635791 0.022204 0.048561
0 0.508224 0.114209 0.032895 0.062950
0 0.248355 0.341727 0.032895 0.064748
0 0.445312 0.053957 0.030428 0.061151
0 0.526727 0.073741 0.033717 0.053957
0 0.290296 0.673561 0.046053 0.098921
0 0.771382 0.230216 0.034540 0.097122
0 0.598684 0.751799 0.032895 0.064748
0 0.773438 0.107914 0.030428 0.071942
0 0.493010 0.633094 0.023849 0.046763
0 0.528372 0.699640 0.023849 0.057554
0 0.717928 0.348921 0.037829 0.064748
0 0.300576 0.767986 0.033717 0.082734
0 0.745888 0.316547 0.029605 0.082734
0 0.615543 0.382194 0.023849 0.066547
0 0.240132 0.517086 0.026316 0.059353
0 0.218750 0.645683 0.031250 0.089928
0 0.195312 0.676259 0.027138 0.079137
0 0.748766 0.923561 0.023849 0.048561
0 0.615954 0.033273 0.059210 0.066547
0 0.748355 0.972122 0.027960 0.048561
0 0.780428 0.942446 0.042763 0.082734
0 0.416118 0.766187 0.055921 0.097122
0 0.674342 0.274281 0.027960 0.070144
0 0.536595 0.841727 0.048520 0.100719
0 0.341283 0.643885 0.021382 0.057554
0 0.538240 0.294964 0.028783 0.071942
0 0.725740 0.242806 0.032072 0.093525
0 0.761513 0.513489 0.027960 0.077338
0 0.197368 0.313849 0.031250 0.062950
0 0.456826 0.668165 0.038651 0.095324
0 0.401727 0.216727 0.004112 0.008993
0 0.917352 0.145683 0.004112 0.014388
0 0.567845 0.325540 0.004112 0.010791
0 0.725329 0.056655 0.003289 0.012590
0 0.832237 0.200540 0.004934 0.008993
0 0.650905 0.221223 0.004112 0.010791
0 0.624589 0.778777 0.002467 0.010791
0 0.611431 0.954137 0.004112 0.008993
0 0.247122 0.147482 0.004112 0.010791
0 0.606908 0.291367 0.004934 0.010791
0 0.704770 0.060252 0.003289 0.008993
0 0.144326 0.523381 0.004112 0.010791
0 0.437911 0.819245 0.004112 0.008993
0 0.397204 0.912770 0.004934 0.012590
0 0.672286 0.783273 0.004112 0.008993
0 0.571135 0.140288 0.004112 0.014388
0 0.359375 0.982914 0.003289 0.012590
0 0.491365 0.691547 0.004112 0.008993
0 0.714227 0.165468 0.007401 0.025180
0 0.465872 0.887590 0.005757 0.008993
0 0.770559 0.016187 0.004934 0.014388
0 0.720806 0.015288 0.005757 0.012590
0 0.678454 0.833633 0.003289 0.008993
0 0.495066 0.203237 0.004934 0.010791
0 0.321135 0.040468 0.004112 0.008993
0 0.391036 0.114209 0.004112 0.008993
0 0.476562 0.402878 0.004112 0.010791
0 0.573191 0.408273 0.004934 0.014389
0 0.849507 0.205935 0.003289 0.008993
0 0.561266 0.474820 0.005757 0.010791
0 0.465872 0.580036 0.004112 0.008993
0 0.460526 0.808453 0.004934 0.008993
0 0.384868 0.693345 0.004934 0.008993
0 0.338405 0.327338 0.005757 0.010791
0 0.199836 0.851619 0.004934 0.012590
0 0.881579 0.743705 0.004934 0.008993
0 0.435855 0.419065 0.006579 0.010791
0 0.486842 0.562050 0.004934 0.012590
0 0.798109 0.004496 0.005757 0.008993
0 0.788651 0.424460 0.004934 0.010791
0 0.523026 0.635791 0.004934 0.016187
0 0.189145 0.916367 0.004934 0.016187
0 0.273438 0.200540 0.007401 0.008993
0 0.692845 0.771583 0.005757 0.014388
0 0.587993 0.128597 0.006579 0.012590
0 0.368832 0.880396 0.005757 0.012590
0 0.637336 0.901978 0.004934 0.016187
0 0.659539 0.744604 0.006579 0.010791
0 0.365132 0.819245 0.004934 0.012590
0 0.442434 0.927158 0.006579 0.012590
0 0.525082 0.899281 0.007401 0.014388
0 0.329359 0.135791 0.004112 0.016187
0 0.379934 0.955935 0.004934 0.012590
0 0.717105 0.887590 0.006579 0.016187
0 0.483964 0.135791 0.009046 0.012590
0 0.234786 0.972122 0.007401 0.016187
0 0.759046 0.449640 0.008224 0.014389
0 0.377056 0.730216 0.009046 0.017986
