0 0.451480 0.610611 0.006579 0.016187
0 0.500411 0.938849 0.010691 0.017986
0 0.542352 0.415468 0.009046 0.021583
0 0.401727 0.874101 0.009046 0.025180
0 0.540707 0.616007 0.012335 0.023381
0 0.732730 0.987410 0.018092 0.025180
0 0.605674 0.912770 0.009046 0.026978
0 0.212993 0.962230 0.024671 0.021583
0 0.613898 0.778777 0.015625 0.025180
0 0.358553 0.012590 0.023026 0.025180
0 0.624589 0.255396 0.028783 0.057554
0 0.610609 0.061151 0.032072 0.039568
0 0.715049 0.306655 0.025493 0.059352
0 0.335526 0.015288 0.024671 0.030575
0 0.551398 0.636691 0.023849 0.053957
0 0.572780 0.982914 0.023849 0.030575
0 0.709293 0.447842 0.035362 0.050360
0 0.649260 0.825540 0.038651 0.050360
0 0.812089 0.749101 0.030428 0.059353
0 0.689967 0.225719 0.029605 0.052158
0 0.460115 0.569245 0.023849 0.059353
0 0.556332 0.562950 0.030428 0.043166
0 0.518503 0.031475 0.018915 0.034173
0 0.438322 0.567446 0.023026 0.044964
0 0.800164 0.057554 0.055921 0.071942
0 0.310444 0.611511 0.053454 0.089928
0 0.866776 0.348921 0.027961 0.064748
0 0.439145 0.806655 0.021382 0.077338
0 0.423109 0.968525 0.035362 0.059353
0 0.468339 0.610611 0.025493 0.052158
0 0.322780 0.160971 0.030428 0.059353
0 0.245888 0.026079 0.026316 0.052158
0 0.436266 0.516187 0.027138 0.068345
0 0.605674 0.120504 0.038651 0.053957
0 0.275082 0.509892 0.066612 0.095324
0 0.673520 0.975719 0.031250 0.044964
0 0.529194 0.379496 0.020559 0.046763
0 0.706003 0.193345 0.022204 0.048561
0 0.736020 0.340827 0.042763 0.084532
0 0.367188 0.196043 0.025493 0.050360
0 0.502467 0.395683 0.024671 0.061151
0 0.627056 0.401079 0.030428 0.064748
0 0.362253 0.481115 0.053454 0.098921
0 0.544819 0.769784 0.023849 0.061151
0 0.738076 0.034173 0.038651 0.068345
0 0.318257 0.245504 0.024671 0.062950
0 0.921053 0.383993 0.027961 0.062950
0 0.780428 0.348921 0.034540 0.064748
0 0.682566 0.865108 0.037829 0.057554
0 0.297697 0.345324 0.027961 0.061151
0 0.226562 0.872302 0.032072 0.068345
0 0.498355 0.191547 0.029605 0.066547
0 0.713816 0.976619 0.029605 0.043165
0 0.595395 0.688849 0.021382 0.075540
0 0.471217 0.062950 0.034540 0.089928
0 0.541118 0.236511 0.057566 0.098921
0 0.148849 0.187050 0.060855 0.104317
0 0.295230 0.035072 0.037829 0.070144
0 0.823602 0.270683 0.035362 0.084532
0 0.821957 0.669964 0.027138 0.073741
0 0.090049 0.747302 0.045230 0.073741
0 0.540296 0.154676 0.031250 0.086331
0 0.497944 0.437950 0.004112 0.008993
0 0.613487 0.851619 0.003289 0.008993
0 0.631168 0.725719 0.004112 0.008993
0 0.722039 0.923561 0.004934 0.012590
0 0.481497 0.729317 0.004112 0.008993
0 0.288240 0.257194 0.004112 0.010791
0 0.300576 0.488309 0.007401 0.019784
0 0.516447 0.681655 0.003289 0.010791
0 0.456414 0.358813 0.004934 0.012590
0 0.514803 0.871403 0.004934 0.008993
0 0.665707 0.304856 0.004112 0.008993
0 0.668586 0.562950 0.004934 0.010791
0 0.286184 0.119604 0.003289 0.012590
0 0.453125 0.361511 0.004934 0.014389
0 0.445312 0.393885 0.004112 0.010791
0 0.451069 0.227518 0.004112 0.012590
0 0.679276 0.502698 0.004934 0.008993
0 0.689145 0.806655 0.004934 0.012590
0 0.790707 0.909173 0.004112 0.012590
0 0.380757 0.384892 0.004934 0.010791
0 0.457648 0.110612 0.005757 0.012590
0 0.457237 0.900180 0.004934 0.008993
0 0.659951 0.593525 0.004112 0.014388
0 0.265214 0.809353 0.005757 0.010791
0 0.603207 0.821043 0.005757 0.012590
0 0.781250 0.675360 0.004934 0.016187
0 0.442434 0.955036 0.004934 0.017986
0 0.724095 0.491007 0.005757 0.014388
0 0.081003 0.992806 0.022204 0.014388
0 0.289885 0.894784 0.005757 0.016187
0 0.452714 0.929856 0.007401 0.014388
0 0.298931 0.714029 0.007401 0.014388
0 0.216694 0.750000 0.007401 0.014388
0 0.601562 0.956835 0.005757 0.014388
0 0.428043 0.390288 0.007401 0.014389
0 0.628701 0.133993 0.009046 0.023381
