0 0.429688 0.310252 0.007401 0.019784
0 0.436266 0.772482 0.007401 0.019784
0 0.731908 0.189748 0.011513 0.016187
0 0.763158 0.069245 0.009868 0.016187
0 0.665707 0.712230 0.009046 0.017986
0 0.456003 0.013489 0.013980 0.019784
0 0.724095 0.250899 0.009046 0.019784
0 0.668586 0.016187 0.023026 0.032374
0 0.599095 0.053058 0.013980 0.023381
0 0.285362 0.259892 0.011513 0.023381
0 0.932566 0.988309 0.024671 0.019784
0 0.790296 0.986511 0.034540 0.026978
0 0.522204 0.010791 0.019737 0.021583
0 0.636102 0.464928 0.013980 0.026978
0 0.429276 0.675360 0.011513 0.030575
0 0.058388 0.595324 0.009868 0.043166
0 0.449013 0.580935 0.027960 0.050360
0 0.660773 0.514389 0.013980 0.032374
0 0.216694 0.120504 0.027138 0.039568
0 0.775493 0.018885 0.049342 0.037770
0 0.726151 0.521583 0.021382 0.039568
0 0.130757 0.730216 0.042763 0.039568
0 0.377056 0.564748 0.038651 0.143885
0 0.750822 0.303957 0.050987 0.097122
0 0.653783 0.979317 0.023026 0.037770
0 0.078125 0.595324 0.031250 0.064748
0 0.731497 0.875000 0.032072 0.048561
0 0.467516 0.263489 0.023849 0.059352
0 0.194901 0.812050 0.023026 0.062950
0 0.814967 0.036871 0.029605 0.059353
0 0.240954 0.703237 0.023026 0.050360
0 0.493010 0.342626 0.018915 0.055755
0 0.499178 0.093525 0.024671 0.061151
0 0.581414 0.518885 0.023026 0.062950
0 0.703947 0.474820 0.037829 0.061151
0 0.728207 0.925360 0.027138 0.062950
0 0.411595 0.962230 0.058388 0.075540
0 0.677632 0.227518 0.026316 0.048561
0 0.419408 0.085432 0.027961 0.044964
0 0.735609 0.025180 0.030428 0.050360
0 0.691612 0.339029 0.024671 0.048561
0 0.814967 0.556655 0.050987 0.098921
0 0.274260 0.513489 0.032072 0.062950
0 0.597039 0.333633 0.032895 0.062950
0 0.133635 0.554856 0.027138 0.044964
0 0.746711 0.404676 0.029605 0.061151
0 0.705592 0.395683 0.026316 0.053957
0 0.664885 0.435252 0.025493 0.068345
0 0.427220 0.535971 0.033717 0.093525
0 0.384868 0.242806 0.021382 0.061151
0 0.223684 0.062050 0.069079 0.120504
0 0.279605 0.960432 0.029605 0.057554
0 0.554688 0.205036 0.041941 0.071942
0 0.297286 0.116007 0.030428 0.077338
0 0.564556 0.757194 0.043585 0.082734
0 0.343750 0.878597 0.027961 0.052158
0 0.275082 0.425360 0.041941 0.098921
0 0.662829 0.044964 0.032895 0.079137
0 0.529605 0.715827 0.052632 0.136691
0 0.390625 0.194245 0.027961 0.050360
0 0.367599 0.968525 0.027960 0.062950
0 0.093750 0.669964 0.039474 0.066547
0 0.333470 0.272482 0.022204 0.052158
0 0.274671 0.778777 0.041118 0.082734
0 0.751234 0.656475 0.032072 0.082734
0 0.659539 0.912770 0.037829 0.084532
0 0.714638 0.203237 0.026316 0.053957
0 0.216694 0.626799 0.033717 0.066547
0 0.222039 0.300360 0.046053 0.118705
0 0.406661 0.290468 0.030428 0.084532
0 0.562911 0.265288 0.028783 0.052158
0 0.741365 0.136691 0.035362 0.071942
0 0.167352 0.224820 0.027138 0.075540
0 0.775905 0.900180 0.030428 0.084532
0 0.675987 0.484712 0.031250 0.052158
0 0.862253 0.120504 0.004112 0.010791
0 0.615543 0.349820 0.004112 0.012590
0 0.644737 0.232014 0.006579 0.032374
0 0.317845 0.399281 0.004112 0.010791
0 0.377467 0.061151 0.003289 0.010791
0 0.710938 0.672662 0.004112 0.010791
0 0.366776 0.661870 0.003289 0.007194
0 0.704359 0.319245 0.004112 0.012590
0 0.157484 0.995504 0.009046 0.008993
0 0.622944 0.863309 0.004112 0.007194
0 0.564556 0.547662 0.005757 0.008993
0 0.576891 0.163669 0.004112 0.010791
0 0.301398 0.446043 0.005757 0.017986
0 0.829770 0.360611 0.004934 0.008993
0 0.834293 0.373201 0.007401 0.012590
0 0.617188 0.029676 0.004112 0.008993
0 0.707237 0.510791 0.009868 0.017986
0 0.652549 0.131295 0.004112 0.010791
0 0.465049 0.993705 0.005757 0.008993
0 0.500822 0.187050 0.004934 0.010791
0 0.839227 0.131295 0.005757 0.014388
0 0.719161 0.802158 0.005757 0.014388
0 0.669408 0.862410 0.006579 0.012590
0 0.752467 0.199640 0.006579 0.014388
0 0.216283 0.993705 0.011513 0.008993
0 0.784128 0.048561 0.007401 0.014388
0 0.678454 0.414568 0.008224 0.030575
0 0.882812 0.863309 0.007401 0.014388
0 0.780428 0.690647 0.004934 0.014388
0 0.453536 0.523381 0.004112 0.014388
0 0.702303 0.153777 0.006579 0.019784
0 0.187089 0.004496 0.012335 0.008993
0 0.502056 0.138489 0.005757 0.017986
0 0.606497 0.196043 0.005757 0.014388
0 0.574424 0.406475 0.007401 0.014389
0 0.555099 0.060252 0.006579 0.012590
0 0.427632 0.645683 0.006579 0.010791
0 0.788651 0.701439 0.006579 0.010791
0 0.833059 0.133094 0.006579 0.017986
0 0.555510 0.099820 0.005757 0.016187
0 0.486431 0.636691 0.009046 0.014388
0 0.828536 0.101619 0.005757 0.016187
0 0.402138 0.572842 0.009868 0.016187
0 0.847451 0.175360 0.005757 0.016187
0 0.648026 0.639389 0.008224 0.012590
0 0.680099 0.578237 0.006579 0.016187
0 0.449836 0.681655 0.008224 0.014388
