0 0.451480 0.988309 0.011513 0.016187
0 0.744243 0.802158 0.008224 0.017986
0 0.677220 0.661870 0.013980 0.017986
0 0.750000 0.367806 0.009868 0.019784
0 0.299342 0.981115 0.039474 0.034173
0 0.574424 0.229317 0.013980 0.030575
0 0.808388 0.541367 0.016447 0.021583
0 0.472862 0.012590 0.019737 0.025180
0 0.675987 0.214928 0.018092 0.048561
0 0.280839 0.966727 0.025493 0.041367
0 0.192845 0.040468 0.015625 0.026978
0 0.411184 0.974820 0.067434 0.050360
0 0.165296 0.276079 0.041118 0.070144
0 0.697368 0.144784 0.044408 0.080935
0 0.657484 0.432554 0.022204 0.034173
0 0.347039 0.213129 0.023026 0.041367
0 0.741365 0.517086 0.020559 0.055755
0 0.384046 0.444245 0.021382 0.043165
0 0.538240 0.465827 0.025493 0.086331
0 0.205181 0.625000 0.030428 0.055755
0 0.764803 0.114209 0.036184 0.070144
0 0.703125 0.426259 0.046053 0.050360
0 0.777961 0.949640 0.027960 0.050360
0 0.643092 0.488309 0.032895 0.059353
0 0.255345 0.827338 0.022204 0.043166
0 0.767681 0.826439 0.020559 0.044964
0 0.785773 0.288669 0.035362 0.062950
0 0.619655 0.366007 0.022204 0.044964
0 0.150905 0.327338 0.041941 0.100719
0 0.692845 0.202338 0.025493 0.052158
0 0.824013 0.465827 0.029605 0.043165
0 0.453125 0.326439 0.021382 0.052158
0 0.645148 0.758993 0.027138 0.053957
0 0.900493 0.410072 0.027961 0.046763
0 0.497944 0.659173 0.023849 0.044964
0 0.166118 0.537770 0.032895 0.057554
0 0.112253 0.704137 0.033717 0.062950
0 0.728207 0.183453 0.030428 0.068345
0 0.879523 0.904676 0.030428 0.064748
0 0.277961 0.449640 0.042763 0.064748
0 0.733964 0.671763 0.037007 0.070144
0 0.635691 0.702338 0.034540 0.073741
0 0.361431 0.382194 0.027138 0.048561
0 0.651727 0.288669 0.023849 0.066547
0 0.429688 0.369604 0.025493 0.052158
0 0.654605 0.204137 0.023026 0.048561
0 0.563734 0.834532 0.051809 0.104317
0 0.446957 0.811151 0.033717 0.053957
0 0.289474 0.291367 0.037829 0.075540
0 0.630757 0.640288 0.031250 0.057554
0 0.178043 0.394784 0.027138 0.055755
0 0.400493 0.872302 0.031250 0.064748
0 0.167352 0.774281 0.048520 0.095324
0 0.729030 0.109712 0.023849 0.053957
0 0.360609 0.483813 0.056743 0.111511
0 0.624178 0.189748 0.029605 0.052158
0 0.111842 0.836331 0.032895 0.082734
0 0.333470 0.051259 0.051809 0.102518
0 0.456414 0.907374 0.023026 0.070144
0 0.266859 0.909173 0.035362 0.084532
0 0.652138 0.825540 0.004934 0.010791
0 0.883224 0.324640 0.003289 0.008993
0 0.573602 0.471223 0.004112 0.010791
0 0.258635 0.690647 0.004112 0.007194
0 0.088816 0.473022 0.004934 0.010791
0 0.235197 0.611511 0.004934 0.028777
0 0.249589 0.726619 0.004112 0.010791
0 0.100329 0.080036 0.004934 0.008993
0 0.535773 0.656475 0.004112 0.010791
0 0.344161 0.599820 0.004112 0.012590
0 0.211349 0.566547 0.004934 0.010791
0 0.123355 0.885791 0.003289 0.008993
0 0.122944 0.060252 0.004112 0.008993
0 0.572780 0.389389 0.004112 0.008993
0 0.217516 0.692446 0.004112 0.010791
0 0.383224 0.834532 0.004934 0.007194
0 0.470806 0.697842 0.004112 0.010791
0 0.620066 0.101619 0.004934 0.008993
0 0.729030 0.993705 0.005757 0.008993
0 0.664474 0.296763 0.004934 0.017986
0 0.181332 0.607914 0.005757 0.010791
0 0.343339 0.301259 0.004112 0.012590
0 0.686678 0.365108 0.004934 0.014389
0 0.803043 0.760791 0.005757 0.014388
0 0.866365 0.329137 0.007401 0.017986
0 0.636513 0.957734 0.006579 0.026978
