0 0.551809 0.300360 0.013158 0.021583
0 0.756579 0.504496 0.037829 0.055755
0 0.570312 0.150180 0.012335 0.026978
0 0.749589 0.798561 0.015625 0.025180
0 0.503289 0.011691 0.021382 0.023381
0 0.574013 0.774281 0.026316 0.052158
0 0.570312 0.404676 0.012335 0.046763
0 0.776727 0.470324 0.066612 0.127698
0 0.518503 0.964029 0.017270 0.039568
0 0.697780 0.122302 0.025493 0.061151
0 0.481086 0.691547 0.018092 0.048561
0 0.523438 0.093525 0.058388 0.093525
0 0.504523 0.379496 0.018915 0.043166
0 0.240132 0.978417 0.037829 0.039568
0 0.203947 0.362410 0.039474 0.052158
0 0.152549 0.446043 0.032072 0.053957
0 0.574836 0.939748 0.031250 0.052158
0 0.479030 0.351619 0.023849 0.055755
0 0.779605 0.015288 0.024671 0.030575
0 0.826891 0.959532 0.046875 0.077338
0 0.401316 0.769784 0.031250 0.061151
0 0.479030 0.091727 0.020559 0.068345
0 0.676398 0.113309 0.038651 0.097122
0 0.879934 0.978417 0.026316 0.039568
0 0.523438 0.372302 0.022204 0.046763
0 0.727385 0.794964 0.025493 0.057554
0 0.773849 0.676259 0.021382 0.046763
0 0.128289 0.871403 0.037829 0.055755
0 0.460526 0.980216 0.024671 0.035971
0 0.350329 0.282374 0.046053 0.068345
0 0.765214 0.378597 0.030428 0.044964
0 0.793586 0.628597 0.023026 0.048561
0 0.605674 0.267986 0.023849 0.053957
0 0.735197 0.429856 0.021382 0.053957
0 0.492599 0.931655 0.034540 0.068345
0 0.319901 0.749101 0.026316 0.055755
0 0.192434 0.933453 0.026316 0.053957
0 0.465049 0.693345 0.017270 0.041367
0 0.486431 0.027878 0.025493 0.055755
0 0.733964 0.029676 0.023849 0.052158
0 0.420230 0.297662 0.032895 0.062950
0 0.719572 0.364209 0.029605 0.062950
0 0.773438 0.072842 0.027138 0.052158
0 0.546464 0.639389 0.018915 0.048561
0 0.566201 0.663669 0.022204 0.068345
0 0.703536 0.435252 0.048520 0.075540
0 0.291530 0.803957 0.025493 0.057554
0 0.345395 0.747302 0.031250 0.048561
0 0.508635 0.889389 0.040296 0.070144
0 0.553043 0.042266 0.025493 0.037770
0 0.413240 0.032374 0.058388 0.064748
0 0.347039 0.834532 0.036184 0.064748
0 0.416118 0.446043 0.042763 0.118705
0 0.088816 0.132194 0.034539 0.055755
0 0.291941 0.691547 0.032895 0.066547
0 0.419408 0.968525 0.050987 0.062950
0 0.608553 0.810252 0.024671 0.062950
0 0.432566 0.918165 0.034539 0.077338
0 0.341283 0.380396 0.029605 0.073741
0 0.550576 0.734712 0.030428 0.070144
0 0.520148 0.735611 0.030428 0.093525
0 0.448191 0.817446 0.029605 0.077338
0 0.805921 0.817446 0.024671 0.080935
0 0.375411 0.354317 0.035362 0.079137
0 0.821957 0.325540 0.040296 0.086331
0 0.581826 0.071043 0.041941 0.113309
0 0.704770 0.790468 0.026316 0.077338
0 0.652138 0.392086 0.004934 0.014389
0 0.366365 0.380396 0.009046 0.023381
0 0.601974 0.687950 0.004934 0.008993
0 0.666941 0.546763 0.003289 0.010791
0 0.718750 0.862410 0.003289 0.012590
0 0.384457 0.243705 0.004112 0.008993
0 0.363076 0.607914 0.004112 0.010791
0 0.667763 0.885791 0.003289 0.008993
0 0.517681 0.678058 0.004112 0.014388
0 0.643092 0.693345 0.003289 0.012590
0 0.209293 0.257194 0.004112 0.010791
0 0.603618 0.452338 0.003289 0.008993
0 0.617599 0.609712 0.004934 0.010791
0 0.682155 0.861511 0.004112 0.010791
0 0.485609 0.408273 0.004112 0.010791
0 0.431332 0.196942 0.005757 0.012590
0 0.585526 0.333633 0.004934 0.008993
0 0.670641 0.479317 0.004112 0.008993
0 0.533717 0.298561 0.003289 0.010791
0 0.481908 0.228417 0.003289 0.014388
0 0.598273 0.673561 0.004112 0.008993
0 0.430510 0.147482 0.005757 0.010791
0 0.657484 0.051259 0.004112 0.012590
0 0.659128 0.449640 0.004112 0.010791
0 0.574013 0.588130 0.004934 0.010791
0 0.604852 0.772482 0.007401 0.012590
0 0.475740 0.733813 0.004112 0.010791
0 0.210115 0.118705 0.005757 0.010791
0 0.225740 0.946043 0.005757 0.010791
0 0.455181 0.212230 0.005757 0.010791
0 0.469572 0.911870 0.008224 0.010791
0 0.465049 0.125000 0.004112 0.012590
0 0.258635 0.500899 0.005757 0.012590
0 0.701069 0.236511 0.004112 0.016187
0 0.632812 0.506295 0.007401 0.019784
0 0.465872 0.044964 0.004112 0.014388
0 0.712171 0.030575 0.006579 0.010791
0 0.629523 0.456835 0.005757 0.014389
0 0.187911 0.859712 0.007401 0.010791
0 0.259457 0.640288 0.005757 0.014388
