0 0.646793 0.314748 0.009046 0.014389
0 0.350329 0.696942 0.009868 0.016187
0 0.134457 0.322842 0.009046 0.016187
0 0.351562 0.613309 0.010691 0.021583
0 0.521382 0.275180 0.011513 0.025180
0 0.570312 0.797662 0.010691 0.019784
0 0.282484 0.809353 0.028783 0.046763
0 0.551809 0.987410 0.027960 0.021583
0 0.538240 0.446942 0.018915 0.030575
0 0.582237 0.015288 0.014803 0.023381
0 0.788651 0.987410 0.026316 0.021583
0 0.666530 0.228417 0.013980 0.028777
0 0.593339 0.050360 0.035362 0.043165
0 0.304688 0.830935 0.069901 0.115108
0 0.275905 0.984712 0.023849 0.026978
0 0.759457 0.299460 0.022204 0.048561
0 0.400493 0.120504 0.026316 0.068345
0 0.693668 0.053058 0.017270 0.037770
0 0.535362 0.668165 0.032895 0.052158
0 0.278372 0.500000 0.043586 0.064748
0 0.543586 0.536870 0.016447 0.052158
0 0.602385 0.160971 0.022204 0.052158
0 0.388158 0.612410 0.031250 0.066547
0 0.463405 0.026079 0.051809 0.052158
0 0.645970 0.735611 0.027138 0.053957
0 0.774671 0.915468 0.032895 0.061151
0 0.134457 0.168165 0.069901 0.095324
0 0.890214 0.371403 0.051809 0.059352
0 0.729030 0.599820 0.022204 0.055755
0 0.326069 0.893885 0.025493 0.046763
0 0.362664 0.331835 0.046053 0.088129
0 0.250822 0.247302 0.027961 0.059353
0 0.369655 0.128597 0.028783 0.066547
0 0.482730 0.154676 0.021382 0.046763
0 0.326891 0.493705 0.037007 0.073741
0 0.673520 0.742806 0.018092 0.050360
0 0.251645 0.902878 0.026316 0.053957
0 0.126645 0.767986 0.044408 0.100719
0 0.175576 0.732014 0.033717 0.061151
0 0.585526 0.099820 0.041118 0.095324
0 0.621299 0.791367 0.022204 0.064748
0 0.270970 0.670863 0.023849 0.053957
0 0.860197 0.044065 0.047697 0.080935
0 0.410362 0.263489 0.032895 0.052158
0 0.329770 0.553957 0.034539 0.068345
0 0.198602 0.549460 0.048520 0.131295
0 0.743010 0.233813 0.033717 0.064748
0 0.895559 0.807554 0.032895 0.071942
0 0.347862 0.972122 0.031250 0.055755
0 0.504112 0.865108 0.042763 0.093525
0 0.667763 0.302158 0.027960 0.071942
0 0.548931 0.345324 0.037007 0.068345
0 0.407895 0.874101 0.026316 0.057554
0 0.307977 0.609712 0.045230 0.097122
0 0.555921 0.699640 0.034540 0.089928
0 0.296053 0.273381 0.037829 0.068345
0 0.087171 0.216727 0.031250 0.080935
0 0.491776 0.803957 0.003289 0.010791
0 0.208059 0.410971 0.004934 0.012590
0 0.670641 0.518885 0.004112 0.012590
0 0.506990 0.349820 0.004112 0.012590
0 0.260691 0.788669 0.003289 0.012590
0 0.543586 0.148381 0.003289 0.012590
0 0.909128 0.585432 0.004112 0.008993
0 0.842105 0.349820 0.003289 0.008993
0 0.513569 0.242806 0.004112 0.010791
0 0.363076 0.198741 0.004112 0.008993
0 0.637336 0.491906 0.004934 0.012590
0 0.484786 0.948741 0.004112 0.008993
0 0.349507 0.914568 0.003289 0.008993
0 0.373766 0.219424 0.004112 0.014388
0 0.386924 0.346223 0.007401 0.012590
0 0.738076 0.320144 0.004112 0.010791
0 0.760691 0.508094 0.004934 0.012590
0 0.372122 0.837230 0.004112 0.008993
0 0.684622 0.428058 0.004112 0.010791
0 0.417352 0.698741 0.004112 0.008993
0 0.550576 0.077338 0.004112 0.010791
0 0.527549 0.994604 0.012335 0.010791
0 0.623355 0.046763 0.003289 0.010791
0 0.545641 0.196043 0.004112 0.017986
0 0.629523 0.991906 0.015625 0.012590
0 0.835938 0.152878 0.004112 0.010791
0 0.425987 0.632194 0.004934 0.012590
0 0.576069 0.513489 0.005757 0.012590
0 0.335115 0.718525 0.004112 0.012590
0 0.454770 0.175360 0.004934 0.012590
0 0.496299 0.140288 0.007401 0.010791
0 0.822368 0.909173 0.004934 0.012590
0 0.804688 0.345324 0.009046 0.010791
0 0.901727 0.923561 0.004112 0.012590
0 0.918997 0.892986 0.004112 0.012590
0 0.736842 0.444245 0.006579 0.014389
0 0.428043 0.586331 0.005757 0.010791
0 0.580181 0.663669 0.005757 0.014388
0 0.599095 0.518885 0.005757 0.012590
0 0.394326 0.865108 0.007401 0.017986
0 0.631990 0.667266 0.005757 0.014388
0 0.524260 0.511691 0.009046 0.012590
0 0.657895 0.053957 0.008224 0.017986
