0 0.689556 0.381295 0.007401 0.017986
0 0.564967 0.871403 0.009868 0.016187
0 0.798931 0.781475 0.009046 0.019784
0 0.534128 0.176259 0.009046 0.021583
0 0.700247 0.947842 0.010691 0.025180
0 0.840872 0.981115 0.013980 0.023381
0 0.289885 0.406475 0.013980 0.028777
0 0.665296 0.114209 0.014803 0.019784
0 0.430510 0.384892 0.010691 0.028777
0 0.648026 0.309353 0.019737 0.035971
0 0.149671 0.013489 0.021382 0.026978
0 0.681332 0.012590 0.027138 0.025180
0 0.220395 0.982914 0.031250 0.030575
0 0.076891 0.389389 0.022204 0.041367
0 0.719984 0.981115 0.033717 0.034173
0 0.823602 0.701439 0.035362 0.043166
0 0.487664 0.919964 0.023026 0.066547
0 0.478618 0.231115 0.014803 0.048561
0 0.890625 0.965827 0.027961 0.043165
0 0.836760 0.737410 0.030428 0.043166
0 0.798931 0.518885 0.018915 0.037770
0 0.324013 0.248201 0.024671 0.061151
0 0.442023 0.894784 0.022204 0.048561
0 0.816612 0.869604 0.032895 0.041367
0 0.387747 0.276079 0.020559 0.052158
0 0.379523 0.484712 0.025493 0.059353
0 0.540296 0.341727 0.023026 0.053957
0 0.604852 0.547662 0.022204 0.048561
0 0.474918 0.897482 0.023849 0.053957
0 0.187500 0.233813 0.032895 0.053957
0 0.367599 0.437050 0.023026 0.053957
0 0.407895 0.258094 0.037829 0.052158
0 0.360197 0.571043 0.026316 0.044964
0 0.171464 0.556655 0.028783 0.052158
0 0.543586 0.526978 0.023026 0.057554
0 0.486842 0.116007 0.037829 0.066547
0 0.796875 0.244604 0.031250 0.043166
0 0.578536 0.942446 0.028783 0.075540
0 0.362664 0.913669 0.047697 0.147482
0 0.415296 0.819245 0.037829 0.059353
0 0.863898 0.239209 0.030428 0.039568
0 0.334293 0.384892 0.022204 0.043166
0 0.588816 0.038669 0.039474 0.077338
0 0.711760 0.631295 0.018915 0.050360
0 0.638980 0.638489 0.029605 0.075540
0 0.561678 0.237410 0.050987 0.075540
0 0.328947 0.040468 0.027961 0.077338
0 0.188734 0.303957 0.037007 0.079137
0 0.317845 0.298561 0.032072 0.068345
0 0.905016 0.289568 0.030428 0.071942
0 0.524260 0.315647 0.032072 0.091727
0 0.707237 0.883094 0.026316 0.053957
0 0.757401 0.391187 0.027960 0.052158
0 0.532484 0.097122 0.025493 0.043166
0 0.403783 0.098022 0.034539 0.113309
0 0.469572 0.494604 0.052632 0.097122
0 0.729030 0.567446 0.041941 0.084532
0 0.524260 0.491007 0.033717 0.093525
0 0.725740 0.106115 0.038651 0.086331
0 0.863076 0.565647 0.028783 0.052158
0 0.751234 0.682554 0.040296 0.095324
0 0.606908 0.172662 0.031250 0.064748
0 0.198191 0.185252 0.059210 0.097122
0 0.268092 0.665468 0.036184 0.068345
0 0.557155 0.156475 0.033717 0.086331
0 0.306332 0.716727 0.055099 0.138489
0 0.665296 0.491007 0.029605 0.089928
0 0.436266 0.350719 0.004112 0.010791
0 0.268914 0.842626 0.003289 0.008993
0 0.161595 0.455036 0.004112 0.010791
0 0.238898 0.805755 0.004112 0.010791
0 0.634868 0.813849 0.003289 0.008993
0 0.428043 0.944245 0.004112 0.010791
0 0.083882 0.585432 0.004934 0.008993
0 0.199013 0.086331 0.004934 0.014388
0 0.777138 0.982914 0.003289 0.008993
0 0.253701 0.572842 0.004112 0.012590
0 0.353207 0.477518 0.004112 0.008993
0 0.453536 0.102518 0.004112 0.010791
0 0.429276 0.656475 0.003289 0.010791
0 0.219572 0.338129 0.006579 0.010791
0 0.651727 0.763489 0.004112 0.012590
0 0.233553 0.606115 0.004934 0.010791
0 0.683388 0.925360 0.003289 0.008993
0 0.372122 0.362410 0.004112 0.008993
0 0.478207 0.754496 0.004112 0.008993
0 0.420230 0.770683 0.003289 0.012590
0 0.682977 0.642086 0.004112 0.010791
0 0.634868 0.075540 0.004934 0.010791
0 0.625000 0.857014 0.004934 0.008993
0 0.368421 0.722122 0.004934 0.008993
0 0.548109 0.418165 0.005757 0.016187
0 0.642270 0.886691 0.003289 0.014388
0 0.549342 0.370504 0.006579 0.010791
0 0.731086 0.456835 0.004934 0.014389
0 0.779605 0.527878 0.004934 0.016187
0 0.341283 0.004496 0.013158 0.008993
0 0.790707 0.463129 0.005757 0.012590
0 0.603207 0.277878 0.005757 0.016187
