0 0.708882 0.241906 0.006579 0.016187
0 0.823191 0.890288 0.008224 0.014388
0 0.665296 0.703237 0.009868 0.017986
0 0.645148 0.718525 0.010691 0.019784
0 0.344984 0.724820 0.013980 0.025180
0 0.589227 0.333633 0.009046 0.023381
0 0.635691 0.153777 0.008224 0.019784
0 0.464227 0.008993 0.032072 0.017986
0 0.744655 0.125000 0.009046 0.023381
0 0.698191 0.098921 0.013158 0.017986
0 0.714638 0.503597 0.016447 0.028777
0 0.539062 0.976619 0.015625 0.028777
0 0.750822 0.973921 0.013158 0.026978
0 0.698602 0.418165 0.033717 0.084532
0 0.055510 0.907374 0.017270 0.080935
0 0.050987 0.439748 0.026316 0.077338
0 0.547286 0.692446 0.064967 0.111511
0 0.415707 0.390288 0.027138 0.039568
0 0.362253 0.977518 0.053454 0.041367
0 0.334293 0.446043 0.030428 0.043165
0 0.612253 0.365108 0.033717 0.064748
0 0.239720 0.026079 0.037007 0.044964
0 0.649671 0.339928 0.024671 0.050360
0 0.826480 0.504496 0.029605 0.091727
0 0.787829 0.678058 0.021382 0.061151
0 0.661595 0.776978 0.027138 0.061151
0 0.392681 0.511691 0.027138 0.048561
0 0.765214 0.251799 0.027138 0.043166
0 0.474095 0.067446 0.028783 0.052158
0 0.226562 0.543165 0.022204 0.053957
0 0.404605 0.143885 0.055921 0.129496
0 0.312089 0.922662 0.022204 0.061151
0 0.925164 0.686151 0.039474 0.091727
0 0.367599 0.034173 0.024671 0.050360
0 0.205592 0.890288 0.034539 0.061151
0 0.241776 0.140288 0.027960 0.050360
0 0.641036 0.938849 0.056743 0.064748
0 0.252878 0.806655 0.038651 0.062950
0 0.086349 0.446942 0.047697 0.098921
0 0.618421 0.166367 0.027960 0.059352
0 0.342516 0.285971 0.025493 0.046763
0 0.330181 0.155576 0.027138 0.066547
0 0.587993 0.482014 0.037829 0.057554
0 0.467105 0.627698 0.029605 0.064748
0 0.556743 0.160072 0.027960 0.068345
0 0.754112 0.161871 0.032895 0.053957
0 0.721217 0.034173 0.036184 0.064748
0 0.714227 0.572842 0.025493 0.059353
0 0.790296 0.804856 0.029605 0.048561
0 0.784539 0.294065 0.024671 0.059352
0 0.215049 0.661870 0.027138 0.071942
0 0.083882 0.910971 0.046053 0.098921
0 0.259868 0.718525 0.026316 0.080935
0 0.913651 0.181655 0.074013 0.118705
0 0.278783 0.588130 0.036184 0.064748
0 0.904605 0.568345 0.039474 0.064748
0 0.296053 0.775180 0.054276 0.093525
0 0.251234 0.544065 0.025493 0.080935
0 0.293174 0.257194 0.030428 0.061151
0 0.206003 0.830935 0.043586 0.064748
0 0.381168 0.332734 0.023849 0.061151
0 0.440789 0.938849 0.027960 0.071942
0 0.583059 0.922662 0.029605 0.071942
0 0.440789 0.110612 0.023026 0.059353
0 0.797697 0.505396 0.029605 0.053957
0 0.618421 0.312050 0.029605 0.062950
0 0.281661 0.848921 0.022204 0.068345
0 0.561678 0.892086 0.034540 0.071942
0 0.309211 0.725719 0.027961 0.059353
0 0.479441 0.713130 0.021382 0.052158
0 0.655016 0.839928 0.045230 0.093525
0 0.405016 0.329137 0.023849 0.075540
0 0.808799 0.626799 0.005757 0.008993
0 0.162418 0.498201 0.005757 0.010791
0 0.885280 0.272482 0.004112 0.008993
0 0.176809 0.968525 0.003289 0.008993
0 0.604852 0.032374 0.004112 0.010791
0 0.407895 0.885791 0.003289 0.008993
0 0.813322 0.883993 0.004934 0.008993
0 0.164474 0.206835 0.003289 0.010791
0 0.468339 0.906475 0.004112 0.010791
0 0.597451 0.359712 0.007401 0.025180
0 0.510691 0.349820 0.004934 0.008993
0 0.408306 0.559353 0.004112 0.010791
0 0.692023 0.548561 0.004112 0.014388
0 0.593339 0.243705 0.004112 0.012590
0 0.568257 0.806655 0.004934 0.016187
0 0.415707 0.758094 0.004112 0.012590
0 0.752467 0.091727 0.004934 0.010791
0 0.158717 0.416367 0.004934 0.008993
0 0.626234 0.236511 0.004112 0.012590
0 0.733141 0.749101 0.004112 0.008993
0 0.626645 0.699640 0.004934 0.014388
0 0.604441 0.901079 0.003289 0.010791
0 0.588405 0.436151 0.004112 0.012590
0 0.898026 0.858813 0.004934 0.012590
0 0.660773 0.021583 0.004112 0.010791
0 0.539885 0.218525 0.004112 0.012590
0 0.191201 0.185252 0.005757 0.010791
0 0.680099 0.187050 0.006579 0.014388
0 0.567845 0.491007 0.005757 0.017986
0 0.841283 0.903777 0.004934 0.008993
0 0.539885 0.548561 0.004112 0.014388
0 0.285362 0.664568 0.004934 0.012590
0 0.597039 0.767986 0.006579 0.025180
0 0.655016 0.592626 0.004112 0.019784
0 0.674342 0.120504 0.004934 0.010791
0 0.559622 0.419065 0.005757 0.010791
0 0.687089 0.793165 0.007401 0.014388
0 0.322780 0.491007 0.005757 0.010791
0 0.878701 0.444245 0.005757 0.010791
0 0.521382 0.202338 0.006579 0.012590
0 0.264803 0.363309 0.006579 0.014389
0 0.476562 0.305755 0.007401 0.014389
0 0.636102 0.547662 0.009046 0.016187
0 0.562911 0.273381 0.007401 0.014389
0 0.770970 0.760791 0.007401 0.014388
0 0.081415 0.068345 0.009868 0.010791
0 0.801398 0.572842 0.009046 0.012590
0 0.390625 0.178957 0.027961 0.037770
