0 0.713816 0.102518 0.008224 0.017986
0 0.846628 0.987410 0.022204 0.017986
0 0.373766 0.836331 0.009046 0.021583
0 0.483141 0.353417 0.010691 0.023381
0 0.761924 0.047662 0.015625 0.030575
0 0.151316 0.964928 0.067434 0.070144
0 0.582648 0.328237 0.012335 0.034173
0 0.823191 0.309353 0.032895 0.068345
0 0.365132 0.046763 0.019737 0.043165
0 0.871299 0.437050 0.032072 0.039568
0 0.498766 0.905576 0.023849 0.048561
0 0.290296 0.527878 0.036184 0.131295
0 0.660773 0.607914 0.028783 0.053957
0 0.712171 0.779676 0.018092 0.041367
0 0.567845 0.377698 0.035362 0.043166
0 0.767681 0.232014 0.027138 0.050360
0 0.797286 0.761691 0.025493 0.037770
0 0.739720 0.222122 0.035362 0.070144
0 0.321135 0.293165 0.033717 0.046763
0 0.449424 0.437050 0.020559 0.043166
0 0.279194 0.248201 0.035362 0.053957
0 0.768914 0.423561 0.027960 0.062950
0 0.215049 0.601619 0.023849 0.048561
0 0.336760 0.052158 0.028783 0.050360
0 0.922697 0.423561 0.055921 0.095324
0 0.839227 0.464928 0.025493 0.048561
0 0.522615 0.033273 0.028783 0.066547
0 0.923109 0.934353 0.038651 0.059353
0 0.230263 0.911870 0.052632 0.125899
0 0.629112 0.610611 0.046053 0.098921
0 0.445312 0.694245 0.041941 0.064748
0 0.548109 0.587230 0.030428 0.055755
0 0.761102 0.484712 0.025493 0.073741
0 0.726151 0.481115 0.034540 0.102518
0 0.080181 0.121403 0.038651 0.077338
0 0.564145 0.867806 0.032895 0.059353
0 0.339227 0.946942 0.061678 0.106115
0 0.725329 0.156475 0.027960 0.053957
0 0.766036 0.740108 0.025493 0.055755
0 0.338816 0.422662 0.027961 0.057554
0 0.246711 0.160971 0.062500 0.113309
0 0.288651 0.180755 0.027960 0.066547
0 0.796053 0.113309 0.032895 0.071942
0 0.468750 0.643885 0.046053 0.086331
0 0.384046 0.087230 0.046053 0.095324
0 0.245066 0.581835 0.032895 0.073741
0 0.747533 0.124101 0.036184 0.075540
0 0.343750 0.321043 0.041118 0.095324
0 0.421053 0.106115 0.003289 0.010791
0 0.742599 0.779676 0.003289 0.008993
0 0.315789 0.618705 0.003289 0.010791
0 0.194490 0.839928 0.004112 0.017986
0 0.667352 0.538669 0.004112 0.012590
0 0.596217 0.565647 0.004934 0.008993
0 0.799342 0.243705 0.003289 0.008993
0 0.846628 0.608813 0.004112 0.008993
0 0.384046 0.919065 0.003289 0.010791
0 0.550576 0.775180 0.004112 0.010791
0 0.456414 0.009892 0.008224 0.016187
0 0.130345 0.067446 0.004112 0.008993
0 0.261513 0.676259 0.003289 0.010791
0 0.192845 0.221223 0.005757 0.014388
0 0.713405 0.885791 0.004112 0.008993
0 0.536184 0.228417 0.003289 0.010791
0 0.906250 0.857914 0.003289 0.007194
0 0.681332 0.325540 0.004112 0.010791
0 0.141036 0.023381 0.004112 0.010791
0 0.491365 0.430755 0.005757 0.012590
0 0.362253 0.869604 0.004112 0.016187
0 0.412418 0.658273 0.004112 0.010791
0 0.370066 0.395683 0.004934 0.010791
0 0.737664 0.921763 0.004934 0.012590
0 0.186266 0.499101 0.004112 0.012590
0 0.400905 0.250000 0.004112 0.010791
0 0.578947 0.978417 0.004934 0.010791
0 0.837582 0.703237 0.005757 0.010791
0 0.440789 0.365108 0.006579 0.010791
0 0.225740 0.780576 0.005757 0.021583
0 0.344984 0.247302 0.004112 0.012590
0 0.357319 0.435252 0.005757 0.014389
0 0.444079 0.976619 0.004934 0.010791
0 0.399260 0.733813 0.005757 0.010791
0 0.560444 0.505396 0.005757 0.014388
0 0.696957 0.667266 0.005757 0.010791
0 0.569079 0.520683 0.004934 0.016187
0 0.805921 0.006295 0.024671 0.012590
0 0.428454 0.299460 0.006579 0.012590
0 0.712171 0.844424 0.006579 0.012590
0 0.887747 0.837230 0.007401 0.012590
0 0.614309 0.707734 0.009868 0.016187
