0 0.607319 0.126799 0.005757 0.016187
0 0.551809 0.021583 0.008224 0.017986
0 0.600740 0.858813 0.009046 0.016187
0 0.659539 0.336331 0.009868 0.025180
0 0.428043 0.252698 0.010691 0.026978
0 0.621711 0.575540 0.011513 0.025180
0 0.837993 0.661870 0.016447 0.039568
0 0.861842 0.119604 0.024671 0.044964
0 0.249589 0.528777 0.053454 0.122302
0 0.525905 0.609712 0.025493 0.057554
0 0.186678 0.530576 0.018092 0.043166
0 0.266036 0.405576 0.013980 0.030575
0 0.225740 0.715827 0.040296 0.071942
0 0.739720 0.445144 0.038651 0.048561
0 0.711760 0.853417 0.025493 0.062950
0 0.564556 0.883094 0.032072 0.050360
0 0.166530 0.983813 0.023849 0.032374
0 0.923109 0.608813 0.023849 0.059353
0 0.289885 0.019784 0.017270 0.039568
0 0.464638 0.748201 0.024671 0.053957
0 0.548520 0.592626 0.023026 0.048561
0 0.501645 0.906475 0.037829 0.086331
0 0.761924 0.278777 0.025493 0.050360
0 0.099918 0.695144 0.037007 0.052158
0 0.463816 0.089029 0.024671 0.059352
0 0.805921 0.979317 0.031250 0.037770
0 0.076069 0.028777 0.027138 0.050360
0 0.769326 0.434353 0.032072 0.052158
0 0.328947 0.017086 0.029605 0.034173
0 0.364720 0.432554 0.027138 0.037770
0 0.371299 0.301259 0.017270 0.037770
0 0.717516 0.293165 0.023849 0.043166
0 0.565789 0.839029 0.031250 0.044964
0 0.544408 0.540468 0.064145 0.091727
0 0.582237 0.117806 0.021382 0.062950
0 0.578536 0.060252 0.051809 0.077338
0 0.655428 0.027878 0.018092 0.055755
0 0.607319 0.815647 0.033717 0.055755
0 0.164062 0.533273 0.030428 0.052158
0 0.791941 0.463129 0.026316 0.044964
0 0.210526 0.348921 0.027960 0.064748
0 0.729030 0.152878 0.046875 0.064748
0 0.220395 0.906475 0.024671 0.053957
0 0.408306 0.571043 0.032072 0.070144
0 0.341694 0.938849 0.027138 0.061151
0 0.734786 0.815647 0.028783 0.062950
0 0.871299 0.254496 0.033717 0.066547
0 0.918586 0.126799 0.032895 0.055755
0 0.426398 0.028777 0.037007 0.057554
0 0.404605 0.644784 0.024671 0.055755
0 0.497944 0.427158 0.060033 0.113309
0 0.230263 0.405576 0.032895 0.055755
0 0.435033 0.769784 0.042763 0.111511
0 0.494243 0.251799 0.062500 0.097122
0 0.777138 0.352518 0.041118 0.079137
0 0.253701 0.682554 0.035362 0.073741
0 0.407484 0.964029 0.053454 0.071942
0 0.672697 0.841727 0.041118 0.075540
0 0.331414 0.123201 0.027961 0.059352
0 0.508635 0.355216 0.028783 0.048561
0 0.552220 0.950540 0.033717 0.073741
0 0.202303 0.686151 0.023026 0.055755
0 0.289885 0.317446 0.051809 0.095324
0 0.816612 0.522482 0.047697 0.091727
0 0.113487 0.526079 0.042763 0.109712
0 0.770559 0.139388 0.031250 0.062950
0 0.640625 0.531475 0.036184 0.084532
0 0.438322 0.074640 0.031250 0.055755
0 0.459293 0.357014 0.056743 0.073741
0 0.357319 0.590827 0.058388 0.113309
0 0.263980 0.131295 0.029605 0.053957
0 0.184211 0.865108 0.041118 0.082734
0 0.797697 0.210432 0.036184 0.082734
0 0.416530 0.326439 0.005757 0.012590
0 0.298520 0.660072 0.003289 0.010791
0 0.742188 0.955036 0.002467 0.010791
0 0.344572 0.653777 0.004934 0.008993
0 0.223273 0.151079 0.004112 0.010791
0 0.636924 0.959532 0.004112 0.016187
0 0.728618 0.493705 0.003289 0.008993
0 0.879523 0.848022 0.004112 0.008993
0 0.669408 0.682554 0.003289 0.012590
0 0.077303 0.433453 0.004934 0.010791
0 0.317023 0.858813 0.004112 0.012590
0 0.864309 0.539568 0.004934 0.010791
0 0.694901 0.071942 0.003289 0.017986
0 0.821135 0.682554 0.004112 0.008993
0 0.646382 0.844424 0.003289 0.008993
0 0.847862 0.331835 0.004934 0.008993
0 0.134868 0.592626 0.004934 0.012590
0 0.491776 0.762590 0.003289 0.014388
0 0.192434 0.004496 0.006579 0.008993
0 0.431332 0.192446 0.004112 0.010791
0 0.200658 0.478417 0.004934 0.010791
0 0.489720 0.574640 0.005757 0.012590
0 0.076480 0.008993 0.023026 0.017986
0 0.213405 0.219424 0.004112 0.017986
0 0.524671 0.982914 0.004934 0.012590
0 0.182155 0.464029 0.004112 0.010791
0 0.634868 0.581835 0.004934 0.012590
0 0.690378 0.267986 0.007401 0.014389
0 0.660773 0.635791 0.005757 0.016187
0 0.916941 0.579137 0.004934 0.014388
0 0.396793 0.537770 0.005757 0.017986
0 0.717516 0.238309 0.005757 0.012590
0 0.636513 0.052158 0.006579 0.010791
0 0.664062 0.161871 0.007401 0.010791
0 0.634868 0.281475 0.004934 0.012590
0 0.692845 0.250000 0.007401 0.014389
0 0.378289 0.767986 0.006579 0.014388
0 0.619655 0.743705 0.007401 0.016187
0 0.517270 0.714029 0.006579 0.014388
0 0.761102 0.669964 0.007401 0.012590
0 0.704770 0.472122 0.004934 0.016187
0 0.567023 0.167266 0.007401 0.017986
0 0.589638 0.778777 0.008224 0.014388
0 0.741365 0.747302 0.007401 0.019784
