0 0.660773 0.434353 0.007401 0.016187
0 0.662007 0.071043 0.008224 0.016187
0 0.819079 0.006295 0.024671 0.012590
0 0.398026 0.989209 0.011513 0.017986
0 0.466283 0.989209 0.018092 0.017986
0 0.377056 0.632194 0.010691 0.019784
0 0.608964 0.011691 0.012335 0.023381
0 0.560444 0.445144 0.009046 0.023381
0 0.391036 0.424460 0.015625 0.025180
0 0.335938 0.423561 0.012336 0.023381
0 0.300987 0.035971 0.034540 0.061151
0 0.555921 0.014389 0.032895 0.028777
0 0.224095 0.855216 0.028783 0.052158
0 0.471628 0.014389 0.032072 0.028777
0 0.238487 0.196043 0.018092 0.035971
0 0.818257 0.981115 0.027960 0.030575
0 0.314556 0.773381 0.023849 0.046763
0 0.263569 0.305755 0.028783 0.057554
0 0.663651 0.336331 0.026316 0.057554
0 0.349507 0.556655 0.034540 0.073741
0 0.813322 0.721223 0.027960 0.053957
0 0.762336 0.951439 0.026316 0.050360
0 0.565789 0.982014 0.027960 0.035971
0 0.191201 0.751799 0.022204 0.035971
0 0.218750 0.433453 0.032895 0.046763
0 0.735609 0.461331 0.023849 0.048561
0 0.853618 0.684353 0.021382 0.037770
0 0.481497 0.422662 0.020559 0.050360
0 0.548109 0.369604 0.043585 0.127698
0 0.689556 0.120504 0.022204 0.053957
0 0.535362 0.539568 0.037829 0.050360
0 0.372122 0.491007 0.025493 0.043166
0 0.561678 0.053058 0.026316 0.044964
0 0.703947 0.352518 0.031250 0.061151
0 0.556743 0.295863 0.023026 0.055755
0 0.590872 0.387590 0.037007 0.073741
0 0.744243 0.974820 0.029605 0.046763
0 0.365543 0.063849 0.030428 0.066547
0 0.231497 0.022482 0.020559 0.044964
0 0.223273 0.095324 0.055099 0.122302
0 0.658717 0.852518 0.034540 0.050360
0 0.827303 0.108813 0.024671 0.077338
0 0.341283 0.626799 0.026316 0.048561
0 0.750822 0.546763 0.026316 0.053957
0 0.449836 0.685252 0.044408 0.086331
0 0.450658 0.795863 0.029605 0.066547
0 0.439145 0.543165 0.031250 0.068345
0 0.516036 0.439748 0.045230 0.131295
0 0.857730 0.318345 0.026316 0.046763
0 0.849095 0.081835 0.028783 0.070144
0 0.322368 0.840827 0.031250 0.062950
0 0.079770 0.973022 0.027960 0.053957
0 0.553865 0.797662 0.018915 0.052158
0 0.878701 0.779676 0.025493 0.048561
0 0.578947 0.276978 0.021382 0.057554
0 0.321135 0.910072 0.028783 0.057554
0 0.693257 0.804856 0.026316 0.066547
0 0.432566 0.871403 0.029605 0.070144
0 0.245477 0.532374 0.040296 0.111511
0 0.782484 0.857914 0.051809 0.107914
0 0.606086 0.835432 0.034540 0.073741
0 0.739309 0.075540 0.027960 0.053957
0 0.221628 0.260791 0.033717 0.057554
0 0.737253 0.398381 0.028783 0.052158
0 0.701069 0.509892 0.032072 0.070144
0 0.911184 0.186151 0.050987 0.109712
0 0.419819 0.726619 0.035362 0.086331
0 0.666530 0.949640 0.035362 0.075540
0 0.118832 0.726619 0.046875 0.079137
0 0.400082 0.074640 0.030428 0.059353
0 0.382812 0.583633 0.030428 0.066547
0 0.435444 0.096223 0.027138 0.052158
0 0.254112 0.247302 0.024671 0.052158
0 0.420230 0.635791 0.029605 0.073741
0 0.601974 0.267986 0.029605 0.089928
0 0.154194 0.802158 0.004112 0.007194
0 0.655016 0.993705 0.004112 0.008993
0 0.540707 0.510791 0.005757 0.010791
0 0.710526 0.635791 0.003289 0.008993
0 0.723273 0.301259 0.004112 0.008993
0 0.696546 0.898381 0.003289 0.008993
0 0.646793 0.680755 0.004112 0.008993
0 0.166941 0.745504 0.003289 0.008993
0 0.513980 0.550360 0.004934 0.014388
0 0.155839 0.915468 0.004112 0.010791
0 0.347451 0.410971 0.004112 0.008993
0 0.627056 0.228417 0.005757 0.014388
0 0.849507 0.218525 0.003289 0.008993
0 0.419408 0.265288 0.004934 0.008993
0 0.331414 0.464928 0.003289 0.008993
0 0.642681 0.714928 0.004112 0.012590
0 0.752056 0.668165 0.004112 0.008993
0 0.608141 0.107914 0.004112 0.010791
0 0.278372 0.853417 0.004112 0.008993
0 0.571546 0.297662 0.008224 0.016187
0 0.730674 0.750899 0.004112 0.012590
0 0.701891 0.025180 0.004112 0.010791
0 0.572368 0.671763 0.003289 0.008993
0 0.698602 0.247302 0.004112 0.012590
0 0.895970 0.741007 0.004112 0.010791
0 0.710938 0.058453 0.005757 0.008993
0 0.698191 0.006295 0.004934 0.008993
0 0.674753 0.224820 0.005757 0.014389
0 0.523026 0.868705 0.004934 0.010791
0 0.794408 0.700540 0.004934 0.016187
0 0.804688 0.185252 0.007401 0.010791
0 0.621299 0.251799 0.009046 0.014389
0 0.646793 0.306655 0.005757 0.012590
0 0.650082 0.388489 0.007401 0.014389
0 0.608141 0.747302 0.005757 0.012590
0 0.678454 0.390288 0.004934 0.014389
0 0.681743 0.886691 0.004934 0.010791
0 0.724095 0.445144 0.007401 0.019784
0 0.478207 0.293165 0.007401 0.010791
0 0.660362 0.199640 0.008224 0.014388
0 0.676809 0.169065 0.006579 0.014388
0 0.485609 0.580036 0.009046 0.012590
0 0.534128 0.819245 0.007401 0.016187
0 0.521382 0.992806 0.014803 0.010791
0 0.549342 0.070144 0.006579 0.028777
0 0.779605 0.476619 0.008224 0.021583
