0 0.554688 0.117806 0.009046 0.019784
0 0.284128 0.709532 0.007401 0.019784
0 0.550164 0.793165 0.009868 0.017986
0 0.474507 0.899281 0.008224 0.017986
0 0.615543 0.392986 0.010691 0.016187
0 0.461760 0.288669 0.007401 0.023381
0 0.497122 0.983813 0.010691 0.028777
0 0.301398 0.654676 0.012336 0.021583
0 0.383635 0.266187 0.058388 0.100719
0 0.053454 0.833633 0.023026 0.073741
0 0.692434 0.979317 0.016447 0.030575
0 0.714638 0.417266 0.027960 0.035971
0 0.166941 0.167266 0.046053 0.093525
0 0.539062 0.171763 0.023849 0.055755
0 0.777138 0.578237 0.037829 0.048561
0 0.400082 0.960432 0.033717 0.075540
0 0.101562 0.905576 0.035362 0.070144
0 0.295230 0.307554 0.029605 0.043166
0 0.349918 0.696043 0.027138 0.053957
0 0.885280 0.903777 0.035362 0.044964
0 0.085115 0.832734 0.045230 0.089928
0 0.136102 0.976619 0.051809 0.043165
0 0.556332 0.269784 0.027138 0.046763
0 0.599507 0.946043 0.024671 0.053957
0 0.492599 0.767986 0.032895 0.053957
0 0.546053 0.662770 0.026316 0.037770
0 0.728618 0.363309 0.032895 0.061151
0 0.564556 0.216727 0.018915 0.044964
0 0.486431 0.019784 0.035362 0.039568
0 0.331414 0.724820 0.021382 0.043166
0 0.313734 0.480216 0.023849 0.061151
0 0.478618 0.262590 0.024671 0.039568
0 0.593339 0.767086 0.027138 0.062950
0 0.874178 0.321043 0.024671 0.052158
0 0.266036 0.254496 0.028783 0.062950
0 0.336760 0.861511 0.027138 0.057554
0 0.506579 0.561151 0.031250 0.061151
0 0.593339 0.541367 0.020559 0.057554
0 0.816612 0.379496 0.027960 0.050360
0 0.123766 0.141187 0.027138 0.070144
0 0.822780 0.046763 0.032072 0.061151
0 0.501234 0.682554 0.048520 0.131295
0 0.324013 0.657374 0.026316 0.070144
0 0.815378 0.904676 0.038651 0.050360
0 0.726562 0.559353 0.023849 0.050360
0 0.401727 0.694245 0.028783 0.068345
0 0.838816 0.585432 0.029605 0.055755
0 0.740543 0.773381 0.023849 0.071942
0 0.616365 0.489209 0.030428 0.057554
0 0.790296 0.482914 0.026316 0.055755
0 0.613076 0.096223 0.035362 0.077338
0 0.242188 0.225719 0.025493 0.055755
0 0.384457 0.503597 0.028783 0.057554
0 0.604441 0.164568 0.044408 0.073741
0 0.076480 0.918165 0.032895 0.080935
0 0.348684 0.755396 0.024671 0.050360
0 0.317023 0.552158 0.048520 0.086331
0 0.163651 0.037770 0.052632 0.075540
0 0.353207 0.571942 0.025493 0.053957
0 0.645559 0.895683 0.036184 0.061151
0 0.707237 0.642086 0.029605 0.061151
0 0.384868 0.390288 0.031250 0.097122
0 0.501234 0.439748 0.028783 0.070144
0 0.744655 0.136691 0.027138 0.068345
0 0.414885 0.089029 0.037007 0.088130
0 0.433799 0.851619 0.025493 0.070144
0 0.599507 0.894784 0.026316 0.059353
0 0.539885 0.919065 0.023849 0.050360
0 0.426809 0.153777 0.027961 0.052158
0 0.173520 0.271583 0.034540 0.057554
0 0.676398 0.682554 0.030428 0.066547
0 0.587993 0.629496 0.034540 0.097122
0 0.603618 0.832734 0.026316 0.053957
0 0.295230 0.261691 0.031250 0.055755
0 0.367188 0.916367 0.040296 0.088130
0 0.330181 0.111511 0.027138 0.071942
0 0.668586 0.470324 0.003289 0.012590
0 0.573602 0.489209 0.004112 0.010791
0 0.717105 0.882194 0.003289 0.008993
0 0.450247 0.587230 0.004112 0.008993
0 0.229852 0.669065 0.004112 0.010791
0 0.615954 0.322842 0.004934 0.012590
0 0.191201 0.919964 0.004112 0.008993
0 0.119655 0.278777 0.004112 0.007194
0 0.457237 0.062050 0.004934 0.008993
0 0.845806 0.399281 0.004112 0.010791
0 0.627056 0.388489 0.004112 0.010791
0 0.649260 0.600719 0.004112 0.010791
0 0.235197 0.607014 0.003289 0.012590
0 0.604852 0.715827 0.004112 0.014388
0 0.208470 0.928058 0.004112 0.010791
0 0.639803 0.504496 0.004934 0.012590
0 0.698191 0.767086 0.003289 0.008993
0 0.148438 0.873201 0.004112 0.012590
0 0.321546 0.937950 0.003289 0.008993
0 0.445312 0.886691 0.004112 0.010791
0 0.145148 0.696043 0.004112 0.010791
0 0.372122 0.284173 0.032072 0.082734
0 0.236842 0.380396 0.004934 0.016187
0 0.926398 0.568345 0.005757 0.010791
0 0.423520 0.757194 0.004934 0.010791
0 0.290296 0.729317 0.004934 0.008993
0 0.234375 0.935252 0.003289 0.010791
0 0.517270 0.530576 0.006579 0.014388
0 0.344572 0.042266 0.004934 0.012590
0 0.210526 0.473022 0.004934 0.014388
0 0.578125 0.355216 0.004934 0.012590
0 0.572780 0.381295 0.007401 0.010791
0 0.585938 0.737410 0.004112 0.017986
0 0.546053 0.069245 0.004934 0.016187
0 0.648438 0.764389 0.005757 0.010791
0 0.569490 0.439748 0.009046 0.012590
0 0.698602 0.383993 0.005757 0.012590
0 0.689556 0.050360 0.005757 0.017986
0 0.788240 0.730216 0.005757 0.017986
0 0.525493 0.532374 0.008224 0.017986
0 0.585938 0.354317 0.009046 0.014389
0 0.706003 0.906475 0.007401 0.014388
0 0.614309 0.425360 0.008224 0.019784
0 0.173520 0.192446 0.036184 0.043165
0 0.160362 0.155576 0.029605 0.073741
