0 0.584704 0.007194 0.026316 0.014389
0 0.213816 0.362410 0.008224 0.019784
0 0.599507 0.729317 0.006579 0.019784
0 0.670230 0.988309 0.021382 0.016187
0 0.217105 0.803957 0.014803 0.028777
0 0.620477 0.543165 0.007401 0.025180
0 0.584704 0.646583 0.011513 0.026978
0 0.599095 0.238309 0.013980 0.030575
0 0.501234 0.665468 0.009046 0.017986
0 0.484375 0.378597 0.009868 0.019784
0 0.385691 0.825540 0.013158 0.021583
0 0.567434 0.644784 0.013158 0.019784
0 0.325658 0.392986 0.018092 0.044964
0 0.921875 0.014389 0.021382 0.028777
0 0.626234 0.085432 0.012335 0.034173
0 0.574424 0.888489 0.018915 0.035971
0 0.661595 0.112410 0.025493 0.059353
0 0.123355 0.909173 0.034540 0.055755
0 0.212582 0.431655 0.020559 0.046763
0 0.519737 0.557554 0.027960 0.039568
0 0.424753 0.555755 0.041941 0.071942
0 0.842928 0.692446 0.023026 0.053957
0 0.420641 0.090827 0.051809 0.163669
0 0.811678 0.018885 0.026316 0.037770
0 0.260280 0.577338 0.032072 0.082734
0 0.527138 0.638489 0.026316 0.053957
0 0.601974 0.133993 0.023026 0.062950
0 0.853618 0.516187 0.024671 0.046763
0 0.517270 0.269784 0.031250 0.057554
0 0.127878 0.604317 0.078125 0.104317
0 0.096628 0.679856 0.041941 0.068345
0 0.404194 0.636691 0.023849 0.068345
0 0.599918 0.680755 0.025493 0.055755
0 0.273026 0.314748 0.037829 0.050360
0 0.165707 0.926259 0.043585 0.064748
0 0.364720 0.705036 0.028783 0.057554
0 0.238076 0.972122 0.041941 0.055755
0 0.642681 0.078237 0.023849 0.062950
0 0.597039 0.347122 0.031250 0.053957
0 0.772204 0.312050 0.032895 0.066547
0 0.490543 0.766187 0.035362 0.068345
0 0.873355 0.239209 0.039474 0.064748
0 0.663651 0.164568 0.027960 0.055755
0 0.520559 0.977518 0.023026 0.041367
0 0.524671 0.215827 0.026316 0.057554
0 0.780428 0.774281 0.023026 0.048561
0 0.515625 0.854317 0.041118 0.064748
0 0.126234 0.164568 0.032072 0.055755
0 0.550164 0.518885 0.047697 0.106115
0 0.500822 0.916367 0.021382 0.055755
0 0.231497 0.562950 0.043586 0.086331
0 0.713405 0.562950 0.043585 0.082734
0 0.112664 0.252698 0.044408 0.095324
0 0.423931 0.628597 0.020559 0.048561
0 0.614720 0.265288 0.055099 0.098921
0 0.342516 0.417266 0.032072 0.068345
0 0.657072 0.557554 0.042763 0.068345
0 0.231086 0.651978 0.026316 0.091727
0 0.378701 0.351619 0.040296 0.098921
0 0.363487 0.213129 0.031250 0.077338
0 0.632401 0.142986 0.034540 0.080935
0 0.557566 0.063849 0.034540 0.066547
0 0.385691 0.267986 0.003289 0.010791
0 0.520559 0.450540 0.003289 0.008993
0 0.591694 0.801259 0.004112 0.008993
0 0.729030 0.746403 0.004112 0.010791
0 0.169408 0.862410 0.004934 0.008993
0 0.551398 0.709532 0.004112 0.012590
0 0.857730 0.988309 0.004934 0.008993
0 0.748766 0.631295 0.004112 0.010791
0 0.325247 0.208633 0.004112 0.014388
0 0.807155 0.071043 0.004112 0.008993
0 0.677220 0.801259 0.004112 0.008993
0 0.635691 0.609712 0.003289 0.010791
0 0.298931 0.980216 0.009046 0.021583
0 0.241365 0.062950 0.004112 0.010791
0 0.195312 0.175360 0.004112 0.008993
0 0.220395 0.830935 0.004934 0.014388
0 0.620477 0.353417 0.004112 0.008993
0 0.386102 0.200540 0.005757 0.008993
0 0.672697 0.624101 0.003289 0.010791
0 0.747944 0.360611 0.004112 0.012590
0 0.300164 0.948741 0.006579 0.016187
0 0.303043 0.126799 0.004112 0.008993
0 0.619243 0.578237 0.004934 0.008993
0 0.651727 0.853417 0.004112 0.008993
0 0.716283 0.156475 0.004934 0.010791
0 0.250822 0.824640 0.004934 0.012590
0 0.549753 0.176259 0.004112 0.014388
0 0.553454 0.194245 0.004934 0.010791
0 0.724918 0.156475 0.005757 0.010791
0 0.306332 0.991906 0.007401 0.012590
0 0.253289 0.933453 0.004934 0.010791
0 0.495888 0.697842 0.004934 0.010791
0 0.634868 0.206835 0.006579 0.035971
0 0.685033 0.965827 0.004934 0.010791
0 0.610609 0.527878 0.005757 0.012590
0 0.533306 0.585432 0.004112 0.012590
0 0.731086 0.500899 0.006579 0.012590
0 0.192434 0.633993 0.004934 0.012590
0 0.472862 0.399281 0.004934 0.010791
0 0.814145 0.639389 0.004934 0.012590
0 0.289474 0.618705 0.004934 0.010791
0 0.401316 0.817446 0.004934 0.012590
0 0.700658 0.074640 0.004934 0.016187
0 0.638569 0.950540 0.004112 0.016187
0 0.558799 0.832734 0.004112 0.014388
0 0.441612 0.298561 0.004934 0.014389
0 0.722451 0.772482 0.004112 0.012590
0 0.737253 0.476619 0.005757 0.014388
0 0.658306 0.257194 0.005757 0.014389
0 0.715872 0.414568 0.005757 0.012590
0 0.568668 0.232914 0.005757 0.016187
0 0.754934 0.035971 0.008224 0.014388
0 0.564556 0.723022 0.007401 0.014388
0 0.482730 0.111511 0.008224 0.014388
0 0.465872 0.709532 0.005757 0.016187
0 0.508224 0.476619 0.006579 0.017986
0 0.391859 0.870504 0.007401 0.014388
