0 0.657895 0.276978 0.008224 0.017986
0 0.726562 0.771583 0.010691 0.021583
0 0.819901 0.615108 0.016447 0.025180
0 0.924753 0.064748 0.025493 0.050360
0 0.201069 0.853417 0.050164 0.088129
0 0.499589 0.551259 0.022204 0.052158
0 0.449013 0.770683 0.032895 0.052158
0 0.200658 0.223921 0.023026 0.062950
0 0.739309 0.550360 0.024671 0.057554
0 0.516859 0.621403 0.025493 0.052158
0 0.828947 0.976619 0.034539 0.046763
0 0.523438 0.912770 0.027138 0.048561
0 0.757401 0.376799 0.027960 0.062950
0 0.192845 0.019784 0.027138 0.039568
0 0.684622 0.161871 0.022204 0.039568
0 0.532072 0.357014 0.036184 0.052158
0 0.288240 0.651079 0.023849 0.053957
0 0.498766 0.429856 0.022204 0.046763
0 0.608964 0.059352 0.033717 0.053957
0 0.481086 0.831835 0.021382 0.052158
0 0.317434 0.124101 0.029605 0.057554
0 0.391859 0.458633 0.030428 0.053957
0 0.843339 0.654676 0.041941 0.050360
0 0.289062 0.824640 0.027138 0.048561
0 0.219161 0.071942 0.032072 0.064748
0 0.649671 0.178058 0.034540 0.082734
0 0.524260 0.707734 0.030428 0.070144
0 0.480263 0.527878 0.029605 0.059353
0 0.821135 0.346223 0.027138 0.062950
0 0.445312 0.715827 0.038651 0.061151
0 0.249178 0.074640 0.027961 0.052158
0 0.835938 0.150180 0.038651 0.052158
0 0.285362 0.864209 0.026316 0.044964
0 0.236431 0.281475 0.071546 0.116906
0 0.302632 0.460432 0.054276 0.097122
0 0.326891 0.833633 0.041941 0.080935
0 0.624589 0.653777 0.040296 0.080935
0 0.219161 0.445144 0.053454 0.077338
0 0.477385 0.752698 0.035362 0.077338
0 0.386102 0.163669 0.033717 0.086331
0 0.511102 0.870504 0.040296 0.107914
0 0.441201 0.617806 0.022204 0.062950
0 0.771793 0.534173 0.040296 0.082734
0 0.343339 0.433453 0.032072 0.097122
0 0.605263 0.173561 0.027960 0.077338
0 0.546053 0.973022 0.031250 0.053957
0 0.561266 0.522482 0.004112 0.008993
0 0.329359 0.775180 0.004112 0.010791
0 0.376645 0.977518 0.003289 0.008993
0 0.888980 0.761691 0.003289 0.008993
0 0.733141 0.398381 0.004112 0.008993
0 0.581003 0.748201 0.004112 0.010791
0 0.425164 0.642086 0.004934 0.010791
0 0.542763 0.109712 0.003289 0.010791
0 0.539062 0.414568 0.004112 0.008993
0 0.244243 0.371403 0.004934 0.012590
0 0.449013 0.464029 0.003289 0.010791
0 0.309622 0.396583 0.004112 0.008993
0 0.214638 0.562950 0.004934 0.010791
0 0.568668 0.291367 0.004112 0.010791
0 0.837171 0.090827 0.004934 0.012590
0 0.219572 0.189748 0.004934 0.012590
0 0.542352 0.896583 0.005757 0.012590
0 0.775493 0.290468 0.004934 0.008993
0 0.783306 0.147482 0.004112 0.010791
0 0.245477 0.777878 0.004112 0.008993
0 0.676809 0.104317 0.003289 0.010791
0 0.370888 0.369604 0.004934 0.012590
0 0.809622 0.237410 0.004112 0.010791
0 0.832648 0.506295 0.004112 0.019784
0 0.775082 0.422662 0.005757 0.010791
0 0.783306 0.446942 0.004112 0.012590
0 0.856086 0.224820 0.004934 0.010791
0 0.481497 0.428058 0.007401 0.014389
0 0.908717 0.822842 0.004934 0.008993
0 0.426809 0.264389 0.004934 0.010791
0 0.530428 0.080935 0.004934 0.014388
0 0.666941 0.767086 0.004934 0.012590
0 0.722862 0.700540 0.004934 0.012590
0 0.846628 0.455036 0.005757 0.014389
0 0.712582 0.207734 0.005757 0.008993
0 0.396382 0.048561 0.009868 0.017986
0 0.434211 0.178058 0.004934 0.014388
0 0.914474 0.656475 0.008224 0.014388
