0 0.667352 0.889389 0.009046 0.016187
0 0.458059 0.241007 0.013158 0.017986
0 0.322780 0.044065 0.009046 0.016187
0 0.290296 0.510791 0.016447 0.035971
0 0.248355 0.505396 0.008224 0.021583
0 0.567845 0.135791 0.012335 0.019784
0 0.666118 0.175360 0.008224 0.016187
0 0.406250 0.438849 0.008224 0.021583
0 0.565789 0.083633 0.009868 0.019784
0 0.604441 0.463129 0.008224 0.023381
0 0.381579 0.204137 0.009868 0.019784
0 0.624589 0.724820 0.012335 0.017986
0 0.677632 0.698741 0.014803 0.019784
0 0.362253 0.848921 0.010691 0.017986
0 0.647204 0.988309 0.019737 0.019784
0 0.604441 0.522482 0.009868 0.030575
0 0.166530 0.801259 0.012335 0.023381
0 0.218339 0.386691 0.012336 0.035971
0 0.555099 0.986511 0.031250 0.026978
0 0.545641 0.285971 0.012335 0.025180
0 0.501645 0.987410 0.021382 0.021583
0 0.120888 0.524281 0.014803 0.034173
0 0.625822 0.533273 0.014803 0.023381
0 0.553043 0.114209 0.015625 0.037770
0 0.526316 0.389389 0.024671 0.044964
0 0.798109 0.966727 0.040296 0.062950
0 0.586760 0.452338 0.012335 0.034173
0 0.399671 0.532374 0.024671 0.071942
0 0.803043 0.015288 0.030428 0.030575
0 0.387747 0.446043 0.028783 0.050360
0 0.268914 0.738309 0.031250 0.034173
0 0.288651 0.827338 0.029605 0.068345
0 0.381990 0.526079 0.020559 0.080935
0 0.308388 0.520683 0.031250 0.052158
0 0.503289 0.543165 0.026316 0.043166
0 0.672697 0.748201 0.024671 0.039568
0 0.689967 0.224820 0.019737 0.061151
0 0.196957 0.964029 0.032072 0.039568
0 0.392270 0.272482 0.029605 0.062950
0 0.261513 0.578237 0.026316 0.062950
0 0.249589 0.087230 0.028783 0.048561
0 0.580181 0.347122 0.025493 0.046763
0 0.648438 0.530576 0.027138 0.057554
0 0.460115 0.721223 0.025493 0.071942
0 0.716283 0.117806 0.018092 0.041367
0 0.355263 0.186151 0.026316 0.044964
0 0.673931 0.446942 0.033717 0.062950
0 0.552220 0.938849 0.018915 0.032374
0 0.478618 0.524281 0.024671 0.048561
0 0.728618 0.471223 0.024671 0.050360
0 0.714227 0.979317 0.025493 0.037770
0 0.281250 0.175360 0.077303 0.098921
0 0.594572 0.151978 0.024671 0.059352
0 0.608553 0.783273 0.029605 0.037770
0 0.640625 0.648381 0.021382 0.037770
0 0.636924 0.819245 0.020559 0.041367
0 0.310033 0.023381 0.026316 0.043166
0 0.662418 0.070144 0.015625 0.046763
0 0.518914 0.662770 0.019737 0.044964
0 0.409951 0.189748 0.033717 0.073741
0 0.245477 0.800360 0.064967 0.104317
0 0.575658 0.618705 0.024671 0.061151
0 0.835526 0.887590 0.042763 0.055755
0 0.815789 0.615108 0.036184 0.050360
0 0.162007 0.837230 0.041118 0.055755
0 0.224507 0.289568 0.019737 0.050360
0 0.647615 0.136691 0.038651 0.053957
0 0.349918 0.542266 0.027138 0.055755
0 0.670641 0.226619 0.022204 0.089928
0 0.313322 0.311151 0.041118 0.079137
0 0.489720 0.212230 0.030428 0.061151
0 0.423109 0.259892 0.037007 0.091727
0 0.670230 0.521583 0.024671 0.057554
0 0.456003 0.524281 0.023849 0.048561
0 0.467516 0.843525 0.025493 0.075540
0 0.503289 0.082734 0.034540 0.068345
0 0.828947 0.821043 0.039474 0.084532
0 0.336760 0.951439 0.025493 0.064748
0 0.178454 0.267986 0.024671 0.071942
0 0.317023 0.917266 0.028783 0.057554
0 0.304276 0.071942 0.027960 0.053957
0 0.535362 0.491906 0.027960 0.055755
0 0.475740 0.594424 0.035362 0.073741
0 0.456414 0.453237 0.044408 0.075540
0 0.202303 0.457734 0.052632 0.095324
0 0.596628 0.388489 0.041941 0.075540
0 0.608141 0.096223 0.025493 0.048561
0 0.259457 0.298561 0.027138 0.057554
0 0.695312 0.932554 0.032072 0.073741
0 0.918997 0.643885 0.037007 0.089928
0 0.642681 0.447842 0.035362 0.068345
0 0.516036 0.901079 0.041941 0.061151
0 0.083470 0.615108 0.037007 0.075540
0 0.584704 0.077338 0.026316 0.082734
0 0.704359 0.517086 0.046875 0.120504
0 0.609375 0.862410 0.029605 0.066547
0 0.475740 0.047662 0.032072 0.080935
0 0.217516 0.937050 0.004112 0.010791
0 0.841694 0.324640 0.004112 0.012590
0 0.724507 0.812050 0.004934 0.008993
0 0.186678 0.511691 0.004934 0.019784
0 0.329770 0.642986 0.003289 0.008993
0 0.664885 0.004496 0.004112 0.008993
0 0.486020 0.710432 0.003289 0.010791
0 0.603207 0.048561 0.004112 0.010791
0 0.457237 0.741007 0.016447 0.035971
0 0.239720 0.732914 0.004112 0.016187
0 0.601151 0.833633 0.008224 0.016187
0 0.678454 0.029676 0.004934 0.008993
0 0.841694 0.033273 0.004112 0.012590
0 0.701069 0.079137 0.004112 0.010791
0 0.652138 0.258094 0.004934 0.016187
0 0.467516 0.007194 0.020559 0.014389
0 0.536595 0.813849 0.004112 0.012590
0 0.359375 0.869604 0.004934 0.008993
0 0.409128 0.558453 0.007401 0.016187
0 0.336349 0.723921 0.003289 0.008993
0 0.638569 0.060252 0.004112 0.012590
0 0.597862 0.759892 0.004934 0.012590
0 0.916118 0.288669 0.004934 0.008993
0 0.679688 0.830935 0.004112 0.010791
0 0.512336 0.384892 0.006579 0.017986
0 0.600740 0.564748 0.005757 0.014388
0 0.432566 0.564748 0.004934 0.010791
0 0.569490 0.910971 0.004112 0.012590
0 0.574836 0.832734 0.004934 0.010791
0 0.314145 0.849820 0.004934 0.008993
0 0.622944 0.967626 0.004112 0.010791
0 0.189967 0.525180 0.006579 0.014388
0 0.800987 0.796763 0.004934 0.010791
0 0.689967 0.637590 0.006579 0.012590
0 0.653783 0.169065 0.006579 0.014388
0 0.358141 0.295863 0.005757 0.012590
0 0.495066 0.815647 0.004934 0.012590
0 0.456826 0.367806 0.005757 0.008993
0 0.862664 0.658273 0.004934 0.010791
0 0.603207 0.599820 0.007401 0.012590
0 0.214638 0.857014 0.004934 0.012590
0 0.546875 0.084532 0.004934 0.014388
0 0.438734 0.321942 0.005757 0.014389
0 0.170641 0.551259 0.005757 0.012590
0 0.355674 0.441547 0.005757 0.016187
0 0.609786 0.505396 0.005757 0.017986
0 0.508224 0.589029 0.008224 0.012590
0 0.597451 0.303058 0.009046 0.012590
0 0.731086 0.202338 0.008224 0.016187
0 0.447368 0.875000 0.008224 0.016187
0 0.690789 0.572842 0.008224 0.023381
0 0.359786 0.653777 0.005757 0.019784
0 0.313734 0.571942 0.007401 0.017986
