0 0.741776 0.923561 0.006579 0.016187
0 0.208059 0.012590 0.011513 0.017986
0 0.476974 0.008993 0.036184 0.017986
0 0.453536 0.628597 0.009046 0.016187
0 0.311678 0.550360 0.013158 0.021583
0 0.369655 0.656475 0.010691 0.028777
0 0.654194 0.604317 0.009046 0.025180
0 0.454770 0.719424 0.013158 0.025180
0 0.353618 0.484712 0.014803 0.030575
0 0.532484 0.988309 0.028783 0.023381
0 0.734786 0.552158 0.015625 0.046763
0 0.493010 0.984712 0.023849 0.026978
0 0.737664 0.797662 0.023026 0.034173
0 0.219984 0.307554 0.017270 0.035971
0 0.388569 0.197842 0.027138 0.050360
0 0.377056 0.253597 0.028783 0.068345
0 0.261513 0.628597 0.018092 0.052158
0 0.407072 0.548561 0.019737 0.039568
0 0.822368 0.304856 0.031250 0.041367
0 0.310444 0.402878 0.022204 0.039568
0 0.482319 0.263489 0.023849 0.055755
0 0.164474 0.472122 0.029605 0.062950
0 0.504112 0.513489 0.027960 0.044964
0 0.550164 0.168165 0.027960 0.062950
0 0.314556 0.168165 0.023849 0.059353
0 0.652549 0.024281 0.018915 0.048561
0 0.257812 0.977518 0.037007 0.044964
0 0.463816 0.578237 0.024671 0.052158
0 0.752878 0.431655 0.035362 0.057554
0 0.513158 0.117806 0.032895 0.059353
0 0.841283 0.100719 0.027960 0.064748
0 0.460526 0.504496 0.031250 0.088129
0 0.678043 0.692446 0.043585 0.075540
0 0.280016 0.834532 0.027138 0.043166
0 0.319079 0.934353 0.019737 0.044964
0 0.555099 0.976619 0.024671 0.046763
0 0.288651 0.019784 0.041118 0.039568
0 0.571546 0.873201 0.021382 0.041367
0 0.441612 0.471223 0.023026 0.061151
0 0.480674 0.928058 0.074835 0.086331
0 0.393503 0.947842 0.041941 0.071942
0 0.693257 0.621403 0.042763 0.066547
0 0.187500 0.504496 0.034540 0.080935
0 0.235197 0.387590 0.052632 0.091727
0 0.716694 0.546763 0.030428 0.071942
0 0.269737 0.510791 0.032895 0.061151
0 0.703125 0.883993 0.029605 0.066547
0 0.769326 0.480216 0.033717 0.064748
0 0.355263 0.140288 0.029605 0.057554
0 0.629112 0.086331 0.027960 0.061151
0 0.284951 0.087230 0.025493 0.073741
0 0.917763 0.523381 0.034539 0.057554
0 0.404605 0.241906 0.036184 0.062950
0 0.768503 0.386691 0.032072 0.050360
0 0.420641 0.135791 0.037007 0.073741
0 0.425576 0.187050 0.030428 0.061151
0 0.335938 0.318345 0.037007 0.050360
0 0.593750 0.068345 0.029605 0.061151
0 0.618832 0.686151 0.027138 0.070144
0 0.185444 0.035971 0.043585 0.071942
0 0.078947 0.452338 0.029605 0.066547
0 0.861431 0.204137 0.033717 0.073741
0 0.146382 0.723921 0.027960 0.055755
0 0.154194 0.955935 0.056743 0.088129
0 0.416530 0.482014 0.030428 0.064748
0 0.521382 0.868705 0.024671 0.079137
0 0.764391 0.925360 0.027138 0.073741
0 0.861842 0.818345 0.052632 0.133094
0 0.717105 0.673561 0.034540 0.080935
0 0.766036 0.807554 0.025493 0.057554
0 0.917763 0.160072 0.034539 0.079137
0 0.418586 0.854317 0.036184 0.086331
0 0.731497 0.613309 0.004112 0.010791
0 0.696135 0.147482 0.004112 0.010791
0 0.611431 0.425360 0.004112 0.012590
0 0.671053 0.116007 0.003289 0.008993
0 0.478207 0.319245 0.004112 0.008993
0 0.549342 0.755396 0.003289 0.010791
0 0.532484 0.096223 0.004112 0.012590
0 0.748355 0.955036 0.004934 0.010791
0 0.576480 0.796763 0.003289 0.010791
0 0.406250 0.572842 0.004934 0.012590
0 0.679276 0.536870 0.004934 0.008993
0 0.372122 0.032374 0.004112 0.007194
0 0.704359 0.082734 0.004112 0.010791
0 0.896382 0.771583 0.004934 0.010791
0 0.858553 0.753597 0.008224 0.014388
0 0.856086 0.646583 0.004934 0.008993
0 0.657484 0.912770 0.005757 0.012590
0 0.767270 0.995504 0.004934 0.008993
0 0.690789 0.914568 0.004934 0.008993
0 0.589227 0.009892 0.004112 0.012590
0 0.673931 0.589928 0.004112 0.014388
0 0.683799 0.237410 0.004112 0.010791
0 0.836349 0.690647 0.004934 0.010791
0 0.473684 0.993705 0.004934 0.008993
0 0.557566 0.032374 0.004934 0.010791
0 0.383224 0.761691 0.006579 0.026978
0 0.562500 0.782374 0.004934 0.010791
0 0.672697 0.414568 0.004934 0.008993
0 0.472862 0.816547 0.004934 0.014388
0 0.322368 0.045863 0.006579 0.008993
0 0.387336 0.692446 0.004934 0.010791
0 0.599095 0.350719 0.007401 0.010791
0 0.633224 0.490108 0.006579 0.037770
0 0.647204 0.451439 0.004934 0.010791
0 0.296875 0.991906 0.018092 0.008993
0 0.593339 0.927158 0.004112 0.016187
0 0.597039 0.156475 0.004934 0.017986
0 0.187500 0.791367 0.004934 0.010791
0 0.751234 0.990108 0.004112 0.012590
0 0.109786 0.991007 0.030428 0.017986
0 0.212171 0.762590 0.008224 0.010791
0 0.570312 0.007194 0.005757 0.014389
0 0.681332 0.890288 0.005757 0.014388
0 0.460115 0.741007 0.004112 0.014388
0 0.697368 0.180755 0.004934 0.012590
0 0.495888 0.661870 0.004934 0.014388
0 0.428043 0.071942 0.009046 0.010791
0 0.351151 0.425360 0.006579 0.012590
0 0.739720 0.147482 0.007401 0.010791
0 0.315378 0.691547 0.007401 0.012590
0 0.397615 0.901079 0.005757 0.014388
0 0.845806 0.005396 0.020559 0.010791
0 0.725329 0.258094 0.004934 0.019784
0 0.678865 0.059353 0.005757 0.014388
0 0.616776 0.870504 0.004934 0.017986
0 0.288651 0.945144 0.009868 0.012590
