0 0.792352 0.009892 0.020559 0.019784
0 0.841694 0.537770 0.012336 0.021583
0 0.443257 0.378597 0.009868 0.026978
0 0.122533 0.011691 0.018092 0.023381
0 0.761513 0.410971 0.009868 0.019784
0 0.578947 0.733813 0.011513 0.028777
0 0.322780 0.111511 0.012336 0.028777
0 0.706826 0.012590 0.017270 0.025180
0 0.852796 0.142986 0.037829 0.044964
0 0.537829 0.898381 0.018092 0.034173
0 0.426809 0.198741 0.036184 0.062950
0 0.731497 0.875000 0.017270 0.044964
0 0.611431 0.065647 0.025493 0.059353
0 0.667352 0.768885 0.038651 0.044964
0 0.673520 0.884892 0.060855 0.093525
0 0.224095 0.422662 0.027138 0.057554
0 0.378701 0.174460 0.018914 0.071942
0 0.469572 0.281475 0.032895 0.041367
0 0.337171 0.878597 0.031250 0.044964
0 0.488487 0.980216 0.018092 0.039568
0 0.277138 0.135791 0.021382 0.041367
0 0.771793 0.434353 0.028783 0.055755
0 0.699424 0.062050 0.032072 0.084532
0 0.269737 0.964029 0.060855 0.071942
0 0.307977 0.129496 0.023849 0.050360
0 0.723684 0.224820 0.060855 0.086331
0 0.712582 0.863309 0.025493 0.082734
0 0.317023 0.386691 0.027138 0.046763
0 0.351562 0.760791 0.056743 0.111511
0 0.648026 0.048561 0.021382 0.057554
0 0.694490 0.305755 0.030428 0.046763
0 0.247122 0.116007 0.033717 0.059352
0 0.426809 0.925360 0.023026 0.044964
0 0.582237 0.582734 0.023026 0.057554
0 0.651727 0.169964 0.037007 0.088130
0 0.306332 0.182554 0.017270 0.052158
0 0.753289 0.557554 0.041118 0.089928
0 0.560033 0.955036 0.024671 0.064748
0 0.165707 0.893885 0.066612 0.089928
0 0.868421 0.359712 0.023026 0.046763
0 0.587582 0.514389 0.035362 0.068345
0 0.597862 0.289568 0.024671 0.064748
0 0.353618 0.934353 0.047697 0.102518
0 0.459293 0.190647 0.032072 0.122302
0 0.148026 0.557554 0.042763 0.082734
0 0.765625 0.694245 0.026316 0.050360
0 0.616365 0.659173 0.028783 0.059353
0 0.466694 0.368705 0.028783 0.057554
0 0.492599 0.229317 0.042763 0.073741
0 0.479852 0.119604 0.022204 0.070144
0 0.925164 0.373201 0.050987 0.084532
0 0.658717 0.810252 0.032895 0.062950
0 0.724918 0.326439 0.030428 0.073741
0 0.430099 0.447842 0.042763 0.093525
0 0.543586 0.224820 0.031250 0.071942
0 0.619243 0.785971 0.047697 0.093525
0 0.283306 0.046763 0.038651 0.089928
0 0.180921 0.792266 0.003289 0.008993
0 0.621711 0.890288 0.003289 0.007194
0 0.707648 0.949640 0.004112 0.010791
0 0.131168 0.033273 0.005757 0.012590
0 0.480263 0.828237 0.003289 0.008993
0 0.739720 0.758993 0.004112 0.010791
0 0.247533 0.527878 0.003289 0.012590
0 0.536595 0.465827 0.004112 0.010791
0 0.673520 0.023381 0.003289 0.010791
0 0.256579 0.388489 0.004934 0.010791
0 0.525082 0.977518 0.004112 0.008993
0 0.522615 0.895683 0.004112 0.010791
0 0.329359 0.062050 0.004112 0.008993
0 0.699424 0.509892 0.004112 0.016187
0 0.155016 0.817446 0.004112 0.008993
0 0.450658 0.500899 0.003289 0.012590
0 0.502878 0.117806 0.004112 0.008993
0 0.596628 0.871403 0.004112 0.012590
0 0.522615 0.074640 0.004112 0.008993
0 0.638158 0.991906 0.004934 0.012590
0 0.520148 0.570144 0.005757 0.010791
0 0.321135 0.289568 0.004112 0.010791
0 0.676809 0.487410 0.003289 0.014388
0 0.407895 0.299460 0.004934 0.012590
0 0.198191 0.667266 0.004934 0.010791
0 0.534951 0.941547 0.004112 0.012590
0 0.277138 0.545863 0.006579 0.008993
0 0.435033 0.015288 0.003289 0.012590
0 0.872122 0.848921 0.004112 0.010791
0 0.120477 0.294964 0.005757 0.010791
0 0.665707 0.061151 0.005757 0.014388
0 0.552632 0.571043 0.004934 0.012590
0 0.724918 0.026079 0.007401 0.012590
0 0.619655 0.582734 0.005757 0.010791
0 0.775082 0.816547 0.007401 0.021583
0 0.760691 0.982014 0.004934 0.010791
0 0.238076 0.516187 0.005757 0.014388
0 0.446135 0.014389 0.007401 0.014389
0 0.439967 0.882194 0.004934 0.012590
0 0.773438 0.099820 0.007401 0.016187
0 0.884457 0.937050 0.005757 0.014388
