0 0.600740 0.725719 0.007401 0.016187
0 0.581826 0.953237 0.012335 0.021583
0 0.518503 0.061151 0.010691 0.017986
0 0.643092 0.535072 0.009868 0.023381
0 0.444901 0.491007 0.011513 0.028777
0 0.799342 0.829137 0.024671 0.050360
0 0.568668 0.955036 0.013980 0.032374
0 0.076069 0.254496 0.028783 0.055755
0 0.528372 0.213129 0.017270 0.030575
0 0.236842 0.909173 0.031250 0.055755
0 0.547697 0.439748 0.016447 0.034173
0 0.389803 0.714029 0.016447 0.043166
0 0.587171 0.914568 0.019737 0.052158
0 0.916941 0.926259 0.023026 0.053957
0 0.662829 0.571043 0.023026 0.059353
0 0.523849 0.416367 0.023026 0.052158
0 0.388158 0.830935 0.027961 0.057554
0 0.529194 0.666367 0.028783 0.055755
0 0.438322 0.321942 0.026316 0.061151
0 0.888158 0.641187 0.029605 0.055755
0 0.497122 0.305755 0.040296 0.068345
0 0.732730 0.256295 0.027960 0.059353
0 0.616776 0.977518 0.031250 0.044964
0 0.772615 0.803957 0.032072 0.053957
0 0.266036 0.675360 0.030428 0.059353
0 0.842516 0.578237 0.032072 0.055755
0 0.308799 0.821942 0.041941 0.068345
0 0.440378 0.768885 0.023849 0.059353
0 0.527549 0.597122 0.045230 0.082734
0 0.703536 0.035971 0.027138 0.050360
0 0.239720 0.964029 0.038651 0.071942
0 0.411184 0.330935 0.026316 0.057554
0 0.140214 0.434353 0.038651 0.070144
0 0.851562 0.412770 0.033717 0.062950
0 0.340872 0.599820 0.020559 0.048561
0 0.229441 0.723921 0.032895 0.062950
0 0.777961 0.276978 0.054276 0.082734
0 0.719984 0.874101 0.020559 0.050360
0 0.758224 0.147482 0.059210 0.107914
0 0.868421 0.047662 0.036184 0.062950
0 0.724507 0.713130 0.036184 0.062950
0 0.739309 0.783273 0.029605 0.041367
0 0.685444 0.286871 0.023849 0.055755
0 0.182566 0.507194 0.036184 0.068345
0 0.192434 0.809353 0.026316 0.053957
0 0.669819 0.636691 0.023849 0.057554
0 0.319901 0.287770 0.037829 0.071942
0 0.618421 0.912770 0.049342 0.070144
0 0.722862 0.975719 0.032895 0.044964
0 0.458059 0.969424 0.042763 0.061151
0 0.306743 0.693345 0.050987 0.106115
0 0.910362 0.031475 0.049342 0.062950
0 0.822780 0.767986 0.025493 0.057554
0 0.846217 0.330935 0.047697 0.079137
0 0.796053 0.080935 0.041118 0.104317
0 0.497122 0.458633 0.033717 0.079137
0 0.293174 0.941547 0.038651 0.070144
0 0.635691 0.205935 0.023026 0.055755
0 0.132812 0.857014 0.056743 0.109712
0 0.651727 0.731115 0.028783 0.080935
0 0.239720 0.029676 0.041941 0.059353
0 0.700247 0.674460 0.033717 0.075540
0 0.381579 0.243705 0.042763 0.095324
0 0.463816 0.553058 0.004934 0.008993
0 0.664062 0.887590 0.004112 0.008993
0 0.130345 0.081835 0.004112 0.008993
0 0.569901 0.190647 0.003289 0.007194
0 0.576891 0.819245 0.007401 0.012590
0 0.427220 0.994604 0.009046 0.007194
0 0.639391 0.017986 0.004112 0.010791
0 0.799342 0.671763 0.003289 0.008993
0 0.553454 0.618705 0.004934 0.014388
0 0.746711 0.846223 0.003289 0.008993
0 0.278783 0.807554 0.003289 0.010791
0 0.591694 0.164568 0.004112 0.008993
0 0.086760 0.910971 0.005757 0.008993
0 0.665707 0.190647 0.004112 0.010791
0 0.673931 0.267086 0.005757 0.012590
0 0.519737 0.369604 0.003289 0.008993
0 0.173109 0.149281 0.004112 0.010791
0 0.578125 0.668165 0.003289 0.012590
0 0.678865 0.507194 0.004112 0.010791
0 0.622122 0.777878 0.004112 0.008993
0 0.323191 0.433453 0.004934 0.010791
0 0.340872 0.002698 0.010691 0.005396
0 0.632401 0.145683 0.004934 0.010791
0 0.098684 0.504496 0.004934 0.008993
0 0.453536 0.901978 0.004112 0.008993
0 0.876234 0.789568 0.004112 0.010791
0 0.514391 0.871403 0.004112 0.016187
0 0.472039 0.880396 0.003289 0.012590
0 0.702714 0.989209 0.004112 0.010791
0 0.305099 0.991906 0.013158 0.012590
0 0.433799 0.833633 0.004112 0.008993
0 0.565789 0.987410 0.004934 0.014388
0 0.415707 0.809353 0.004112 0.010791
0 0.512747 0.705036 0.009046 0.014388
0 0.616365 0.170863 0.004112 0.014388
0 0.060855 0.248201 0.004934 0.021583
0 0.175987 0.925360 0.006579 0.016187
0 0.199424 0.783273 0.005757 0.012590
0 0.604030 0.776978 0.004112 0.010791
0 0.423109 0.008094 0.005757 0.012590
0 0.563734 0.450540 0.007401 0.019784
0 0.552632 0.884892 0.004934 0.010791
0 0.488076 0.541367 0.005757 0.014388
0 0.458059 0.015288 0.004934 0.016187
0 0.536184 0.032374 0.004934 0.014388
0 0.437089 0.120504 0.005757 0.017986
