0 0.715872 0.990108 0.015625 0.012590
0 0.739309 0.588130 0.008224 0.017986
0 0.680510 0.250899 0.010691 0.023381
0 0.409539 0.990108 0.016447 0.016187
0 0.578125 0.568345 0.014803 0.032374
0 0.901316 0.583633 0.014803 0.030575
0 0.453947 0.011691 0.024671 0.023381
0 0.827714 0.375899 0.013980 0.025180
0 0.787007 0.692446 0.023026 0.061151
0 0.833059 0.442446 0.021382 0.028777
0 0.333470 0.605216 0.032072 0.044964
0 0.815378 0.854317 0.022204 0.053957
0 0.778783 0.749101 0.041118 0.066547
0 0.298109 0.743705 0.028783 0.055755
0 0.374178 0.422662 0.031250 0.057554
0 0.624178 0.168165 0.023026 0.062950
0 0.308799 0.078237 0.023849 0.052158
0 0.374178 0.872302 0.026316 0.057554
0 0.377878 0.824640 0.025493 0.041367
0 0.352385 0.358813 0.038651 0.059352
0 0.481497 0.758094 0.046875 0.145683
0 0.506990 0.755396 0.022204 0.053957
0 0.368421 0.501799 0.026316 0.053957
0 0.743421 0.767086 0.031250 0.044964
0 0.875411 0.446043 0.043586 0.064748
0 0.354030 0.884892 0.022204 0.050360
0 0.763569 0.696043 0.027138 0.053957
0 0.297697 0.606115 0.031250 0.093525
0 0.806743 0.241906 0.031250 0.059353
0 0.928865 0.467626 0.025493 0.050360
0 0.504934 0.693345 0.024671 0.048561
0 0.215461 0.243705 0.065789 0.084532
0 0.687089 0.372302 0.028783 0.068345
0 0.261102 0.270683 0.027138 0.062950
0 0.557977 0.588130 0.038651 0.071942
0 0.318257 0.449640 0.044408 0.107914
0 0.589227 0.535072 0.027138 0.055755
0 0.533306 0.195144 0.027138 0.052158
0 0.404605 0.588130 0.041118 0.089928
0 0.223273 0.102518 0.051809 0.082734
0 0.654194 0.303957 0.032072 0.071942
0 0.243010 0.943345 0.050165 0.095324
0 0.325247 0.867806 0.027138 0.091727
0 0.516447 0.255396 0.039474 0.086331
0 0.793174 0.573741 0.037007 0.061151
0 0.210526 0.799460 0.042763 0.088129
0 0.537829 0.464928 0.050987 0.102518
0 0.272615 0.508993 0.068257 0.169065
0 0.496711 0.318345 0.039474 0.071942
0 0.560855 0.752698 0.024671 0.055755
0 0.490954 0.466727 0.041118 0.106115
0 0.266447 0.330935 0.032895 0.079137
0 0.596217 0.769784 0.003289 0.010791
0 0.238076 0.838130 0.004112 0.010791
0 0.196546 0.386691 0.006579 0.017986
0 0.473273 0.387590 0.004112 0.012590
0 0.248355 0.157374 0.003289 0.008993
0 0.725740 0.675360 0.004112 0.008993
0 0.230674 0.682554 0.004112 0.008993
0 0.457237 0.159173 0.003289 0.012590
0 0.558388 0.135791 0.004934 0.008993
0 0.789885 0.861511 0.004112 0.007194
0 0.133635 0.662770 0.004112 0.008993
0 0.808388 0.708633 0.003289 0.010791
0 0.342516 0.017986 0.004112 0.010791
0 0.743010 0.419065 0.004112 0.010791
0 0.682566 0.896583 0.004934 0.008993
0 0.486842 0.214928 0.003289 0.008993
0 0.790707 0.366007 0.004112 0.008993
0 0.531661 0.351619 0.004112 0.012590
0 0.653372 0.839928 0.004112 0.007194
0 0.731497 0.848022 0.004112 0.008993
0 0.649671 0.779676 0.004934 0.008993
0 0.859786 0.062050 0.005757 0.012590
0 0.444901 0.907374 0.004934 0.008993
0 0.553865 0.859712 0.004112 0.010791
0 0.478618 0.196942 0.004934 0.008993
0 0.379112 0.719424 0.004934 0.010791
0 0.740543 0.825540 0.004112 0.010791
0 0.404194 0.737410 0.004112 0.010791
0 0.156250 0.594424 0.006579 0.012590
0 0.683799 0.017986 0.005757 0.010791
0 0.189556 0.464928 0.007401 0.019784
0 0.602385 0.832734 0.005757 0.014388
0 0.677220 0.212230 0.004112 0.014388
0 0.356908 0.053957 0.004934 0.010791
0 0.090872 0.252698 0.005757 0.016187
0 0.644326 0.040468 0.005757 0.016187
0 0.840049 0.985611 0.007401 0.010791
