0 0.620066 0.410971 0.009868 0.016187
0 0.361431 0.240108 0.009046 0.019784
0 0.597039 0.046763 0.008224 0.021583
0 0.904605 0.756295 0.009868 0.023381
0 0.691201 0.265288 0.009046 0.023381
0 0.601974 0.007194 0.014803 0.014389
0 0.724507 0.354317 0.011513 0.021583
0 0.526316 0.510791 0.011513 0.025180
0 0.539474 0.158273 0.011513 0.025180
0 0.202714 0.779676 0.017270 0.030575
0 0.275082 0.500899 0.025493 0.052158
0 0.278372 0.298561 0.013980 0.025180
0 0.174342 0.499101 0.023026 0.037770
0 0.225329 0.965827 0.027960 0.064748
0 0.864720 0.197842 0.025493 0.053957
0 0.625822 0.777878 0.026316 0.037770
0 0.572368 0.171763 0.026316 0.044964
0 0.451891 0.800360 0.028783 0.068345
0 0.099507 0.312950 0.031250 0.089928
0 0.522615 0.750000 0.027138 0.046763
0 0.518503 0.877698 0.017270 0.039568
0 0.264391 0.025180 0.051809 0.050360
0 0.710115 0.442446 0.023849 0.050360
0 0.199424 0.696043 0.028783 0.064748
0 0.512747 0.933453 0.033717 0.075540
0 0.650905 0.019784 0.040296 0.039568
0 0.555921 0.908273 0.027960 0.043166
0 0.660773 0.065647 0.023849 0.044964
0 0.328536 0.069245 0.020559 0.037770
0 0.519326 0.163669 0.020559 0.039568
0 0.666530 0.734712 0.030428 0.044964
0 0.203947 0.528777 0.027961 0.057554
0 0.853618 0.540468 0.039474 0.066547
0 0.694079 0.502698 0.023026 0.052158
0 0.553865 0.388489 0.025493 0.046763
0 0.491365 0.875000 0.033717 0.055755
0 0.468750 0.660971 0.034540 0.048561
0 0.421875 0.845324 0.037829 0.050360
0 0.421053 0.267986 0.027961 0.050360
0 0.546053 0.981115 0.023026 0.037770
0 0.288240 0.919065 0.028783 0.039568
0 0.344984 0.422662 0.023849 0.057554
0 0.392681 0.196043 0.028783 0.050360
0 0.588816 0.250899 0.031250 0.070144
0 0.131990 0.961331 0.030428 0.055755
0 0.451480 0.234712 0.026316 0.055755
0 0.712171 0.151978 0.049342 0.073741
0 0.689556 0.762590 0.028783 0.064748
0 0.162829 0.670863 0.026316 0.050360
0 0.385691 0.357914 0.024671 0.057554
0 0.175164 0.813849 0.029605 0.066547
0 0.687911 0.622302 0.028783 0.057554
0 0.243421 0.381295 0.046053 0.079137
0 0.419819 0.964029 0.027138 0.050360
0 0.580592 0.797662 0.024671 0.059353
0 0.224095 0.670863 0.037007 0.064748
0 0.379934 0.114209 0.023026 0.055755
0 0.590049 0.190647 0.028783 0.050360
0 0.637336 0.383094 0.027960 0.071942
0 0.668174 0.884892 0.028783 0.050360
0 0.481086 0.553058 0.026316 0.066547
0 0.548109 0.232014 0.038651 0.075540
0 0.507401 0.196043 0.026316 0.050360
0 0.416941 0.328237 0.027961 0.062950
0 0.875411 0.650180 0.035362 0.073741
0 0.293586 0.346223 0.055921 0.106115
0 0.255757 0.860611 0.003289 0.008993
0 0.654605 0.152878 0.003289 0.010791
0 0.377878 0.035971 0.004112 0.010791
0 0.428865 0.451439 0.004112 0.010791
0 0.583470 0.551259 0.004112 0.008993
0 0.358964 0.946942 0.004112 0.008993
0 0.664474 0.669964 0.003289 0.008993
0 0.642681 0.178957 0.004112 0.016187
0 0.418997 0.181655 0.004112 0.007194
0 0.541530 0.939748 0.004112 0.012590
0 0.780839 0.969424 0.004112 0.010791
0 0.828947 0.496403 0.003289 0.010791
0 0.823602 0.263489 0.004112 0.008993
0 0.600329 0.722122 0.004934 0.008993
0 0.556332 0.339029 0.004112 0.008993
0 0.631579 0.090827 0.003289 0.012590
0 0.372122 0.510791 0.004112 0.010791
0 0.314556 0.404676 0.004112 0.010791
0 0.560444 0.881295 0.004112 0.014388
0 0.893503 0.578237 0.004112 0.012590
0 0.528372 0.598921 0.004112 0.010791
0 0.852385 0.394784 0.004112 0.012590
0 0.606908 0.467626 0.004934 0.010791
0 0.536184 0.579137 0.003289 0.014388
0 0.451891 0.060252 0.005757 0.008993
0 0.687089 0.101619 0.004112 0.008993
0 0.425576 0.569245 0.004112 0.012590
0 0.348273 0.696942 0.004112 0.008993
0 0.638569 0.864209 0.004112 0.008993
0 0.224918 0.081835 0.005757 0.012590
0 0.198602 0.049460 0.005757 0.012590
0 0.556332 0.281475 0.007401 0.016187
0 0.734375 0.720324 0.004934 0.012590
0 0.429688 0.284173 0.012335 0.021583
0 0.539474 0.688849 0.006579 0.007194
0 0.442434 0.360611 0.003289 0.012590
0 0.374589 0.864209 0.004112 0.008993
0 0.647615 0.817446 0.004112 0.008993
0 0.643092 0.703237 0.003289 0.014388
0 0.814556 0.176259 0.004112 0.014388
0 0.416530 0.219424 0.005757 0.010791
0 0.392270 0.993705 0.009868 0.008993
0 0.681332 0.150180 0.005757 0.012590
0 0.208470 0.642986 0.007401 0.016187
0 0.420641 0.616007 0.005757 0.012590
0 0.469572 0.318345 0.004934 0.014389
0 0.486842 0.139388 0.004934 0.012590
0 0.253289 0.482014 0.009868 0.032374
0 0.391859 0.874101 0.004112 0.014388
0 0.192023 0.439748 0.007401 0.012590
0 0.668997 0.097122 0.007401 0.014388
0 0.713816 0.345324 0.006579 0.010791
0 0.444490 0.314748 0.007401 0.014389
0 0.354441 0.882194 0.006579 0.012590
0 0.407484 0.752698 0.007401 0.016187
0 0.557566 0.463129 0.006579 0.016187
0 0.427220 0.659173 0.005757 0.012590
0 0.318668 0.474820 0.005757 0.017986
