0 0.704359 0.445144 0.007401 0.016187
0 0.565378 0.238309 0.007401 0.019784
0 0.391036 0.513489 0.009046 0.016187
0 0.750411 0.580935 0.013980 0.021583
0 0.895970 0.873201 0.012336 0.019784
0 0.730263 0.021583 0.016447 0.028777
0 0.156661 0.016187 0.022204 0.032374
0 0.592105 0.226619 0.018092 0.032374
0 0.760691 0.880396 0.032895 0.062950
0 0.774260 0.504496 0.027138 0.055755
0 0.528783 0.800360 0.014803 0.035971
0 0.739309 0.770683 0.026316 0.052158
0 0.616776 0.652878 0.029605 0.061151
0 0.186266 0.841727 0.022204 0.061151
0 0.256579 0.692446 0.019737 0.050360
0 0.877878 0.257194 0.033717 0.064748
0 0.812911 0.588130 0.081414 0.111511
0 0.234375 0.020683 0.039474 0.041367
0 0.445724 0.192446 0.024671 0.039568
0 0.842928 0.737410 0.023026 0.050360
0 0.590049 0.704137 0.023849 0.044964
0 0.696135 0.914568 0.032072 0.062950
0 0.333882 0.542266 0.027960 0.055755
0 0.249589 0.356115 0.055099 0.129496
0 0.892681 0.529676 0.032072 0.052158
0 0.238898 0.908273 0.033717 0.061151
0 0.269737 0.256295 0.023026 0.059353
0 0.514391 0.598921 0.032072 0.064748
0 0.549342 0.615108 0.041118 0.068345
0 0.695312 0.798561 0.033717 0.064748
0 0.420230 0.492806 0.023026 0.050360
0 0.814967 0.925360 0.027960 0.052158
0 0.648026 0.696942 0.023026 0.048561
0 0.139391 0.812050 0.025493 0.055755
0 0.151316 0.073741 0.041118 0.086331
0 0.628289 0.777878 0.024671 0.044964
0 0.344984 0.963130 0.030428 0.070144
0 0.669408 0.634892 0.027960 0.057554
0 0.428454 0.671763 0.039474 0.080935
0 0.803454 0.684353 0.031250 0.070144
0 0.541530 0.917266 0.028783 0.057554
0 0.890214 0.407374 0.035362 0.070144
0 0.742188 0.853417 0.032072 0.077338
0 0.620888 0.134892 0.039474 0.086331
0 0.463405 0.569245 0.037007 0.095324
0 0.431743 0.883094 0.047697 0.079137
0 0.317023 0.602518 0.043585 0.093525
0 0.560444 0.301259 0.033717 0.062950
0 0.587993 0.653777 0.032895 0.062950
0 0.579770 0.116007 0.036184 0.077338
0 0.307155 0.687050 0.004112 0.007194
0 0.349918 0.866007 0.004112 0.008993
0 0.178865 0.641187 0.004112 0.012590
0 0.240543 0.741007 0.004112 0.007194
0 0.466694 0.258993 0.004112 0.010791
0 0.297286 0.160971 0.004112 0.008993
0 0.722862 0.164568 0.003289 0.008993
0 0.366776 0.833633 0.003289 0.008993
0 0.366776 0.864209 0.004934 0.008993
0 0.342105 0.098022 0.003289 0.008993
0 0.569901 0.932554 0.004934 0.008993
0 0.804688 0.044065 0.004112 0.008993
0 0.228618 0.264389 0.003289 0.010791
0 0.476974 0.719424 0.003289 0.010791
0 0.427220 0.350719 0.007401 0.017986
0 0.339227 0.724820 0.004112 0.010791
0 0.434622 0.530576 0.004112 0.010791
0 0.925987 0.346223 0.004934 0.012590
0 0.258635 0.229317 0.007401 0.016187
0 0.923931 0.108813 0.005757 0.034173
