0 0.706414 0.594424 0.011513 0.019784
0 0.585115 0.812050 0.010691 0.026978
0 0.747533 0.919065 0.009868 0.017986
0 0.320312 0.017986 0.041941 0.035971
0 0.743832 0.518885 0.012335 0.023381
0 0.746711 0.679856 0.009868 0.017986
0 0.837993 0.036871 0.011513 0.030575
0 0.749589 0.643885 0.012335 0.021583
0 0.699836 0.173561 0.024671 0.059352
0 0.795230 0.114209 0.011513 0.026978
0 0.319079 0.047662 0.037829 0.052158
0 0.812911 0.370504 0.013980 0.028777
0 0.737253 0.714029 0.012335 0.032374
0 0.617188 0.260791 0.015625 0.032374
0 0.677220 0.718525 0.027138 0.048561
0 0.185855 0.978417 0.041118 0.035971
0 0.071546 0.227518 0.024671 0.044964
0 0.884868 0.116007 0.029605 0.052158
0 0.475329 0.632194 0.041118 0.052158
0 0.759457 0.892086 0.028783 0.035971
0 0.909951 0.869604 0.041941 0.059353
0 0.366776 0.539568 0.024671 0.050360
0 0.457237 0.017986 0.021382 0.035971
0 0.748766 0.480216 0.020559 0.039568
0 0.425987 0.762590 0.024671 0.057554
0 0.332237 0.457734 0.024671 0.062950
0 0.225329 0.650180 0.026316 0.037770
0 0.852385 0.768885 0.041941 0.055755
0 0.579770 0.766187 0.031250 0.061151
0 0.206826 0.834532 0.025493 0.046763
0 0.609786 0.980216 0.023849 0.035971
0 0.733964 0.595324 0.020559 0.046763
0 0.859375 0.064748 0.041118 0.115108
0 0.652961 0.933453 0.024671 0.064748
0 0.502467 0.976619 0.034540 0.043165
0 0.250822 0.116007 0.046053 0.098921
0 0.750411 0.549460 0.027138 0.066547
0 0.582648 0.084532 0.028783 0.061151
0 0.555099 0.085432 0.032895 0.062950
0 0.380757 0.196942 0.029605 0.052158
0 0.264803 0.948741 0.034539 0.044964
0 0.676398 0.464029 0.028783 0.061151
0 0.802220 0.322842 0.028783 0.059352
0 0.667352 0.975719 0.037007 0.044964
0 0.372122 0.860611 0.041941 0.073741
0 0.631990 0.121403 0.022204 0.066547
0 0.425987 0.869604 0.032895 0.070144
0 0.548109 0.227518 0.058388 0.098921
0 0.722862 0.191547 0.032895 0.059352
0 0.655839 0.337230 0.027138 0.059352
0 0.429688 0.659173 0.055099 0.095324
0 0.189967 0.426259 0.034540 0.089928
0 0.600329 0.127698 0.026316 0.046763
0 0.644737 0.733813 0.046053 0.079137
0 0.859786 0.571942 0.064967 0.122302
0 0.715461 0.792266 0.027960 0.055755
0 0.615543 0.398381 0.025493 0.044964
0 0.758224 0.607914 0.026316 0.050360
0 0.293586 0.466727 0.052632 0.095324
0 0.280016 0.037770 0.033717 0.068345
0 0.684622 0.564748 0.043585 0.093525
0 0.656661 0.639389 0.033717 0.066547
0 0.306743 0.702338 0.064145 0.109712
0 0.542352 0.738309 0.038651 0.098921
0 0.724918 0.840827 0.028783 0.048561
0 0.368421 0.259892 0.003289 0.008993
0 0.220395 0.499101 0.004934 0.008993
0 0.212582 0.471223 0.005757 0.010791
0 0.604441 0.839928 0.003289 0.007194
0 0.491776 0.778777 0.003289 0.010791
0 0.259457 0.434353 0.004112 0.012590
0 0.594161 0.024281 0.004112 0.008993
0 0.361020 0.182554 0.003289 0.008993
0 0.539885 0.608813 0.004112 0.008993
0 0.328947 0.213129 0.003289 0.008993
0 0.381579 0.578237 0.004934 0.008993
0 0.554276 0.892086 0.003289 0.007194
0 0.697780 0.502698 0.005757 0.012590
0 0.288651 0.213129 0.003289 0.012590
0 0.412418 0.541367 0.005757 0.014388
0 0.778783 0.950540 0.003289 0.008993
0 0.870066 0.818345 0.004934 0.007194
0 0.405839 0.286871 0.004112 0.012590
0 0.296464 0.131295 0.004112 0.010791
0 0.553043 0.611511 0.005757 0.010791
0 0.261924 0.766187 0.004112 0.010791
0 0.457237 0.381295 0.006579 0.010791
0 0.381579 0.257194 0.004934 0.010791
0 0.226974 0.194245 0.003289 0.010791
0 0.437500 0.071942 0.004934 0.014388
0 0.455592 0.245504 0.004934 0.012590
0 0.832648 0.696043 0.004112 0.010791
0 0.060444 0.232014 0.005757 0.032374
0 0.804688 0.270683 0.005757 0.016187
0 0.750822 0.006295 0.021382 0.012590
