0 0.775493 0.082734 0.008224 0.014388
0 0.644326 0.008993 0.025493 0.017986
0 0.320312 0.990108 0.010691 0.016187
0 0.192434 0.989209 0.019737 0.017986
0 0.365954 0.988309 0.016447 0.023381
0 0.758635 0.428957 0.010691 0.023381
0 0.888980 0.223921 0.014803 0.026978
0 0.070724 0.211331 0.013158 0.030575
0 0.737664 0.967626 0.021382 0.046763
0 0.490543 0.061151 0.020559 0.032374
0 0.573602 0.037770 0.040296 0.075540
0 0.807977 0.984712 0.030428 0.030576
0 0.803043 0.565647 0.013980 0.034173
0 0.875822 0.722122 0.034539 0.048561
0 0.465872 0.550360 0.027138 0.043166
0 0.644326 0.651079 0.025493 0.028777
0 0.821135 0.369604 0.018915 0.037770
0 0.791530 0.375899 0.020559 0.035971
0 0.324424 0.767086 0.018914 0.037770
0 0.699424 0.029676 0.023849 0.059353
0 0.451891 0.906475 0.023849 0.061151
0 0.441612 0.745504 0.027960 0.048561
0 0.144737 0.326439 0.024671 0.052158
0 0.334704 0.339928 0.026316 0.046763
0 0.819079 0.017986 0.024671 0.035971
0 0.775493 0.914568 0.024671 0.044964
0 0.323191 0.842626 0.021382 0.037770
0 0.898026 0.045863 0.042763 0.066547
0 0.413651 0.391187 0.037829 0.066547
0 0.742188 0.681655 0.023849 0.061151
0 0.458059 0.721223 0.029605 0.061151
0 0.668586 0.666367 0.026316 0.041367
0 0.279194 0.170863 0.041941 0.061151
0 0.328536 0.293165 0.030428 0.053957
0 0.389391 0.032374 0.028783 0.064748
0 0.696957 0.126799 0.023849 0.052158
0 0.182566 0.914568 0.023026 0.070144
0 0.665707 0.290468 0.027138 0.041367
0 0.133635 0.909173 0.027138 0.044964
0 0.631990 0.586331 0.023849 0.043166
0 0.776727 0.598022 0.025493 0.048561
0 0.459293 0.072842 0.027138 0.062950
0 0.789885 0.776079 0.037007 0.066547
0 0.270148 0.035971 0.032072 0.064748
0 0.755345 0.361511 0.030428 0.057554
0 0.707648 0.283273 0.027138 0.062950
0 0.211349 0.862410 0.046053 0.066547
0 0.545641 0.187050 0.032072 0.064748
0 0.673109 0.382194 0.051809 0.116906
0 0.797697 0.623201 0.024671 0.062950
0 0.258635 0.667266 0.025493 0.050360
0 0.222451 0.450540 0.037007 0.084532
0 0.291941 0.338129 0.039474 0.111511
0 0.513158 0.247302 0.047697 0.131295
0 0.733553 0.579137 0.044408 0.082734
0 0.097040 0.325540 0.050987 0.064748
0 0.284539 0.640288 0.029605 0.053957
0 0.607730 0.619604 0.029605 0.080935
0 0.266447 0.815647 0.031250 0.073741
0 0.467105 0.772482 0.029605 0.070144
0 0.762747 0.821942 0.032072 0.064748
0 0.843750 0.052158 0.032895 0.079137
0 0.363076 0.344424 0.035362 0.095324
0 0.479852 0.598921 0.050165 0.107914
0 0.703947 0.892986 0.003289 0.008993
0 0.368421 0.011691 0.004934 0.012590
0 0.387336 0.126799 0.003289 0.008993
0 0.530839 0.696942 0.004112 0.008993
0 0.305921 0.972122 0.003289 0.008993
0 0.540296 0.503597 0.004934 0.010791
0 0.429276 0.309353 0.003289 0.010791
0 0.726974 0.992806 0.013158 0.010791
0 0.358141 0.773381 0.004112 0.010791
0 0.521382 0.920863 0.003289 0.010791
0 0.365954 0.177158 0.004934 0.008993
0 0.730263 0.062950 0.004934 0.010791
0 0.107730 0.857914 0.003289 0.010791
0 0.729030 0.293165 0.004112 0.010791
0 0.538240 0.302158 0.005757 0.010791
0 0.695724 0.381295 0.008224 0.025180
0 0.504523 0.804856 0.004112 0.008993
0 0.443257 0.632194 0.003289 0.012590
0 0.665707 0.543165 0.004112 0.014388
0 0.245066 0.089029 0.004934 0.012590
0 0.803865 0.662770 0.007401 0.008993
0 0.516859 0.065647 0.005757 0.023381
0 0.434211 0.857014 0.004934 0.016187
