0 0.673931 0.538669 0.007401 0.019784
0 0.413240 0.823741 0.007401 0.017986
0 0.223684 0.008993 0.019737 0.017986
0 0.709704 0.008993 0.011513 0.017986
0 0.771382 0.423561 0.008224 0.019784
0 0.604852 0.856115 0.009046 0.021583
0 0.776316 0.508993 0.008224 0.021583
0 0.643092 0.833633 0.009868 0.019784
0 0.673931 0.053058 0.013980 0.023381
0 0.349095 0.810252 0.013980 0.019784
0 0.521382 0.854317 0.011513 0.025180
0 0.576480 0.613309 0.011513 0.028777
0 0.800164 0.661870 0.016447 0.032374
0 0.714638 0.538669 0.013158 0.023381
0 0.779194 0.012590 0.032072 0.025180
0 0.343339 0.984712 0.030428 0.030576
0 0.588816 0.117806 0.029605 0.059353
0 0.724507 0.230216 0.029605 0.039568
0 0.755345 0.162770 0.012335 0.034173
0 0.575247 0.880396 0.027138 0.066547
0 0.072780 0.650180 0.028783 0.066547
0 0.340872 0.127698 0.022204 0.061151
0 0.415707 0.524281 0.022204 0.037770
0 0.326480 0.196942 0.041118 0.077338
0 0.516447 0.909173 0.014803 0.030575
0 0.914885 0.869604 0.041941 0.073741
0 0.341694 0.017086 0.030428 0.034173
0 0.817023 0.678058 0.023849 0.039568
0 0.682155 0.187950 0.032072 0.062950
0 0.563734 0.981115 0.030428 0.037770
0 0.454770 0.785971 0.021382 0.053957
0 0.338405 0.341727 0.023849 0.064748
0 0.560855 0.932554 0.026316 0.059353
0 0.254112 0.491007 0.034540 0.057554
0 0.472039 0.853417 0.023026 0.048561
0 0.438734 0.819245 0.028783 0.041367
0 0.462582 0.162770 0.058388 0.084532
0 0.358141 0.913669 0.028783 0.053957
0 0.910773 0.382194 0.027138 0.048561
0 0.361842 0.133993 0.027961 0.073741
0 0.380345 0.517086 0.033717 0.066547
0 0.387747 0.380396 0.023849 0.059352
0 0.273438 0.132194 0.035362 0.044964
0 0.631990 0.325540 0.020559 0.050360
0 0.832237 0.461331 0.019737 0.055755
0 0.541941 0.090827 0.023026 0.044964
0 0.523849 0.767986 0.032895 0.071942
0 0.921875 0.812950 0.029605 0.053957
0 0.771382 0.073741 0.036184 0.061151
0 0.876645 0.780576 0.031250 0.068345
0 0.607730 0.351619 0.039474 0.059352
0 0.703947 0.176259 0.024671 0.057554
0 0.730674 0.495504 0.025493 0.052158
0 0.628701 0.216727 0.025493 0.044964
0 0.235197 0.037770 0.027961 0.050360
0 0.286595 0.841727 0.027138 0.046763
0 0.773026 0.940647 0.060855 0.118705
0 0.622122 0.155576 0.027138 0.052158
0 0.370066 0.636691 0.034539 0.061151
0 0.247533 0.672662 0.059211 0.104317
0 0.240954 0.957734 0.057566 0.084532
0 0.615543 0.913669 0.027138 0.064748
0 0.568668 0.176259 0.055099 0.111511
0 0.654194 0.138489 0.035362 0.118705
0 0.454770 0.262590 0.036184 0.097122
0 0.194490 0.044964 0.046875 0.089928
0 0.707648 0.277878 0.027138 0.077338
0 0.522204 0.214029 0.003289 0.010791
0 0.316612 0.536870 0.004934 0.008993
0 0.173109 0.795863 0.004112 0.008993
0 0.492188 0.837230 0.004112 0.008993
0 0.826069 0.873201 0.004112 0.008993
0 0.604441 0.654676 0.003289 0.010791
0 0.633635 0.437050 0.004112 0.010791
0 0.561266 0.834532 0.004112 0.014388
0 0.430921 0.913669 0.003289 0.010791
0 0.582648 0.767086 0.004112 0.008993
0 0.348273 0.474820 0.004112 0.014388
0 0.214638 0.379496 0.006579 0.010791
0 0.380757 0.890288 0.004934 0.010791
0 0.347862 0.698741 0.003289 0.012590
0 0.493832 0.723921 0.004112 0.008993
0 0.408306 0.248201 0.004112 0.010791
0 0.649260 0.400180 0.004112 0.012590
0 0.398026 0.826439 0.003289 0.008993
0 0.297286 0.248201 0.004112 0.010791
0 0.233553 0.219424 0.004934 0.010791
0 0.347451 0.052158 0.005757 0.014389
0 0.448602 0.501799 0.004112 0.010791
0 0.277138 0.545863 0.004934 0.008993
0 0.485197 0.902878 0.004934 0.010791
0 0.450658 0.402878 0.004934 0.014389
0 0.645559 0.721223 0.008224 0.035971
0 0.665707 0.382194 0.005757 0.008993
0 0.428865 0.991007 0.005757 0.010791
0 0.785773 0.113309 0.007401 0.014388
0 0.901316 0.105216 0.006579 0.012590
0 0.650905 0.566547 0.005757 0.017986
0 0.362664 0.203237 0.006579 0.010791
0 0.668174 0.970324 0.004112 0.012590
0 0.682977 0.661870 0.005757 0.017986
0 0.058388 0.657374 0.009868 0.048561
