0 0.663651 0.857914 0.009868 0.021583
0 0.301398 0.008094 0.032072 0.016187
0 0.585938 0.008094 0.012335 0.016187
0 0.543997 0.747302 0.010691 0.019784
0 0.446957 0.852518 0.010691 0.028777
0 0.657895 0.683453 0.009868 0.017986
0 0.810855 0.082734 0.011513 0.021583
0 0.843339 0.955036 0.013980 0.017986
0 0.246299 0.424460 0.012336 0.021583
0 0.489309 0.294065 0.013158 0.030575
0 0.544408 0.719424 0.013158 0.028777
0 0.054688 0.351619 0.022204 0.088129
0 0.437911 0.088130 0.015625 0.028777
0 0.772204 0.829137 0.013158 0.021583
0 0.799753 0.920863 0.015625 0.025180
0 0.486842 0.365108 0.024671 0.068345
0 0.630757 0.573741 0.014803 0.021583
0 0.256579 0.773381 0.016447 0.028777
0 0.314556 0.195144 0.010691 0.034173
0 0.484375 0.593525 0.014803 0.025180
0 0.696546 0.486511 0.013158 0.030575
0 0.645559 0.978417 0.014803 0.028777
0 0.137747 0.092626 0.030428 0.037770
0 0.662829 0.223022 0.016447 0.032374
0 0.523438 0.416367 0.027138 0.052158
0 0.280428 0.513489 0.023026 0.044964
0 0.614309 0.901978 0.032895 0.041367
0 0.785773 0.665468 0.028783 0.057554
0 0.177220 0.962230 0.053454 0.075540
0 0.083882 0.020683 0.032895 0.041367
0 0.199424 0.016187 0.025493 0.032374
0 0.314556 0.840827 0.020559 0.037770
0 0.856908 0.550360 0.036184 0.064748
0 0.645559 0.946043 0.024671 0.043165
0 0.453125 0.026978 0.044408 0.053957
0 0.624178 0.115108 0.029605 0.068345
0 0.852796 0.364209 0.027961 0.052158
0 0.401727 0.282374 0.040296 0.122302
0 0.141036 0.497302 0.032072 0.055755
0 0.592105 0.800360 0.029605 0.061151
0 0.587171 0.478417 0.026316 0.053957
0 0.390625 0.360611 0.029605 0.062950
0 0.496299 0.458633 0.027138 0.064748
0 0.598684 0.560252 0.029605 0.073741
0 0.080592 0.358813 0.037829 0.102518
0 0.162007 0.548561 0.041118 0.082734
0 0.876645 0.515288 0.036184 0.059353
0 0.450658 0.592626 0.021382 0.066547
0 0.132401 0.271583 0.031250 0.050360
0 0.795230 0.285971 0.026316 0.043166
0 0.741365 0.817446 0.050165 0.066547
0 0.441612 0.491906 0.027960 0.048561
0 0.840872 0.310252 0.028783 0.048561
0 0.217105 0.353417 0.041118 0.055755
0 0.177632 0.848921 0.039474 0.061151
0 0.781661 0.446942 0.023849 0.041367
0 0.196546 0.201439 0.041118 0.079137
0 0.843750 0.616007 0.027961 0.062950
0 0.416118 0.693345 0.032895 0.055755
0 0.227796 0.557554 0.031250 0.057554
0 0.206003 0.447842 0.027138 0.057554
0 0.763158 0.615108 0.041118 0.089928
0 0.169408 0.802158 0.031250 0.050360
0 0.823191 0.401978 0.027960 0.059352
0 0.672697 0.314748 0.026316 0.053957
0 0.369243 0.196942 0.019737 0.059353
0 0.621299 0.829137 0.045230 0.089928
0 0.504112 0.204137 0.031250 0.059352
0 0.216694 0.868705 0.041941 0.075540
0 0.728207 0.750000 0.035362 0.086331
0 0.587993 0.235612 0.024671 0.050360
0 0.507812 0.346223 0.023849 0.052158
0 0.571957 0.765288 0.032072 0.055755
0 0.424753 0.975719 0.027138 0.044964
0 0.705181 0.127698 0.038651 0.064748
0 0.700247 0.218525 0.061678 0.106115
0 0.553043 0.669065 0.028783 0.071942
0 0.552632 0.865108 0.027960 0.079137
0 0.606908 0.723921 0.034540 0.073741
0 0.696135 0.330935 0.030428 0.053957
0 0.394737 0.118705 0.032895 0.075540
0 0.371711 0.321942 0.032895 0.079137
0 0.446546 0.299460 0.031250 0.091727
0 0.418586 0.844424 0.037829 0.088129
0 0.761513 0.128597 0.004934 0.008993
0 0.363898 0.897482 0.004112 0.007194
0 0.040707 0.327338 0.007401 0.039568
0 0.759457 0.044964 0.004112 0.010791
0 0.866365 0.441547 0.004112 0.008993
0 0.762747 0.222122 0.004112 0.008993
0 0.742599 0.033273 0.003289 0.008993
0 0.900905 0.968525 0.004112 0.008993
0 0.623355 0.004496 0.003289 0.008993
0 0.356497 0.835432 0.004112 0.012590
0 0.609375 0.987410 0.004934 0.014388
0 0.601151 0.632194 0.004934 0.008993
0 0.719161 0.991906 0.004112 0.012590
0 0.593750 0.618705 0.004934 0.010791
0 0.476562 0.565647 0.004112 0.012590
0 0.559211 0.077338 0.004934 0.010791
0 0.537007 0.070144 0.003289 0.010791
0 0.540707 0.579137 0.004112 0.010791
0 0.623766 0.388489 0.004112 0.014389
0 0.201891 0.508993 0.004112 0.010791
0 0.716694 0.623201 0.004112 0.008993
0 0.622122 0.432554 0.004112 0.012590
0 0.701069 0.913669 0.004112 0.010791
0 0.605263 0.373201 0.003289 0.012590
0 0.569490 0.448741 0.004112 0.012590
0 0.813322 0.350719 0.004934 0.010791
0 0.649260 0.679856 0.004112 0.014388
0 0.267681 0.061151 0.005757 0.010791
0 0.814556 0.699640 0.004112 0.014388
0 0.652138 0.267086 0.004934 0.012590
0 0.444079 0.691547 0.006579 0.012590
0 0.562089 0.198741 0.007401 0.012590
0 0.405016 0.506295 0.005757 0.012590
0 0.229852 0.141187 0.005757 0.012590
0 0.522204 0.607914 0.004934 0.010791
0 0.522615 0.678058 0.004112 0.014388
0 0.495888 0.830935 0.006579 0.010791
0 0.860609 0.028777 0.005757 0.014389
0 0.542763 0.290468 0.004934 0.012590
0 0.767681 0.428957 0.007401 0.012590
0 0.662418 0.606115 0.005757 0.014388
0 0.338816 0.354317 0.008224 0.010791
0 0.659128 0.911870 0.005757 0.014388
0 0.636924 0.026978 0.005757 0.017986
0 0.168997 0.122302 0.005757 0.014389
0 0.477796 0.487410 0.008224 0.017986
0 0.345806 0.005396 0.015625 0.010791
0 0.619655 0.524281 0.007401 0.012590
0 0.354441 0.879496 0.006579 0.021583
0 0.784951 0.831835 0.007401 0.012590
0 0.534951 0.687950 0.010691 0.026978
