0 0.721628 0.269784 0.009046 0.017986
0 0.200658 0.373201 0.009868 0.026978
0 0.343750 0.989209 0.016447 0.017986
0 0.720806 0.987410 0.017270 0.021583
0 0.854441 0.615108 0.013158 0.021583
0 0.650905 0.080036 0.012335 0.026978
0 0.642681 0.111511 0.010691 0.028777
0 0.292352 0.966727 0.013980 0.034173
0 0.519326 0.670863 0.013980 0.043166
0 0.698191 0.484712 0.019737 0.044964
0 0.907072 0.094424 0.032895 0.044964
0 0.922697 0.067446 0.029605 0.052158
0 0.101562 0.857014 0.022204 0.052158
0 0.243832 0.543165 0.022204 0.046763
0 0.238487 0.112410 0.050987 0.102518
0 0.301398 0.176259 0.027138 0.046763
0 0.431332 0.741007 0.032072 0.046763
0 0.756579 0.255396 0.024671 0.043166
0 0.079359 0.959532 0.040296 0.077338
0 0.286595 0.136691 0.048520 0.079137
0 0.511924 0.711331 0.032072 0.041367
0 0.557566 0.500899 0.034540 0.048561
0 0.474918 0.100719 0.022204 0.046763
0 0.178454 0.678058 0.027960 0.057554
0 0.830592 0.579137 0.032895 0.061151
0 0.472039 0.513489 0.023026 0.070144
0 0.433799 0.792266 0.048520 0.062950
0 0.865954 0.506295 0.027961 0.044964
0 0.716694 0.861511 0.032072 0.046763
0 0.490543 0.052158 0.060033 0.075540
0 0.868010 0.741906 0.025493 0.052158
0 0.370477 0.456835 0.032072 0.071942
0 0.573191 0.114209 0.018092 0.048561
0 0.817023 0.035971 0.028783 0.064748
0 0.380757 0.590827 0.019737 0.041367
0 0.740132 0.889389 0.034540 0.048561
0 0.583470 0.972122 0.038651 0.055755
0 0.789062 0.372302 0.038651 0.071942
0 0.234786 0.217626 0.025493 0.050360
0 0.832648 0.794964 0.032072 0.057554
0 0.319079 0.108813 0.023026 0.066547
0 0.443668 0.879496 0.038651 0.064748
0 0.571957 0.887590 0.023849 0.055755
0 0.786184 0.630396 0.019737 0.044964
0 0.595395 0.807554 0.023026 0.064748
0 0.240954 0.732014 0.042763 0.071942
0 0.515214 0.410072 0.028783 0.057554
0 0.583882 0.464029 0.027960 0.064748
0 0.588405 0.032374 0.040296 0.064748
0 0.392270 0.483813 0.031250 0.071942
0 0.363076 0.951439 0.033717 0.068345
0 0.285362 0.645683 0.052632 0.082734
0 0.457648 0.259892 0.043585 0.084532
0 0.337993 0.244604 0.031250 0.057554
0 0.356497 0.173561 0.025493 0.077338
0 0.780428 0.287770 0.034540 0.075540
0 0.499178 0.133094 0.039474 0.082734
0 0.539474 0.650180 0.031250 0.095324
0 0.258635 0.839029 0.043585 0.116906
0 0.609375 0.674460 0.050987 0.118705
0 0.381168 0.037770 0.028783 0.075540
0 0.880757 0.234712 0.003289 0.008993
0 0.476151 0.891187 0.003289 0.008993
0 0.568668 0.791367 0.004112 0.010791
0 0.885691 0.436151 0.003289 0.008993
0 0.221628 0.478417 0.004112 0.010791
0 0.791530 0.605216 0.004112 0.008993
0 0.456414 0.989209 0.003289 0.010791
0 0.630345 0.182554 0.004112 0.008993
0 0.386924 0.381295 0.004112 0.010791
0 0.523026 0.213129 0.004934 0.008993
0 0.685855 0.370504 0.003289 0.010791
0 0.216694 0.598022 0.004112 0.012590
0 0.785773 0.765288 0.004112 0.012590
0 0.691201 0.883094 0.004112 0.010791
0 0.546464 0.398381 0.004112 0.008993
0 0.667763 0.991007 0.003289 0.010791
0 0.340049 0.040468 0.004112 0.008993
0 0.470806 0.191547 0.004112 0.012590
0 0.522204 0.093525 0.004934 0.010791
0 0.823602 0.426259 0.004112 0.010791
0 0.557977 0.081835 0.004112 0.008993
0 0.463405 0.957734 0.004112 0.008993
0 0.842105 0.637590 0.004934 0.008993
0 0.334293 0.900180 0.004112 0.008993
0 0.277138 0.399281 0.004934 0.014389
0 0.824424 0.302158 0.004112 0.010791
0 0.417352 0.144784 0.005757 0.008993
0 0.671053 0.187950 0.003289 0.012590
0 0.751645 0.459532 0.008224 0.008993
0 0.497122 0.215827 0.004112 0.010791
0 0.603618 0.871403 0.003289 0.012590
0 0.269737 0.372302 0.004934 0.010791
0 0.882812 0.598921 0.004112 0.010791
0 0.800164 0.187050 0.004934 0.010791
0 0.466283 0.799460 0.004934 0.008993
0 0.615543 0.245504 0.004112 0.008993
0 0.474918 0.599820 0.005757 0.008993
0 0.151316 0.513489 0.008224 0.012590
0 0.680510 0.448741 0.007401 0.012590
0 0.486431 0.008993 0.017270 0.017986
0 0.343339 0.861511 0.004112 0.010791
0 0.058799 0.960432 0.009046 0.075540
0 0.746711 0.725719 0.006579 0.012590
0 0.672697 0.633094 0.006579 0.014388
