0 0.784951 0.582734 0.007401 0.021583
0 0.551398 0.966727 0.010691 0.019784
0 0.676398 0.207734 0.007401 0.016187
0 0.059210 0.329137 0.011513 0.039568
0 0.667763 0.474820 0.009868 0.028777
0 0.821546 0.571043 0.009868 0.019784
0 0.620477 0.540468 0.010691 0.023381
0 0.728207 0.456835 0.009046 0.021583
0 0.709293 0.437950 0.010691 0.019784
0 0.427220 0.760791 0.040296 0.064748
0 0.669819 0.746403 0.010691 0.021583
0 0.442023 0.668165 0.010691 0.026978
0 0.554688 0.987410 0.023849 0.021583
0 0.168586 0.811151 0.011513 0.021583
0 0.597862 0.592626 0.009868 0.019784
0 0.574424 0.166367 0.013980 0.026978
0 0.637747 0.599820 0.013980 0.026978
0 0.924342 0.716727 0.024671 0.062950
0 0.862253 0.446942 0.022204 0.062950
0 0.686266 0.118705 0.025493 0.046763
0 0.584704 0.527878 0.024671 0.041367
0 0.908717 0.116007 0.036184 0.044964
0 0.264391 0.801259 0.032072 0.059353
0 0.502056 0.365108 0.033717 0.057554
0 0.077303 0.338129 0.034540 0.068345
0 0.327303 0.099820 0.019737 0.037770
0 0.312089 0.769784 0.020559 0.050360
0 0.784539 0.054856 0.026316 0.034173
0 0.624178 0.688849 0.032895 0.093525
0 0.347451 0.200540 0.043585 0.070144
0 0.512747 0.882194 0.033717 0.055755
0 0.362253 0.354317 0.027138 0.035971
0 0.718750 0.614209 0.023026 0.048561
0 0.308388 0.294964 0.023026 0.043166
0 0.578125 0.131295 0.026316 0.046763
0 0.421464 0.473022 0.025493 0.053957
0 0.671464 0.062050 0.017270 0.037770
0 0.528372 0.506295 0.038651 0.113309
0 0.570312 0.678957 0.032072 0.048561
0 0.629934 0.974820 0.026316 0.050360
0 0.720395 0.092626 0.023026 0.044964
0 0.807977 0.901079 0.023849 0.039568
0 0.719572 0.820144 0.026316 0.043166
0 0.546464 0.026079 0.027138 0.052158
0 0.141859 0.811151 0.028783 0.053957
0 0.527138 0.639389 0.027960 0.055755
0 0.877056 0.647482 0.025493 0.053957
0 0.309622 0.250899 0.027138 0.052158
0 0.361842 0.782374 0.024671 0.086331
0 0.270559 0.338129 0.052632 0.082734
0 0.897204 0.738309 0.024671 0.048561
0 0.893503 0.439748 0.028783 0.062950
0 0.244655 0.975719 0.023849 0.044964
0 0.292352 0.380396 0.053454 0.098921
0 0.658306 0.124101 0.022204 0.053957
0 0.745477 0.618705 0.022204 0.061151
0 0.450247 0.917266 0.035362 0.097122
0 0.761924 0.155576 0.035362 0.066547
0 0.605674 0.973022 0.027138 0.050360
0 0.458059 0.071942 0.029605 0.050360
0 0.405839 0.728417 0.046875 0.093525
0 0.691612 0.684353 0.024671 0.052158
0 0.263158 0.435252 0.032895 0.061151
0 0.277549 0.549460 0.030428 0.059353
0 0.313734 0.516187 0.032072 0.068345
0 0.457648 0.169065 0.055099 0.082734
0 0.470806 0.236511 0.035362 0.059353
0 0.571135 0.574640 0.033717 0.059353
0 0.422697 0.232014 0.034539 0.086331
0 0.251234 0.754496 0.028783 0.055755
0 0.720395 0.523381 0.031250 0.071942
0 0.416941 0.821043 0.027961 0.059353
0 0.581414 0.058453 0.023026 0.066547
0 0.565789 0.480216 0.044408 0.075540
0 0.478207 0.762590 0.035362 0.086331
0 0.118010 0.324640 0.050165 0.098921
0 0.244655 0.244604 0.053454 0.133094
0 0.196135 0.263489 0.004112 0.008993
0 0.841283 0.828237 0.003289 0.008993
0 0.493010 0.457734 0.004112 0.012590
0 0.756990 0.653777 0.004112 0.012590
0 0.163240 0.119604 0.004112 0.016187
0 0.623766 0.952338 0.005757 0.016187
0 0.208470 0.700540 0.004112 0.008993
0 0.850329 0.666367 0.004934 0.008993
0 0.603618 0.558453 0.004934 0.012590
0 0.460938 0.007194 0.028783 0.014389
0 0.143092 0.125000 0.004934 0.008993
0 0.752467 0.546763 0.006579 0.014388
0 0.276727 0.843525 0.004112 0.010791
0 0.755757 0.085432 0.003289 0.012590
0 0.422697 0.775180 0.031250 0.046763
0 0.620477 0.880396 0.004112 0.012590
0 0.268914 0.661870 0.004934 0.010791
0 0.723273 0.586331 0.005757 0.014388
0 0.325247 0.005396 0.004112 0.010791
0 0.690378 0.160971 0.004112 0.012590
0 0.755345 0.481115 0.005757 0.012590
0 0.194901 0.325540 0.004934 0.010791
0 0.732730 0.571942 0.004934 0.010791
0 0.306332 0.589029 0.005757 0.012590
0 0.384457 0.275180 0.005757 0.010791
0 0.650082 0.872302 0.007401 0.017986
0 0.681743 0.631295 0.004934 0.010791
0 0.404194 0.850719 0.004112 0.014388
0 0.174753 0.141187 0.009046 0.026978
0 0.687911 0.560252 0.005757 0.012590
0 0.149671 0.153777 0.006579 0.008993
0 0.438322 0.750000 0.019737 0.043166
0 0.214638 0.773381 0.004934 0.014388
0 0.574013 0.204137 0.006579 0.012590
0 0.677632 0.971223 0.008224 0.014388
0 0.795230 0.019784 0.008224 0.017986
