0 0.485609 0.972122 0.005757 0.008993
0 0.754523 0.480216 0.012335 0.017986
0 0.333882 0.744604 0.008224 0.017986
0 0.376645 0.987410 0.018092 0.025180
0 0.756168 0.736511 0.015625 0.023381
0 0.611020 0.984712 0.024671 0.026978
0 0.704770 0.172662 0.014803 0.035971
0 0.643503 0.981115 0.017270 0.037770
0 0.786595 0.120504 0.022204 0.050360
0 0.687089 0.767986 0.022204 0.064748
0 0.220395 0.435252 0.036184 0.053957
0 0.372944 0.084532 0.030428 0.035971
0 0.287829 0.795863 0.023026 0.055755
0 0.305099 0.896583 0.027960 0.059352
0 0.414885 0.017986 0.025493 0.035971
0 0.405839 0.330036 0.037007 0.062950
0 0.578125 0.461331 0.026316 0.062950
0 0.261102 0.321043 0.040296 0.070144
0 0.485609 0.335432 0.035362 0.088129
0 0.820724 0.022482 0.026316 0.044964
0 0.406250 0.124101 0.026316 0.043166
0 0.612664 0.329137 0.024671 0.046763
0 0.679276 0.112410 0.031250 0.062950
0 0.699424 0.860611 0.030428 0.055755
0 0.403372 0.219424 0.025493 0.043165
0 0.589638 0.892986 0.042763 0.062950
0 0.693668 0.571043 0.022204 0.048561
0 0.269326 0.274281 0.037007 0.062950
0 0.283306 0.436151 0.023849 0.052158
0 0.150905 0.818345 0.035362 0.071942
0 0.794819 0.823741 0.041941 0.082734
0 0.424342 0.383094 0.041118 0.064748
0 0.217516 0.383993 0.041941 0.059352
0 0.306332 0.472122 0.027138 0.048561
0 0.845806 0.035072 0.040296 0.059353
0 0.679688 0.632194 0.025493 0.048561
0 0.667352 0.877698 0.025493 0.053957
0 0.185855 0.674460 0.031250 0.068345
0 0.229441 0.748201 0.026316 0.061151
0 0.381579 0.851619 0.031250 0.055755
0 0.435855 0.431655 0.037829 0.071942
0 0.411595 0.953237 0.025493 0.043165
0 0.526316 0.028777 0.021382 0.050360
0 0.387747 0.760791 0.025493 0.050360
0 0.626234 0.843525 0.041941 0.068345
0 0.716694 0.142086 0.027138 0.061151
0 0.840049 0.821942 0.033717 0.068345
0 0.664474 0.478417 0.026316 0.057554
0 0.532072 0.133094 0.031250 0.071942
0 0.155016 0.742806 0.043585 0.071942
0 0.446546 0.950540 0.031250 0.055755
0 0.487664 0.931655 0.032895 0.071942
0 0.123355 0.866007 0.039474 0.066547
0 0.420230 0.088129 0.026316 0.053957
0 0.888569 0.294065 0.028783 0.044964
0 0.093750 0.939748 0.052632 0.077338
0 0.384046 0.646583 0.026316 0.077338
0 0.658306 0.145683 0.032072 0.075540
0 0.584704 0.962230 0.027960 0.071942
0 0.533717 0.593525 0.031250 0.086331
0 0.460526 0.598022 0.034540 0.080935
0 0.429688 0.820144 0.025493 0.079137
0 0.149671 0.190647 0.036184 0.089928
0 0.419819 0.260791 0.041941 0.079137
0 0.806332 0.769784 0.041941 0.089928
0 0.290296 0.630396 0.034540 0.073741
0 0.831826 0.216727 0.060033 0.095324
0 0.430099 0.175360 0.044408 0.091727
0 0.719161 0.821043 0.037007 0.080935
0 0.329359 0.607014 0.002467 0.008993
0 0.561678 0.792266 0.004934 0.016187
0 0.527138 0.681655 0.003289 0.010791
0 0.770559 0.554856 0.003289 0.008993
0 0.770148 0.803957 0.005757 0.010791
0 0.219984 0.125899 0.004112 0.017986
0 0.528783 0.373201 0.004934 0.008993
0 0.205181 0.750899 0.004112 0.008993
0 0.578947 0.022482 0.004934 0.008993
0 0.782072 0.585432 0.004934 0.008993
0 0.539474 0.791367 0.004934 0.010791
0 0.774260 0.887590 0.004112 0.012590
0 0.737253 0.482014 0.004112 0.010791
0 0.444079 0.256295 0.004934 0.012590
0 0.659128 0.045863 0.004112 0.012590
0 0.669408 0.772482 0.008224 0.012590
0 0.234375 0.489209 0.004934 0.010791
0 0.362664 0.990108 0.004934 0.012590
0 0.368010 0.660072 0.005757 0.014388
0 0.495888 0.284173 0.004934 0.017986
0 0.574013 0.558453 0.004934 0.012590
0 0.763158 0.059353 0.004934 0.010791
0 0.637747 0.161871 0.005757 0.014388
0 0.227385 0.562950 0.005757 0.017986
0 0.210938 0.538669 0.005757 0.012590
0 0.510280 0.310252 0.004112 0.016187
0 0.535773 0.250899 0.005757 0.012590
0 0.659128 0.976619 0.005757 0.017986
0 0.729030 0.078237 0.005757 0.016187
0 0.800576 0.563849 0.005757 0.016187
0 0.354441 0.939748 0.006579 0.012590
0 0.258635 0.941547 0.005757 0.012590
0 0.645559 0.503597 0.006579 0.014388
0 0.524260 0.497302 0.005757 0.016187
0 0.569901 0.050360 0.004934 0.021583
0 0.353618 0.144784 0.006579 0.019784
0 0.354030 0.274281 0.005757 0.019784
0 0.482730 0.785072 0.008224 0.019784
