0 0.662829 0.571942 0.006579 0.017986
0 0.291530 0.542266 0.010691 0.019784
0 0.421875 0.551259 0.011513 0.019784
0 0.467928 0.074640 0.009868 0.023381
0 0.236431 0.553058 0.010691 0.023381
0 0.643503 0.109712 0.009046 0.021583
0 0.274671 0.332734 0.013158 0.046763
0 0.725740 0.910072 0.050165 0.107914
0 0.473684 0.415468 0.014803 0.032374
0 0.701069 0.145683 0.037007 0.053957
0 0.723684 0.638489 0.037829 0.050360
0 0.851151 0.310252 0.041118 0.062950
0 0.399260 0.337230 0.022204 0.052158
0 0.317434 0.934353 0.018092 0.030575
0 0.699424 0.981115 0.033717 0.034173
0 0.057155 0.348022 0.013980 0.066547
0 0.401727 0.113309 0.020559 0.050360
0 0.550164 0.934353 0.023026 0.055755
0 0.263158 0.803058 0.027961 0.052158
0 0.165707 0.976619 0.022204 0.039568
0 0.339638 0.908273 0.026316 0.050360
0 0.776727 0.446942 0.030428 0.052158
0 0.318668 0.457734 0.027138 0.052158
0 0.198602 0.959532 0.048520 0.077338
0 0.303865 0.581835 0.020559 0.052158
0 0.263980 0.756295 0.019737 0.044964
0 0.832237 0.975719 0.024671 0.037770
0 0.460938 0.150180 0.025493 0.034173
0 0.286184 0.602518 0.019737 0.050360
0 0.379112 0.135791 0.032895 0.048561
0 0.639803 0.339928 0.027960 0.071942
0 0.403783 0.407374 0.032895 0.055755
0 0.924753 0.816547 0.051809 0.061151
0 0.710938 0.831835 0.037007 0.059353
0 0.173109 0.653777 0.025493 0.044964
0 0.165296 0.079137 0.024671 0.050360
0 0.358553 0.322842 0.018092 0.041367
0 0.866776 0.630396 0.029605 0.066547
0 0.499589 0.575540 0.028783 0.061151
0 0.077303 0.632194 0.027960 0.062950
0 0.674342 0.977518 0.021382 0.041367
0 0.438322 0.571043 0.029605 0.059353
0 0.297286 0.023381 0.037007 0.046763
0 0.744243 0.566547 0.019737 0.046763
0 0.807566 0.184353 0.026316 0.055755
0 0.557566 0.749101 0.023026 0.048561
0 0.182566 0.027878 0.027960 0.055755
0 0.769326 0.094424 0.020559 0.055755
0 0.200658 0.616906 0.026316 0.053957
0 0.099918 0.187050 0.040296 0.057554
0 0.493832 0.850719 0.027138 0.050360
0 0.590461 0.305755 0.032895 0.053957
0 0.363076 0.858813 0.030428 0.070144
0 0.729030 0.035072 0.025493 0.066547
0 0.302220 0.354317 0.055099 0.151079
0 0.178043 0.741007 0.041941 0.089928
0 0.764391 0.028777 0.028783 0.057554
0 0.771382 0.221223 0.029605 0.046763
0 0.323191 0.166367 0.032895 0.070144
0 0.332237 0.250899 0.019737 0.052158
0 0.268503 0.554856 0.035362 0.062950
0 0.906250 0.276079 0.049342 0.070144
0 0.810033 0.786870 0.029605 0.052158
0 0.780428 0.280576 0.055921 0.089928
0 0.594161 0.852518 0.025493 0.050360
0 0.088816 0.352518 0.055921 0.093525
0 0.414885 0.931655 0.032072 0.053957
0 0.419408 0.140288 0.027961 0.053957
0 0.746299 0.696043 0.048520 0.075540
0 0.618010 0.032374 0.033717 0.064748
0 0.169408 0.553058 0.046053 0.102518
0 0.343339 0.135791 0.020559 0.070144
0 0.106908 0.078237 0.032895 0.066547
0 0.458470 0.298561 0.045230 0.064748
0 0.758635 0.812950 0.051809 0.093525
0 0.719572 0.423561 0.059210 0.102518
0 0.717105 0.294964 0.036184 0.082734
0 0.558799 0.861511 0.033717 0.068345
0 0.576069 0.452338 0.058388 0.102518
0 0.558799 0.223921 0.028783 0.073741
0 0.477796 0.787770 0.034540 0.104317
0 0.404194 0.756295 0.004112 0.008993
0 0.203536 0.297662 0.004112 0.008993
0 0.585115 0.335432 0.004112 0.012590
0 0.367599 0.018885 0.003289 0.008993
0 0.655428 0.801259 0.003289 0.008993
0 0.846217 0.205036 0.003289 0.010791
0 0.268503 0.441547 0.004112 0.008993
0 0.508224 0.912770 0.003289 0.008993
0 0.807155 0.644784 0.004112 0.008993
0 0.574013 0.553957 0.003289 0.010791
0 0.531250 0.206835 0.004934 0.014388
0 0.782484 0.503597 0.004112 0.010791
0 0.618832 0.709532 0.004112 0.008993
0 0.889391 0.052158 0.004112 0.010791
0 0.479852 0.121403 0.004112 0.008993
0 0.495477 0.823741 0.009046 0.017986
0 0.656250 0.632194 0.004934 0.012590
0 0.762747 0.417266 0.005757 0.014389
0 0.689556 0.928957 0.004112 0.012590
0 0.723273 0.521583 0.005757 0.014388
0 0.565378 0.154676 0.004112 0.010791
0 0.255345 0.240108 0.005757 0.012590
0 0.544408 0.268885 0.009868 0.012590
0 0.179688 0.121403 0.005757 0.012590
0 0.516447 0.206835 0.004934 0.010791
0 0.301398 0.551259 0.007401 0.019784
0 0.516447 0.563849 0.004934 0.012590
0 0.881990 0.802158 0.004112 0.010791
0 0.377878 0.241906 0.004112 0.012590
0 0.297286 0.639389 0.004112 0.012590
0 0.289885 0.196043 0.005757 0.014388
0 0.359786 0.223022 0.005757 0.010791
0 0.401316 0.151079 0.006579 0.017986
0 0.807977 0.375000 0.004112 0.016187
0 0.620477 0.505396 0.007401 0.010791
0 0.666118 0.189748 0.006579 0.012590
0 0.620066 0.442446 0.006579 0.014389
0 0.875822 0.759892 0.006579 0.012590
0 0.518092 0.490108 0.004934 0.016187
0 0.446957 0.096223 0.007401 0.012590
0 0.578536 0.357014 0.005757 0.016187
0 0.666530 0.231115 0.005757 0.012590
0 0.674342 0.275180 0.004934 0.014389
0 0.673109 0.804856 0.005757 0.016187
