0 0.722862 0.855216 0.008224 0.016187
0 0.533306 0.080935 0.007401 0.017986
0 0.642681 0.160072 0.009046 0.017986
0 0.525493 0.094424 0.008224 0.016187
0 0.554276 0.833633 0.013158 0.016187
0 0.745888 0.549460 0.009868 0.023381
0 0.559622 0.966727 0.010691 0.023381
0 0.640214 0.765288 0.009046 0.019784
0 0.327303 0.976619 0.023026 0.046763
0 0.598273 0.564748 0.013980 0.025180
0 0.585938 0.684353 0.013980 0.023381
0 0.215049 0.578237 0.022204 0.037770
0 0.182566 0.172662 0.014803 0.025180
0 0.747533 0.663669 0.014803 0.025180
0 0.698602 0.219424 0.013980 0.028777
0 0.824013 0.398381 0.013158 0.026978
0 0.805510 0.686151 0.012335 0.026978
0 0.821546 0.120504 0.013158 0.025180
0 0.664062 0.720324 0.037007 0.088129
0 0.439967 0.227518 0.013158 0.030576
0 0.799342 0.530576 0.024671 0.053957
0 0.676398 0.687950 0.025493 0.052158
0 0.607730 0.173561 0.021382 0.037770
0 0.655839 0.789568 0.020559 0.032374
0 0.501234 0.298561 0.012335 0.043166
0 0.831003 0.379496 0.023849 0.046763
0 0.791118 0.566547 0.031250 0.050360
0 0.734786 0.213129 0.027138 0.062950
0 0.539885 0.580935 0.025493 0.050360
0 0.763980 0.598022 0.021382 0.062950
0 0.217105 0.018885 0.027961 0.037770
0 0.349095 0.077338 0.018914 0.032374
0 0.662829 0.910971 0.029605 0.052158
0 0.365543 0.130396 0.023849 0.041367
0 0.223273 0.943345 0.030428 0.041367
0 0.294819 0.954137 0.025493 0.055755
0 0.167763 0.022482 0.027960 0.044964
0 0.537007 0.832734 0.018092 0.043166
0 0.442023 0.520683 0.028783 0.055755
0 0.520970 0.513489 0.028783 0.055755
0 0.564556 0.062050 0.037007 0.077338
0 0.684622 0.560252 0.033717 0.044964
0 0.547697 0.742806 0.031250 0.053957
0 0.417763 0.048561 0.032895 0.053957
0 0.778783 0.258993 0.027960 0.053957
0 0.792763 0.056655 0.031250 0.055755
0 0.229030 0.535971 0.040296 0.075540
0 0.517681 0.204137 0.023849 0.048561
0 0.432566 0.892986 0.032895 0.066547
0 0.436678 0.431655 0.031250 0.064748
0 0.840049 0.625000 0.033717 0.055755
0 0.925987 0.588130 0.032895 0.064748
0 0.425164 0.599820 0.027961 0.055755
0 0.558799 0.168165 0.022204 0.055755
0 0.381990 0.333633 0.020559 0.044964
0 0.701069 0.392986 0.056743 0.102518
0 0.292352 0.315647 0.028783 0.066547
0 0.755345 0.303957 0.027138 0.050360
0 0.476974 0.842626 0.041118 0.073741
0 0.328125 0.391187 0.041118 0.091727
0 0.758635 0.238309 0.040296 0.080935
0 0.608964 0.964928 0.046875 0.070144
0 0.265625 0.432554 0.049342 0.095324
0 0.134457 0.625000 0.035362 0.073741
0 0.205181 0.176259 0.037007 0.086331
0 0.490543 0.232014 0.041941 0.082734
0 0.305921 0.187950 0.034540 0.066547
0 0.103207 0.659173 0.040296 0.095324
0 0.557155 0.222122 0.023849 0.052158
0 0.717516 0.256295 0.035362 0.066547
0 0.305099 0.517986 0.070724 0.115108
0 0.176809 0.321043 0.059210 0.120504
0 0.317434 0.928957 0.031250 0.098921
0 0.646793 0.090827 0.032072 0.077338
0 0.533306 0.304856 0.033717 0.073741
0 0.629112 0.760791 0.004934 0.010791
0 0.645559 0.639389 0.003289 0.008993
0 0.871299 0.842626 0.004112 0.008993
0 0.365543 0.288669 0.004112 0.008993
0 0.312911 0.609712 0.004112 0.007194
0 0.258635 0.656475 0.004112 0.010791
0 0.709293 0.950540 0.005757 0.008993
0 0.684622 0.140288 0.004112 0.010791
0 0.863076 0.422662 0.004112 0.010791
0 0.812089 0.019784 0.004112 0.010791
0 0.722862 0.141187 0.003289 0.008993
0 0.774260 0.946942 0.004112 0.008993
0 0.260280 0.132194 0.004112 0.012590
0 0.731908 0.703237 0.004934 0.010791
0 0.712582 0.497302 0.004112 0.008993
0 0.766859 0.486511 0.004112 0.008993
0 0.688322 0.920863 0.003289 0.014388
0 0.761513 0.108813 0.003289 0.008993
0 0.166118 0.935252 0.003289 0.010791
0 0.562089 0.392986 0.005757 0.019784
0 0.743010 0.903777 0.004112 0.012590
0 0.555099 0.670863 0.003289 0.014388
0 0.399260 0.455036 0.004112 0.010791
0 0.123766 0.756295 0.004112 0.008993
0 0.212171 0.397482 0.006579 0.021583
0 0.479030 0.339928 0.004112 0.010791
0 0.784951 0.130396 0.004112 0.008993
0 0.855674 0.823741 0.004112 0.010791
0 0.246711 0.803058 0.004934 0.012590
0 0.521793 0.421763 0.005757 0.019784
0 0.187089 0.864209 0.004112 0.008993
0 0.408717 0.741906 0.004934 0.012590
0 0.574424 0.532374 0.004112 0.014388
0 0.256579 0.866906 0.004934 0.010791
0 0.402549 0.174460 0.005757 0.010791
0 0.788651 0.741007 0.006579 0.010791
0 0.231086 0.302158 0.004934 0.014389
0 0.562911 0.785971 0.005757 0.014388
0 0.692434 0.067446 0.004934 0.012590
0 0.287418 0.683453 0.005757 0.010791
0 0.582237 0.100719 0.009868 0.017986
0 0.592516 0.483813 0.005757 0.014388
0 0.799753 0.114209 0.005757 0.012590
0 0.642681 0.848921 0.005757 0.010791
0 0.506168 0.652878 0.005757 0.014388
0 0.777138 0.925360 0.006579 0.016187
0 0.840049 0.006295 0.005757 0.012590
0 0.710938 0.197842 0.005757 0.014388
0 0.674753 0.006295 0.018915 0.012590
0 0.521382 0.619604 0.006579 0.016187
