0 0.608964 0.726619 0.007401 0.017986
0 0.632401 0.779676 0.006579 0.016187
0 0.532895 0.470324 0.008224 0.019784
0 0.151727 0.155576 0.009046 0.023381
0 0.201480 0.949640 0.009868 0.021583
0 0.562911 0.143885 0.012335 0.035971
0 0.316612 0.330935 0.031250 0.075540
0 0.809211 0.845324 0.011513 0.021583
0 0.257401 0.805755 0.018092 0.021583
0 0.587582 0.720324 0.022204 0.048561
0 0.692845 0.513489 0.028783 0.066547
0 0.765625 0.952338 0.018092 0.023381
0 0.117599 0.982914 0.042763 0.030575
0 0.591694 0.235612 0.015625 0.032374
0 0.488898 0.634892 0.018915 0.071942
0 0.331003 0.305755 0.043586 0.057554
0 0.206414 0.086331 0.016447 0.028777
0 0.471628 0.412770 0.015625 0.034173
0 0.055099 0.777878 0.018092 0.070144
0 0.289062 0.966727 0.023849 0.052158
0 0.759868 0.235612 0.032895 0.035971
0 0.175576 0.021583 0.043585 0.043165
0 0.298931 0.109712 0.013980 0.035971
0 0.676809 0.496403 0.031250 0.053957
0 0.659951 0.665468 0.025493 0.039568
0 0.559622 0.857914 0.035362 0.050360
0 0.088816 0.767086 0.054276 0.091727
0 0.635280 0.020683 0.022204 0.041367
0 0.716694 0.187950 0.027138 0.052158
0 0.344161 0.436151 0.025493 0.059353
0 0.586349 0.192446 0.019737 0.057554
0 0.918586 0.098022 0.021382 0.059353
0 0.431332 0.299460 0.030428 0.048561
0 0.497122 0.938849 0.023849 0.039568
0 0.871299 0.519784 0.038651 0.053957
0 0.233964 0.660072 0.043586 0.064748
0 0.680099 0.263489 0.026316 0.059352
0 0.785773 0.977518 0.030428 0.041367
0 0.558388 0.619604 0.021382 0.073741
0 0.472039 0.019784 0.029605 0.039568
0 0.161595 0.766187 0.028783 0.046763
0 0.932155 0.669065 0.035362 0.064748
0 0.696135 0.029676 0.041941 0.059353
0 0.302632 0.889389 0.047697 0.145683
0 0.387747 0.243705 0.027138 0.052158
0 0.362253 0.648381 0.043586 0.052158
0 0.073602 0.070144 0.022204 0.061151
0 0.409128 0.102518 0.028783 0.053957
0 0.630345 0.655576 0.033717 0.073741
0 0.379934 0.779676 0.032895 0.059353
0 0.732319 0.407374 0.018915 0.048561
0 0.364720 0.160072 0.027138 0.057554
0 0.781250 0.070144 0.036184 0.068345
0 0.763980 0.845324 0.031250 0.061151
0 0.142270 0.945144 0.031250 0.077338
0 0.211760 0.490108 0.027138 0.066547
0 0.175576 0.670863 0.035362 0.068345
0 0.292352 0.054856 0.025493 0.048561
0 0.605263 0.832734 0.023026 0.061151
0 0.392681 0.833633 0.027138 0.055755
0 0.205592 0.812950 0.032895 0.061151
0 0.675164 0.601619 0.029605 0.073741
0 0.712582 0.785971 0.033717 0.053957
0 0.754523 0.452338 0.028783 0.080935
0 0.691201 0.893885 0.032072 0.071942
0 0.649671 0.737410 0.034540 0.046763
0 0.889391 0.322842 0.037007 0.080935
0 0.223684 0.894784 0.032895 0.052158
0 0.430510 0.175360 0.028783 0.080935
0 0.820312 0.113309 0.045230 0.100719
0 0.379934 0.930755 0.031250 0.070144
0 0.754934 0.333633 0.029605 0.084532
0 0.140625 0.323741 0.060855 0.111511
0 0.485197 0.501799 0.050987 0.143885
0 0.468339 0.694245 0.041941 0.082734
0 0.917763 0.608813 0.036184 0.077338
0 0.849918 0.188849 0.004112 0.010791
0 0.436678 0.523381 0.003289 0.010791
0 0.061266 0.071942 0.005757 0.021583
0 0.195724 0.142986 0.004934 0.008993
0 0.692434 0.811151 0.004934 0.010791
0 0.723273 0.281475 0.004112 0.008993
0 0.595806 0.773381 0.004112 0.010791
0 0.726151 0.318345 0.003289 0.010791
0 0.840872 0.674460 0.004112 0.007194
0 0.266447 0.394784 0.003289 0.012590
0 0.372944 0.464029 0.005757 0.010791
0 0.861020 0.860611 0.004934 0.008993
0 0.230674 0.397482 0.004112 0.010791
0 0.642270 0.607914 0.004934 0.010791
0 0.696546 0.171763 0.004934 0.008993
0 0.584293 0.812050 0.007401 0.016187
0 0.847862 0.466727 0.004934 0.008993
0 0.565789 0.814748 0.004934 0.010791
0 0.562500 0.731115 0.004934 0.008993
0 0.852385 0.035971 0.004112 0.010791
0 0.551809 0.503597 0.004934 0.014388
0 0.204359 0.993705 0.022204 0.012590
0 0.590461 0.041367 0.004934 0.010791
0 0.405016 0.437950 0.004112 0.012590
0 0.488076 0.344424 0.005757 0.008993
0 0.199836 0.686151 0.008224 0.016187
0 0.509868 0.376799 0.004934 0.012590
0 0.689967 0.161871 0.008224 0.010791
0 0.852385 0.611511 0.004112 0.014388
0 0.615954 0.285971 0.006579 0.014389
0 0.657484 0.407374 0.005757 0.012590
0 0.409539 0.402878 0.006579 0.010791
0 0.753289 0.620504 0.004934 0.010791
0 0.590461 0.291367 0.006579 0.010791
0 0.799342 0.707734 0.004934 0.012590
0 0.580181 0.558453 0.005757 0.016187
0 0.742599 0.044964 0.006579 0.014388
0 0.603207 0.912770 0.004112 0.012590
0 0.656250 0.989209 0.008224 0.010791
0 0.289062 0.005396 0.009046 0.010791
0 0.107319 0.816547 0.007401 0.021583
0 0.377467 0.121403 0.004934 0.016187
0 0.659128 0.032374 0.005757 0.014388
0 0.602796 0.495504 0.006579 0.016187
0 0.441612 0.423561 0.004934 0.019784
0 0.807155 0.627698 0.007401 0.010791
0 0.681332 0.684353 0.005757 0.016187
0 0.716694 0.681655 0.005757 0.014388
0 0.650493 0.898381 0.008224 0.012590
0 0.462582 0.613309 0.005757 0.014388
0 0.401727 0.008993 0.007401 0.017986
