0 0.776316 0.107014 0.008224 0.016187
0 0.843339 0.990108 0.018914 0.016187
0 0.521793 0.393885 0.010691 0.021583
0 0.613076 0.049460 0.010691 0.019784
0 0.417763 0.008993 0.018092 0.017986
0 0.535773 0.987410 0.020559 0.021583
0 0.648849 0.419964 0.049342 0.088130
0 0.511924 0.938849 0.038651 0.053957
0 0.163240 0.562050 0.020559 0.052158
0 0.538240 0.857014 0.023849 0.048561
0 0.548520 0.717626 0.026316 0.050360
0 0.498355 0.526978 0.031250 0.068345
0 0.926398 0.572842 0.020559 0.052158
0 0.518092 0.892086 0.026316 0.046763
0 0.688322 0.660072 0.023026 0.053957
0 0.192434 0.734712 0.027960 0.052158
0 0.625000 0.026978 0.024671 0.053957
0 0.328947 0.296763 0.027961 0.050360
0 0.380345 0.312050 0.023849 0.041367
0 0.301809 0.571043 0.041118 0.070144
0 0.532484 0.614209 0.037007 0.052158
0 0.706414 0.889389 0.027960 0.041367
0 0.652138 0.558453 0.024671 0.041367
0 0.435855 0.026079 0.036184 0.052158
0 0.729030 0.758094 0.027138 0.052158
0 0.330181 0.710432 0.030428 0.061151
0 0.403783 0.307554 0.026316 0.057554
0 0.182155 0.153777 0.027138 0.055755
0 0.427220 0.077338 0.017270 0.043166
0 0.534539 0.061151 0.026316 0.050360
0 0.413651 0.492806 0.041118 0.053957
0 0.592105 0.473921 0.032895 0.052158
0 0.270148 0.940647 0.022204 0.043165
0 0.657484 0.841727 0.022204 0.046763
0 0.629112 0.835432 0.029605 0.041367
0 0.595806 0.419964 0.020559 0.048561
0 0.874589 0.816547 0.032072 0.061151
0 0.314967 0.033273 0.032895 0.059353
0 0.467105 0.024281 0.032895 0.048561
0 0.296464 0.623201 0.022204 0.037770
0 0.483553 0.375000 0.023026 0.044964
0 0.906250 0.587230 0.031250 0.073741
0 0.244243 0.708633 0.032895 0.064748
0 0.548520 0.766187 0.027960 0.068345
0 0.328947 0.972122 0.032895 0.055755
0 0.453947 0.749101 0.031250 0.062950
0 0.385280 0.156475 0.037007 0.071942
0 0.803454 0.267086 0.042763 0.066547
0 0.191201 0.539568 0.050165 0.089928
0 0.871299 0.910072 0.027138 0.075540
0 0.330181 0.915468 0.027138 0.057554
0 0.654605 0.127698 0.026316 0.068345
0 0.505757 0.225719 0.031250 0.055755
0 0.868832 0.107014 0.033717 0.055755
0 0.093750 0.066547 0.029605 0.050360
0 0.339638 0.454137 0.029605 0.062950
0 0.675576 0.464928 0.027138 0.062950
0 0.533306 0.144784 0.030428 0.048561
0 0.372944 0.258094 0.027138 0.070144
0 0.552220 0.270683 0.038651 0.088129
0 0.213816 0.678957 0.031250 0.102518
0 0.159539 0.426259 0.064145 0.115108
0 0.754934 0.203237 0.037829 0.068345
0 0.437089 0.346223 0.032072 0.066547
0 0.188322 0.212230 0.027960 0.050360
0 0.792352 0.187050 0.045230 0.089928
0 0.587993 0.670863 0.003289 0.010791
0 0.310855 0.847122 0.003289 0.010791
0 0.664474 0.253597 0.003289 0.010791
0 0.541941 0.906475 0.003289 0.010791
0 0.731497 0.566547 0.004112 0.010791
0 0.690789 0.559353 0.004934 0.010791
0 0.188734 0.091727 0.004112 0.014388
0 0.653783 0.785971 0.004934 0.007194
0 0.212993 0.908273 0.003289 0.010791
0 0.219572 0.424460 0.003289 0.017986
0 0.566612 0.450540 0.004934 0.012590
0 0.493421 0.648381 0.004934 0.008993
0 0.580592 0.809353 0.003289 0.010791
0 0.208059 0.837230 0.004934 0.016187
0 0.445312 0.853417 0.004112 0.008993
0 0.571546 0.934353 0.003289 0.008993
0 0.135280 0.662770 0.004112 0.008993
0 0.643503 0.990108 0.005757 0.012590
0 0.833059 0.942446 0.003289 0.010791
0 0.904194 0.255396 0.004112 0.010791
0 0.102796 0.691547 0.004934 0.008993
0 0.350329 0.414568 0.004934 0.012590
0 0.643092 0.598022 0.008224 0.016187
0 0.207648 0.861511 0.005757 0.028777
0 0.609375 0.810252 0.006579 0.012590
0 0.719161 0.023381 0.005757 0.014389
0 0.371711 0.604317 0.004934 0.010791
0 0.087582 0.993705 0.015625 0.012590
0 0.525082 0.848921 0.007401 0.021583
0 0.561678 0.812050 0.004934 0.012590
0 0.648438 0.187050 0.005757 0.010791
0 0.490543 0.022482 0.007401 0.012590
0 0.209704 0.488309 0.006579 0.019784
0 0.622533 0.794065 0.004934 0.012590
0 0.512336 0.296763 0.008224 0.010791
0 0.645970 0.473022 0.009046 0.021583
0 0.506990 0.455036 0.005757 0.014389
0 0.609786 0.706835 0.007401 0.014388
0 0.807566 0.064748 0.004934 0.014388
0 0.450247 0.983813 0.007401 0.017986
0 0.342516 0.189748 0.005757 0.016187
0 0.439145 0.078237 0.008224 0.026978
0 0.599095 0.918165 0.009046 0.016187
