0 0.202303 0.295863 0.009868 0.016187
0 0.810444 0.712230 0.010691 0.021583
0 0.770148 0.335432 0.010691 0.019784
0 0.783717 0.428058 0.016447 0.028777
0 0.299342 0.361511 0.027961 0.071942
0 0.737253 0.036871 0.028783 0.048561
0 0.774260 0.016187 0.022204 0.032374
0 0.072368 0.032374 0.021382 0.061151
0 0.676398 0.721223 0.022204 0.053957
0 0.674342 0.565647 0.021382 0.041367
0 0.704770 0.310252 0.023026 0.044964
0 0.411595 0.405576 0.027138 0.034173
0 0.225740 0.297662 0.018914 0.055755
0 0.556743 0.069245 0.014803 0.048561
0 0.892681 0.896583 0.025493 0.044964
0 0.477796 0.252698 0.034540 0.116906
0 0.805510 0.074640 0.025493 0.059353
0 0.364720 0.949640 0.020559 0.043165
0 0.485197 0.799460 0.024671 0.044964
0 0.136924 0.556655 0.056743 0.091727
0 0.726562 0.139388 0.017270 0.041367
0 0.553043 0.906475 0.055099 0.089928
0 0.310033 0.593525 0.039474 0.064748
0 0.436266 0.955935 0.025493 0.066547
0 0.405016 0.785971 0.020559 0.057554
0 0.889391 0.213129 0.061678 0.080935
0 0.196957 0.857914 0.020559 0.043166
0 0.396793 0.518885 0.033717 0.059353
0 0.409128 0.204137 0.074836 0.095324
0 0.608553 0.762590 0.023026 0.068345
0 0.726562 0.851619 0.022204 0.048561
0 0.418174 0.572842 0.030428 0.062950
0 0.757812 0.267086 0.027138 0.048561
0 0.112253 0.949640 0.078125 0.100719
0 0.505757 0.910072 0.044408 0.143885
0 0.436678 0.499101 0.049342 0.109712
0 0.676809 0.300360 0.024671 0.071942
0 0.364309 0.871403 0.031250 0.066547
0 0.707648 0.263489 0.025493 0.048561
0 0.620066 0.334532 0.027960 0.046763
0 0.714638 0.651079 0.027960 0.053957
0 0.136924 0.071043 0.061678 0.098921
0 0.198602 0.599820 0.033717 0.059353
0 0.606497 0.591727 0.037007 0.125899
0 0.330181 0.206835 0.037007 0.071942
0 0.704770 0.122302 0.027960 0.075540
0 0.219161 0.453237 0.041941 0.075540
0 0.707237 0.518885 0.023026 0.073741
0 0.336760 0.373201 0.046875 0.091727
0 0.611842 0.861511 0.049342 0.118705
0 0.233141 0.903777 0.060033 0.106115
0 0.216283 0.971223 0.027961 0.057554
0 0.330592 0.817446 0.036184 0.095324
0 0.277961 0.927158 0.003289 0.008993
0 0.230674 0.723921 0.004112 0.008993
0 0.324836 0.549460 0.003289 0.012590
0 0.166118 0.299460 0.004934 0.008993
0 0.522615 0.586331 0.004112 0.007194
0 0.473684 0.620504 0.003289 0.007194
0 0.150082 0.741906 0.005757 0.008993
0 0.549342 0.728417 0.003289 0.010791
0 0.694901 0.916367 0.003289 0.008993
0 0.448191 0.714928 0.003289 0.008993
0 0.667763 0.883094 0.003289 0.010791
0 0.783306 0.144784 0.004112 0.008993
0 0.353207 0.544964 0.005757 0.014388
0 0.530016 0.784173 0.004112 0.010791
0 0.479030 0.412770 0.004112 0.012590
0 0.378701 0.256295 0.004112 0.008993
0 0.263158 0.109712 0.004934 0.014388
0 0.668174 0.798561 0.004112 0.010791
0 0.789062 0.842626 0.004112 0.008993
0 0.842105 0.004496 0.003289 0.008993
0 0.660773 0.358813 0.004112 0.012590
0 0.198191 0.993705 0.004934 0.008993
0 0.171464 0.466727 0.005757 0.012590
0 0.827303 0.225719 0.004934 0.008993
0 0.247533 0.142986 0.003289 0.008993
0 0.470806 0.764389 0.004112 0.010791
0 0.767270 0.839029 0.003289 0.008993
0 0.287418 0.956835 0.004112 0.010791
0 0.176809 0.993705 0.004934 0.008993
0 0.623355 0.045863 0.003289 0.008993
0 0.768503 0.991007 0.004112 0.010791
0 0.300987 0.768885 0.004934 0.008993
0 0.518914 0.155576 0.004934 0.008993
0 0.825247 0.756295 0.005757 0.008993
0 0.300576 0.044065 0.004112 0.012590
0 0.111431 0.849820 0.004112 0.008993
0 0.598684 0.699640 0.003289 0.010791
0 0.552220 0.832734 0.005757 0.010791
0 0.269326 0.041367 0.004112 0.014388
0 0.431743 0.390288 0.004934 0.010791
0 0.506168 0.634892 0.007401 0.010791
0 0.762747 0.375000 0.005757 0.008993
0 0.662007 0.614209 0.004934 0.012590
0 0.233964 0.631295 0.005757 0.010791
0 0.625000 0.252698 0.006579 0.016187
0 0.415707 0.863309 0.005757 0.014388
0 0.288240 0.698741 0.007401 0.016187
