0 0.466694 0.714029 0.009046 0.014388
0 0.431332 0.607014 0.010691 0.019784
0 0.746711 0.590827 0.011513 0.019784
0 0.664474 0.797662 0.011513 0.019784
0 0.525082 0.428957 0.007401 0.019784
0 0.385280 0.592626 0.010691 0.023381
0 0.266447 0.123201 0.014803 0.019784
0 0.830592 0.189748 0.008224 0.019784
0 0.354852 0.037770 0.010691 0.017986
0 0.363076 0.981115 0.009046 0.019784
0 0.243421 0.113309 0.011513 0.021583
0 0.467516 0.686151 0.010691 0.023381
0 0.439967 0.425360 0.011513 0.019784
0 0.543997 0.522482 0.012335 0.030575
0 0.395559 0.378597 0.016447 0.034173
0 0.199424 0.910072 0.027138 0.043166
0 0.524671 0.066547 0.024671 0.079137
0 0.738898 0.280576 0.043585 0.050360
0 0.540707 0.403777 0.022204 0.052158
0 0.335938 0.635791 0.035362 0.059353
0 0.518503 0.024281 0.018915 0.048561
0 0.780428 0.508993 0.019737 0.039568
0 0.483964 0.801259 0.033717 0.062950
0 0.460938 0.169964 0.037007 0.052158
0 0.076480 0.830036 0.037829 0.102518
0 0.249178 0.715827 0.032895 0.053957
0 0.113076 0.258993 0.022204 0.064748
0 0.405428 0.016187 0.021382 0.032374
0 0.601151 0.979317 0.027960 0.034173
0 0.803043 0.485611 0.025493 0.053957
0 0.071957 0.230216 0.022204 0.050360
0 0.612253 0.211331 0.022204 0.062950
0 0.454359 0.811151 0.032072 0.046763
0 0.779194 0.963130 0.038651 0.055755
0 0.392681 0.043166 0.028783 0.039568
0 0.672697 0.625899 0.019737 0.053957
0 0.435444 0.705935 0.025493 0.062950
0 0.254523 0.588130 0.055099 0.143885
0 0.608141 0.816547 0.032072 0.057554
0 0.699836 0.617806 0.024671 0.048561
0 0.438734 0.032374 0.028783 0.064748
0 0.171053 0.211331 0.023026 0.059353
0 0.453947 0.102518 0.049342 0.071942
0 0.206003 0.615108 0.028783 0.064748
0 0.083470 0.530576 0.030428 0.053957
0 0.924753 0.232914 0.028783 0.080935
0 0.504112 0.404676 0.029605 0.064748
0 0.673520 0.250899 0.026316 0.088129
0 0.340461 0.946043 0.021382 0.035971
0 0.289474 0.307554 0.029605 0.064748
0 0.774260 0.106115 0.037007 0.071942
0 0.545230 0.298561 0.027960 0.053957
0 0.595395 0.621403 0.019737 0.059353
0 0.474095 0.750899 0.030428 0.066547
0 0.293997 0.732014 0.030428 0.071942
0 0.898438 0.456835 0.032072 0.061151
0 0.492599 0.050360 0.032895 0.057554
0 0.117188 0.760791 0.045230 0.068345
0 0.309622 0.610611 0.032072 0.098921
0 0.864720 0.777878 0.023849 0.044964
0 0.605674 0.392986 0.051809 0.091727
0 0.405839 0.347122 0.040296 0.064748
0 0.132812 0.142086 0.043585 0.057554
0 0.074424 0.352518 0.027138 0.068345
0 0.395148 0.633993 0.030428 0.055755
0 0.736842 0.148381 0.036184 0.055755
0 0.368832 0.180755 0.027138 0.080935
0 0.543997 0.642086 0.035362 0.061151
0 0.333059 0.452338 0.026316 0.055755
0 0.490132 0.366906 0.024671 0.046763
0 0.403372 0.697842 0.037007 0.071942
0 0.478618 0.599820 0.032895 0.070144
0 0.911184 0.862410 0.057566 0.113309
0 0.814556 0.236511 0.040296 0.073741
0 0.233141 0.652878 0.041941 0.079137
0 0.341283 0.835432 0.029605 0.080935
0 0.930510 0.443345 0.035362 0.077338
0 0.212171 0.839928 0.031250 0.050360
0 0.390214 0.959532 0.051809 0.080935
0 0.217105 0.281475 0.026316 0.077338
0 0.645148 0.774281 0.032072 0.070144
0 0.706003 0.073741 0.050165 0.089928
0 0.369655 0.720324 0.032072 0.080935
0 0.642270 0.401978 0.003289 0.008993
0 0.588816 0.766187 0.003289 0.010791
0 0.723273 0.374101 0.004112 0.010791
0 0.549342 0.004496 0.003289 0.008993
0 0.710115 0.417266 0.004112 0.010791
0 0.566612 0.852518 0.003289 0.007194
0 0.688734 0.184353 0.004112 0.008993
0 0.206414 0.792266 0.004934 0.012590
0 0.443668 0.296763 0.005757 0.010791
0 0.762747 0.711331 0.004112 0.008993
0 0.527961 0.413669 0.004934 0.014389
0 0.308799 0.185252 0.005757 0.010791
0 0.771382 0.469424 0.004934 0.010791
0 0.163240 0.714928 0.004112 0.008993
0 0.535362 0.800360 0.003289 0.010791
0 0.189967 0.450540 0.004934 0.008993
0 0.609786 0.334532 0.005757 0.010791
0 0.638158 0.976619 0.003289 0.017986
0 0.469984 0.479317 0.004112 0.008993
0 0.714227 0.309353 0.004112 0.010791
0 0.584704 0.787770 0.003289 0.014388
0 0.479441 0.280576 0.006579 0.014389
0 0.510691 0.208633 0.003289 0.010791
0 0.502878 0.442446 0.005757 0.014389
0 0.317023 0.797662 0.004112 0.008993
0 0.342105 0.204137 0.003289 0.008993
0 0.764803 0.992806 0.019737 0.010791
0 0.506990 0.695144 0.004112 0.008993
0 0.616776 0.434353 0.009868 0.016187
0 0.529194 0.541367 0.004112 0.010791
0 0.720806 0.705935 0.004112 0.016187
0 0.500411 0.722122 0.005757 0.008993
0 0.388158 0.456835 0.004934 0.017986
0 0.592928 0.538669 0.004934 0.012590
0 0.807566 0.337230 0.006579 0.008993
0 0.502467 0.329137 0.004934 0.014389
0 0.542352 0.459532 0.009046 0.016187
0 0.579770 0.177158 0.004934 0.016187
0 0.810033 0.852518 0.004934 0.010791
0 0.060855 0.236511 0.004934 0.023381
0 0.822368 0.350719 0.004934 0.014389
0 0.924753 0.091727 0.007401 0.014388
0 0.606497 0.303957 0.005757 0.017986
0 0.471217 0.654676 0.008224 0.017986
0 0.691612 0.764389 0.009868 0.021583
0 0.753289 0.928957 0.006579 0.016187
0 0.671053 0.385791 0.009868 0.016187
0 0.059210 0.826439 0.008224 0.062950
