0 0.505757 0.831835 0.009868 0.026978
0 0.291118 0.987410 0.036184 0.025180
0 0.225740 0.011691 0.022204 0.023381
0 0.826480 0.769784 0.011513 0.021583
0 0.521382 0.973022 0.011513 0.035971
0 0.347862 0.989209 0.016447 0.017986
0 0.224507 0.566547 0.014803 0.028777
0 0.615543 0.784173 0.015625 0.021583
0 0.548931 0.164568 0.022204 0.044964
0 0.601974 0.734712 0.009868 0.030575
0 0.369243 0.141187 0.019737 0.055755
0 0.532484 0.463129 0.020559 0.055755
0 0.377878 0.163669 0.023849 0.075540
0 0.506168 0.348022 0.025493 0.041367
0 0.329359 0.364209 0.015625 0.030575
0 0.686266 0.226619 0.023849 0.061151
0 0.693257 0.428957 0.018092 0.034173
0 0.222862 0.638489 0.032895 0.050360
0 0.861020 0.239209 0.019737 0.046763
0 0.815378 0.021583 0.038651 0.043165
0 0.776727 0.166367 0.017270 0.041367
0 0.492188 0.696942 0.020559 0.077338
0 0.465461 0.720324 0.041118 0.070144
0 0.398026 0.017086 0.032895 0.034173
0 0.291118 0.266187 0.024671 0.050360
0 0.656661 0.447842 0.017270 0.046763
0 0.303865 0.026978 0.038651 0.053957
0 0.782072 0.220324 0.029605 0.062950
0 0.254523 0.690647 0.030428 0.043166
0 0.405016 0.568345 0.028783 0.061151
0 0.566612 0.660072 0.024671 0.050360
0 0.308388 0.381295 0.024671 0.043166
0 0.208059 0.369604 0.026316 0.059352
0 0.523849 0.828237 0.039474 0.066547
0 0.542352 0.128597 0.037007 0.091727
0 0.471628 0.803058 0.030428 0.052158
0 0.696135 0.880396 0.027138 0.059353
0 0.468750 0.657374 0.032895 0.066547
0 0.505345 0.739209 0.027138 0.061151
0 0.175164 0.514389 0.042763 0.068345
0 0.304688 0.217626 0.023849 0.064748
0 0.664474 0.875899 0.031250 0.050360
0 0.497944 0.376799 0.023849 0.037770
0 0.578947 0.707734 0.029605 0.044964
0 0.746299 0.652878 0.030428 0.050360
0 0.330592 0.492806 0.049342 0.079137
0 0.263980 0.723022 0.021382 0.046763
0 0.355263 0.339928 0.029605 0.068345
0 0.745477 0.344424 0.032072 0.052158
0 0.514391 0.467626 0.032072 0.068345
0 0.203947 0.714029 0.055921 0.082734
0 0.200247 0.116007 0.048520 0.106115
0 0.771793 0.448741 0.032072 0.052158
0 0.738076 0.562050 0.041941 0.095324
0 0.813322 0.394784 0.039474 0.077338
0 0.731497 0.027878 0.043585 0.055755
0 0.690378 0.964928 0.025493 0.070144
0 0.653372 0.096223 0.056743 0.098921
0 0.618010 0.707734 0.025493 0.073741
0 0.345806 0.915468 0.022204 0.061151
0 0.523849 0.189748 0.029605 0.044964
0 0.467105 0.905576 0.029605 0.070144
0 0.931332 0.752698 0.040296 0.080935
0 0.306332 0.768885 0.061678 0.091727
0 0.247533 0.104317 0.027961 0.053957
0 0.331826 0.685252 0.037007 0.061151
0 0.130757 0.698741 0.032895 0.084532
0 0.747122 0.432554 0.035362 0.084532
0 0.685444 0.129496 0.037007 0.068345
0 0.774671 0.920863 0.037829 0.086331
0 0.481497 0.162770 0.043585 0.098921
0 0.678454 0.767086 0.003289 0.008993
0 0.660773 0.296763 0.004112 0.010791
0 0.750000 0.091727 0.003289 0.010791
0 0.542352 0.558453 0.004112 0.008993
0 0.843339 0.350719 0.004112 0.010791
0 0.239720 0.216727 0.004112 0.008993
0 0.758224 0.010791 0.004934 0.010791
0 0.710115 0.523381 0.004112 0.010791
0 0.528783 0.262590 0.004934 0.014389
0 0.517270 0.436151 0.008224 0.012590
0 0.402961 0.750899 0.004934 0.012590
0 0.575658 0.532374 0.003289 0.010791
0 0.572368 0.104317 0.003289 0.010791
0 0.353618 0.848022 0.003289 0.008993
0 0.546464 0.696043 0.004112 0.007194
0 0.717928 0.647482 0.004934 0.010791
0 0.410773 0.052158 0.004112 0.014389
0 0.183388 0.882194 0.004934 0.012590
0 0.715872 0.328237 0.004112 0.012590
0 0.652138 0.982014 0.003289 0.010791
0 0.160362 0.784173 0.004934 0.010791
0 0.695312 0.799460 0.004112 0.008993
0 0.695724 0.498201 0.004934 0.014388
0 0.629112 0.543165 0.004934 0.010791
0 0.695724 0.599820 0.004934 0.012590
0 0.535773 0.887590 0.004112 0.008993
0 0.629934 0.993705 0.004934 0.008993
0 0.423109 0.988309 0.004112 0.008993
0 0.767270 0.750000 0.004934 0.010791
0 0.332237 0.306655 0.004934 0.008993
0 0.272615 0.420863 0.004112 0.010791
0 0.606497 0.149281 0.004112 0.010791
0 0.636513 0.784173 0.004934 0.014388
0 0.433799 0.572842 0.004112 0.012590
0 0.537418 0.237410 0.004112 0.010791
0 0.626234 0.443345 0.004112 0.012590
0 0.516036 0.331835 0.005757 0.016187
0 0.493010 0.437950 0.004112 0.012590
0 0.507812 0.908273 0.004112 0.010791
0 0.434211 0.793165 0.004934 0.014388
0 0.555510 0.690647 0.007401 0.014388
0 0.540707 0.725719 0.004112 0.012590
0 0.475740 0.377698 0.004112 0.014389
0 0.539062 0.604317 0.005757 0.010791
0 0.522615 0.694245 0.005757 0.010791
0 0.636513 0.837230 0.004934 0.016187
0 0.088405 0.993705 0.020559 0.012590
0 0.602385 0.338129 0.005757 0.010791
0 0.243421 0.991007 0.011513 0.014388
0 0.321135 0.966727 0.005757 0.008993
0 0.397615 0.373201 0.004112 0.012590
0 0.476974 0.232014 0.004934 0.010791
0 0.464638 0.239209 0.006579 0.010791
0 0.844572 0.012590 0.006579 0.010791
0 0.585526 0.357914 0.004934 0.010791
0 0.277961 0.007194 0.004934 0.014389
0 0.293997 0.885791 0.009046 0.012590
0 0.536595 0.741906 0.007401 0.016187
0 0.316612 0.616906 0.004934 0.014388
0 0.678865 0.533273 0.005757 0.016187
0 0.648026 0.917266 0.004934 0.017986
0 0.564556 0.847122 0.007401 0.017986
0 0.723684 0.809353 0.006579 0.010791
0 0.390214 0.211331 0.005757 0.012590
0 0.339638 0.212230 0.006579 0.010791
0 0.646382 0.718525 0.006579 0.016187
0 0.630345 0.236511 0.005757 0.016187
0 0.186266 0.410971 0.007401 0.019784
0 0.332648 0.854317 0.005757 0.017986
0 0.455181 0.355216 0.005757 0.012590
0 0.072368 0.043166 0.009868 0.014389
0 0.353207 0.023381 0.007401 0.017986
0 0.534951 0.626799 0.007401 0.019784
