0 0.534128 0.180755 0.007401 0.019784
0 0.139803 0.669065 0.008224 0.017986
0 0.230263 0.301259 0.011513 0.016187
0 0.640625 0.884892 0.006579 0.017986
0 0.269737 0.526978 0.009868 0.021583
0 0.489309 0.469424 0.006579 0.021583
0 0.269326 0.600719 0.009046 0.017986
0 0.294408 0.434353 0.009868 0.016187
0 0.381579 0.132194 0.013158 0.026978
0 0.624178 0.776978 0.014803 0.017986
0 0.552220 0.991007 0.010691 0.017986
0 0.208882 0.844424 0.011513 0.026978
0 0.732319 0.008094 0.020559 0.016187
0 0.819901 0.719424 0.009868 0.025180
0 0.436266 0.009892 0.018915 0.019784
0 0.622944 0.922662 0.009046 0.017986
0 0.388980 0.298561 0.009868 0.025180
0 0.796053 0.984712 0.034540 0.026978
0 0.793174 0.326439 0.010691 0.023381
0 0.398849 0.321043 0.014803 0.034173
0 0.498766 0.139388 0.010691 0.026978
0 0.837582 0.173561 0.018914 0.052158
0 0.636513 0.257194 0.014803 0.032374
0 0.502056 0.977518 0.017270 0.026978
0 0.412007 0.088129 0.039474 0.053957
0 0.078125 0.156475 0.032895 0.053957
0 0.777549 0.741906 0.015625 0.030575
0 0.460938 0.692446 0.020559 0.035971
0 0.725740 0.748201 0.030428 0.057554
0 0.057155 0.159173 0.013980 0.044964
0 0.861431 0.882194 0.025493 0.044964
0 0.698191 0.015288 0.019737 0.030575
0 0.513158 0.062050 0.026316 0.055755
0 0.536595 0.557554 0.038651 0.068345
0 0.571957 0.012590 0.025493 0.025180
0 0.189145 0.857914 0.024671 0.057554
0 0.481908 0.571942 0.026316 0.035971
0 0.323191 0.967626 0.031250 0.061151
0 0.464227 0.014389 0.023849 0.028777
0 0.536184 0.017086 0.023026 0.034173
0 0.405428 0.896583 0.018092 0.048561
0 0.283717 0.976619 0.039474 0.039568
0 0.493421 0.019784 0.034540 0.039568
0 0.512747 0.660072 0.027138 0.064748
0 0.316612 0.421763 0.026316 0.044964
0 0.407484 0.501799 0.020559 0.039568
0 0.404605 0.038669 0.032895 0.062950
0 0.207648 0.374101 0.020559 0.061151
0 0.719161 0.814748 0.025493 0.061151
0 0.185033 0.910072 0.032895 0.053957
0 0.122122 0.320144 0.035362 0.057554
0 0.354852 0.756295 0.028783 0.052158
0 0.927220 0.372302 0.043586 0.068345
0 0.851151 0.369604 0.026316 0.041367
0 0.720806 0.694245 0.033717 0.050360
0 0.636513 0.954137 0.023026 0.052158
0 0.130757 0.023381 0.031250 0.046763
0 0.186266 0.604317 0.037007 0.050360
0 0.641859 0.764389 0.017270 0.050360
0 0.844572 0.517086 0.039474 0.048561
0 0.618832 0.149281 0.022204 0.046763
0 0.186678 0.739209 0.044408 0.086331
0 0.431332 0.873201 0.035362 0.059353
0 0.719984 0.640288 0.020559 0.043166
0 0.216694 0.223921 0.032072 0.052158
0 0.203536 0.787770 0.037007 0.061151
0 0.815789 0.176259 0.026316 0.043165
0 0.242188 0.352518 0.028783 0.050360
0 0.506168 0.562050 0.027138 0.070144
0 0.689145 0.871403 0.024671 0.044964
0 0.140214 0.216727 0.043585 0.066547
0 0.618010 0.975719 0.027138 0.048561
0 0.892681 0.582734 0.037007 0.061151
0 0.210115 0.322842 0.022204 0.044964
0 0.373355 0.027878 0.029605 0.055755
0 0.081003 0.113309 0.037007 0.057554
0 0.422286 0.227518 0.038651 0.062950
0 0.407895 0.370504 0.032895 0.075540
0 0.396382 0.750000 0.029605 0.050360
0 0.691612 0.807554 0.026316 0.053957
0 0.259868 0.078237 0.031250 0.077338
0 0.364309 0.901978 0.026316 0.070144
0 0.697368 0.508993 0.039474 0.082734
0 0.659539 0.961331 0.029605 0.073741
0 0.440378 0.454137 0.028783 0.088129
0 0.522615 0.614209 0.023849 0.048561
0 0.752056 0.837230 0.051809 0.113309
0 0.643914 0.526079 0.024671 0.073741
0 0.143503 0.390288 0.041941 0.100719
0 0.717105 0.047662 0.036184 0.077338
0 0.238487 0.160971 0.034540 0.080935
0 0.463405 0.357014 0.004112 0.012590
0 0.718750 0.381295 0.003289 0.014389
0 0.403372 0.553058 0.004112 0.008993
0 0.781661 0.005396 0.004112 0.010791
0 0.673931 0.660971 0.004112 0.008993
0 0.646793 0.199640 0.004112 0.010791
0 0.696546 0.731115 0.003289 0.019784
0 0.477385 0.851619 0.004112 0.008993
0 0.356908 0.074640 0.003289 0.016187
0 0.343750 0.841727 0.004934 0.010791
0 0.548109 0.123201 0.004112 0.012590
0 0.497533 0.954137 0.004934 0.008993
0 0.449013 0.578237 0.003289 0.008993
0 0.552220 0.804856 0.004112 0.008993
0 0.465049 0.990108 0.030428 0.019784
0 0.345395 0.258993 0.004934 0.010791
0 0.480674 0.216727 0.004112 0.012590
0 0.472039 0.040468 0.004934 0.012590
0 0.581826 0.579137 0.004112 0.010791
0 0.838816 0.980216 0.003289 0.010791
0 0.913240 0.673561 0.005757 0.008993
0 0.497944 0.849820 0.004112 0.008993
0 0.516859 0.930755 0.004112 0.008993
0 0.660362 0.804856 0.003289 0.012590
0 0.590872 0.410971 0.005757 0.012590
0 0.715049 0.958633 0.004112 0.010791
0 0.641859 0.317446 0.004112 0.012590
0 0.717105 0.928957 0.004934 0.008993
0 0.606908 0.895683 0.004934 0.010791
0 0.672286 0.890288 0.004112 0.010791
0 0.541530 0.846223 0.005757 0.008993
0 0.532895 0.799460 0.006579 0.008993
0 0.439145 0.167266 0.004934 0.014388
0 0.437500 0.815647 0.004934 0.016187
0 0.453947 0.658273 0.006579 0.010791
0 0.374178 0.937950 0.006579 0.016187
0 0.328947 0.585432 0.004934 0.012590
0 0.549753 0.052158 0.009046 0.014389
0 0.581003 0.479317 0.005757 0.012590
0 0.379523 0.630396 0.005757 0.008993
0 0.572780 0.812950 0.005757 0.010791
0 0.319490 0.879496 0.004112 0.017986
0 0.784539 0.587230 0.004934 0.016187
0 0.230674 0.505396 0.005757 0.017986
0 0.553865 0.006295 0.010691 0.012590
0 0.285773 0.631295 0.007401 0.017986
