0 0.719572 0.564748 0.009868 0.017986
0 0.567434 0.761691 0.008224 0.019784
0 0.680921 0.089029 0.008224 0.019784
0 0.306743 0.859712 0.013158 0.025180
0 0.813734 0.007194 0.025493 0.014389
0 0.490954 0.188849 0.009868 0.025180
0 0.319079 0.523381 0.013158 0.028777
0 0.687500 0.523381 0.014803 0.032374
0 0.661595 0.509892 0.010691 0.026978
0 0.622533 0.216727 0.014803 0.026978
0 0.148438 0.691547 0.045230 0.120504
0 0.532072 0.015288 0.026316 0.030575
0 0.601151 0.660072 0.014803 0.028777
0 0.224918 0.864209 0.022204 0.059353
0 0.722451 0.984712 0.025493 0.026978
0 0.552220 0.575540 0.032072 0.043166
0 0.513980 0.065647 0.039474 0.088130
0 0.230674 0.491007 0.020559 0.046763
0 0.757401 0.151079 0.026316 0.039568
0 0.533717 0.612410 0.023026 0.048561
0 0.592928 0.452338 0.019737 0.059353
0 0.639803 0.403777 0.044408 0.059352
0 0.717105 0.439748 0.032895 0.055755
0 0.375000 0.812950 0.024671 0.057554
0 0.550164 0.058453 0.037829 0.095324
0 0.438322 0.330036 0.024671 0.052158
0 0.753289 0.407374 0.019737 0.055755
0 0.324013 0.412770 0.032895 0.073741
0 0.729852 0.190647 0.048520 0.061151
0 0.776727 0.290468 0.040296 0.059352
0 0.583059 0.857914 0.021382 0.053957
0 0.831003 0.974820 0.055099 0.050360
0 0.692023 0.395683 0.020559 0.057554
0 0.474095 0.754496 0.027138 0.070144
0 0.103618 0.160072 0.029605 0.068345
0 0.370888 0.892986 0.029605 0.052158
0 0.921875 0.104317 0.023026 0.079137
0 0.386513 0.509892 0.026316 0.044964
0 0.449013 0.375899 0.027960 0.039568
0 0.835526 0.294065 0.031250 0.059352
0 0.352796 0.592626 0.041118 0.102518
0 0.777549 0.073741 0.040296 0.075540
0 0.190789 0.805755 0.026316 0.043166
0 0.534539 0.535072 0.034540 0.052158
0 0.416118 0.143885 0.037829 0.057554
0 0.660362 0.684353 0.029605 0.059353
0 0.672697 0.040468 0.027960 0.059353
0 0.640625 0.068345 0.027960 0.053957
0 0.363487 0.348022 0.034540 0.098921
0 0.465461 0.973921 0.027960 0.052158
0 0.233964 0.796763 0.025493 0.079137
0 0.684211 0.860611 0.042763 0.073741
0 0.203125 0.178957 0.047697 0.091727
0 0.450658 0.900180 0.029605 0.073741
0 0.567023 0.662770 0.038651 0.077338
0 0.402138 0.457734 0.034540 0.080935
0 0.168997 0.463129 0.063322 0.106115
0 0.435855 0.573741 0.036184 0.064748
0 0.335526 0.246403 0.036184 0.064748
0 0.594161 0.313849 0.053454 0.098921
0 0.256990 0.892986 0.046875 0.088130
0 0.202303 0.847122 0.031250 0.075540
0 0.611431 0.752698 0.004112 0.008993
0 0.710115 0.368705 0.004112 0.010791
0 0.463816 0.574640 0.003289 0.012590
0 0.920641 0.211331 0.004112 0.012590
0 0.578947 0.785971 0.003289 0.010791
0 0.266859 0.796763 0.004112 0.010791
0 0.565378 0.940647 0.004112 0.010791
0 0.486020 0.901079 0.003289 0.010791
0 0.872533 0.984712 0.003289 0.008993
0 0.384046 0.100719 0.004934 0.010791
0 0.731086 0.025180 0.004934 0.014388
0 0.087582 0.345324 0.004112 0.010791
0 0.622944 0.149281 0.004112 0.014388
0 0.569901 0.609712 0.006579 0.010791
0 0.479030 0.611511 0.004112 0.010791
0 0.623355 0.814748 0.006579 0.014388
0 0.696546 0.953237 0.003289 0.010791
0 0.798520 0.822842 0.003289 0.008993
0 0.658717 0.624101 0.004934 0.010791
0 0.599918 0.626799 0.005757 0.012590
0 0.432155 0.211331 0.005757 0.016187
0 0.324424 0.919964 0.004112 0.012590
0 0.196135 0.331835 0.005757 0.012590
0 0.404605 0.230216 0.004934 0.014388
0 0.613076 0.046763 0.005757 0.010791
0 0.514391 0.010791 0.009046 0.017986
0 0.313322 0.335432 0.004934 0.012590
0 0.633224 0.854317 0.006579 0.039568
0 0.164062 0.328237 0.007401 0.016187
0 0.266447 0.382194 0.004934 0.008993
0 0.553043 0.295863 0.005757 0.012590
0 0.274671 0.794065 0.004934 0.012590
0 0.375822 0.379496 0.021382 0.043166
0 0.398438 0.117806 0.005757 0.019784
0 0.534951 0.312050 0.005757 0.012590
0 0.592105 0.647482 0.006579 0.014388
0 0.552220 0.617806 0.007401 0.016187
0 0.552632 0.352518 0.008224 0.014389
0 0.532895 0.713130 0.008224 0.012590
0 0.604852 0.878597 0.007401 0.012590
0 0.668174 0.973921 0.007401 0.012590
0 0.560033 0.903777 0.006579 0.012590
0 0.642681 0.964928 0.005757 0.019784
0 0.657484 0.832734 0.009046 0.010791
0 0.324013 0.975719 0.006579 0.016187
0 0.477385 0.873201 0.007401 0.016187
