0 0.409951 0.818345 0.009046 0.017986
0 0.623766 0.992806 0.015625 0.014388
0 0.439145 0.077338 0.013158 0.025180
0 0.368832 0.470324 0.010691 0.023381
0 0.166118 0.428058 0.013158 0.032374
0 0.599507 0.470324 0.047697 0.124101
0 0.074835 0.314748 0.018092 0.028777
0 0.823191 0.116906 0.024671 0.043166
0 0.777549 0.968525 0.048520 0.062950
0 0.169408 0.019784 0.032895 0.039568
0 0.907895 0.569245 0.032895 0.048561
0 0.403372 0.977518 0.023849 0.041367
0 0.350329 0.979317 0.029605 0.034173
0 0.855674 0.980216 0.030428 0.035971
0 0.453536 0.294065 0.023849 0.055755
0 0.289062 0.436151 0.037007 0.055755
0 0.613076 0.331835 0.032072 0.070144
0 0.567434 0.372302 0.029605 0.046763
0 0.815378 0.389389 0.046875 0.091727
0 0.666941 0.979317 0.032895 0.041367
0 0.910773 0.661870 0.038651 0.086331
0 0.754112 0.742806 0.031250 0.061151
0 0.572780 0.764389 0.015625 0.046763
0 0.287829 0.143885 0.037829 0.064748
0 0.446957 0.372302 0.035362 0.046763
0 0.542352 0.017986 0.023849 0.035971
0 0.537007 0.566547 0.036184 0.057554
0 0.326069 0.780576 0.023849 0.075540
0 0.324013 0.077338 0.031250 0.043166
0 0.657484 0.025180 0.040296 0.046763
0 0.671464 0.184353 0.028783 0.059352
0 0.738898 0.494604 0.027138 0.050360
0 0.703125 0.973921 0.034540 0.044964
0 0.424342 0.051259 0.026316 0.059353
0 0.530016 0.445144 0.058388 0.109712
0 0.442023 0.658273 0.051809 0.068345
0 0.332648 0.021583 0.032072 0.043165
0 0.593339 0.823741 0.027138 0.050360
0 0.084704 0.363309 0.042763 0.064748
0 0.627056 0.954137 0.023849 0.059353
0 0.265214 0.463129 0.030428 0.059353
0 0.636513 0.860611 0.046053 0.073741
0 0.432566 0.228417 0.029605 0.046763
0 0.874178 0.628597 0.027961 0.055755
0 0.821957 0.465827 0.028783 0.068345
0 0.269326 0.964928 0.060033 0.070144
0 0.159128 0.627698 0.030428 0.068345
0 0.365954 0.660971 0.054276 0.102518
0 0.342105 0.458633 0.027961 0.071942
0 0.748766 0.079137 0.037007 0.068345
0 0.407895 0.669065 0.024671 0.050360
0 0.921875 0.793165 0.026316 0.064748
0 0.579770 0.616906 0.044408 0.082734
0 0.403372 0.513489 0.032072 0.084532
0 0.542352 0.629496 0.023849 0.068345
0 0.594161 0.772482 0.027138 0.059353
0 0.565789 0.475719 0.029605 0.059353
0 0.227796 0.821043 0.060855 0.095324
0 0.360197 0.049460 0.042763 0.084532
0 0.195724 0.439748 0.046053 0.077338
0 0.742599 0.140288 0.037829 0.064748
0 0.819490 0.962230 0.025493 0.071942
0 0.388980 0.350719 0.075658 0.133094
0 0.629934 0.716727 0.029605 0.091727
0 0.552220 0.790468 0.004112 0.008993
0 0.412007 0.413669 0.006579 0.014389
0 0.755757 0.171763 0.011513 0.019784
0 0.448602 0.123201 0.004112 0.008993
0 0.286595 0.754496 0.004112 0.008993
0 0.330592 0.386691 0.003289 0.010791
0 0.438734 0.018885 0.004112 0.008993
0 0.687911 0.096223 0.004112 0.012590
0 0.388158 0.203237 0.004934 0.017986
0 0.259457 0.074640 0.004112 0.012590
0 0.291941 0.065648 0.003289 0.008993
0 0.678865 0.610611 0.004112 0.008993
0 0.435033 0.108813 0.003289 0.008993
0 0.578947 0.953237 0.003289 0.010791
0 0.283306 0.295863 0.004112 0.008993
0 0.785773 0.548561 0.004112 0.010791
0 0.320724 0.480216 0.003289 0.010791
0 0.704359 0.017086 0.004112 0.012590
0 0.289062 0.625899 0.004112 0.010791
0 0.826069 0.669964 0.004112 0.008993
0 0.720806 0.621403 0.004112 0.008993
0 0.094572 0.817446 0.004934 0.012590
0 0.761924 0.263489 0.004112 0.008993
0 0.481086 0.991906 0.004934 0.012590
0 0.565789 0.069245 0.003289 0.008993
0 0.812911 0.433453 0.009046 0.021583
0 0.749178 0.846223 0.003289 0.008993
0 0.691612 0.483813 0.004934 0.010791
0 0.499178 0.256295 0.004934 0.016187
0 0.526727 0.279676 0.004112 0.012590
0 0.631579 0.616007 0.003289 0.012590
0 0.446957 0.211331 0.005757 0.012590
0 0.233964 0.696043 0.004112 0.010791
0 0.175987 0.687950 0.004934 0.008993
0 0.744655 0.693345 0.004112 0.008993
0 0.401727 0.178058 0.005757 0.010791
0 0.518092 0.878597 0.004934 0.008993
0 0.435033 0.625000 0.008224 0.016187
0 0.849507 0.801259 0.008224 0.012590
0 0.532895 0.129496 0.004934 0.014388
0 0.572780 0.791367 0.009046 0.014388
0 0.543586 0.880396 0.006579 0.012590
0 0.777961 0.801259 0.008224 0.016187
0 0.842516 0.491007 0.005757 0.010791
0 0.442434 0.174460 0.004934 0.014388
0 0.479030 0.065647 0.005757 0.012590
0 0.274260 0.275180 0.005757 0.010791
0 0.703947 0.227518 0.006579 0.012590
0 0.310033 0.185252 0.008224 0.014388
0 0.891447 0.078237 0.004934 0.016187
0 0.211349 0.659173 0.008224 0.012590
0 0.085526 0.497302 0.006579 0.016187
0 0.266859 0.230216 0.005757 0.017986
