0 0.574013 0.576439 0.008224 0.016187
0 0.331414 0.943345 0.008224 0.023381
0 0.500411 0.246403 0.012335 0.021583
0 0.407484 0.653777 0.010691 0.019784
0 0.334704 0.128597 0.009868 0.016187
0 0.550164 0.011691 0.037829 0.023381
0 0.578947 0.794964 0.011513 0.025180
0 0.665707 0.519784 0.015625 0.021583
0 0.439145 0.961331 0.009868 0.034173
0 0.254523 0.181655 0.025493 0.032374
0 0.520148 0.850719 0.017270 0.028777
0 0.642681 0.446942 0.015625 0.030575
0 0.771382 0.988309 0.014803 0.023381
0 0.798931 0.692446 0.023849 0.050360
0 0.784539 0.660971 0.014803 0.026978
0 0.337171 0.799460 0.021382 0.055755
0 0.734375 0.015288 0.034540 0.030575
0 0.174342 0.220324 0.014803 0.048561
0 0.900493 0.281475 0.027961 0.052158
0 0.272204 0.306655 0.018092 0.034173
0 0.606908 0.016187 0.031250 0.032374
0 0.074013 0.846223 0.024671 0.044964
0 0.462171 0.277878 0.023026 0.059352
0 0.482730 0.980216 0.018092 0.032374
0 0.078125 0.979317 0.029605 0.034173
0 0.321957 0.692446 0.035362 0.053957
0 0.735609 0.966727 0.033717 0.059353
0 0.273438 0.032374 0.027138 0.057554
0 0.385280 0.767986 0.017270 0.039568
0 0.624178 0.222122 0.026316 0.055755
0 0.277961 0.707734 0.023026 0.052158
0 0.316612 0.565647 0.029605 0.062950
0 0.788240 0.114209 0.032072 0.059353
0 0.353207 0.361511 0.032072 0.053957
0 0.147204 0.150180 0.042763 0.062950
0 0.128289 0.682554 0.032895 0.044964
0 0.183388 0.416367 0.023026 0.041367
0 0.432155 0.430755 0.028783 0.066547
0 0.512336 0.733813 0.023026 0.053957
0 0.854030 0.940647 0.027138 0.043165
0 0.639803 0.061151 0.029605 0.075540
0 0.136102 0.205036 0.048520 0.075540
0 0.526316 0.820144 0.024671 0.053957
0 0.562911 0.281475 0.035362 0.066547
0 0.270970 0.979317 0.022204 0.037770
0 0.086349 0.474820 0.031250 0.061151
0 0.855263 0.752698 0.031250 0.052158
0 0.781250 0.826439 0.021382 0.066547
0 0.668174 0.616906 0.032072 0.050360
0 0.857319 0.050360 0.032072 0.068345
0 0.447368 0.588130 0.059211 0.097122
0 0.248355 0.429856 0.031250 0.061151
0 0.385280 0.638489 0.022204 0.050360
0 0.287007 0.427158 0.024671 0.048561
0 0.363487 0.835432 0.024671 0.044964
0 0.597862 0.818345 0.027960 0.050360
0 0.878289 0.563849 0.041118 0.062950
0 0.416118 0.939748 0.032895 0.062950
0 0.223684 0.381295 0.049342 0.097122
0 0.757401 0.346223 0.026316 0.073741
0 0.250000 0.124101 0.050987 0.104317
0 0.248355 0.794065 0.052632 0.091727
0 0.717105 0.496403 0.023026 0.053957
0 0.584704 0.881295 0.034540 0.104317
0 0.311678 0.033273 0.039474 0.066547
0 0.808388 0.967626 0.027960 0.061151
0 0.472451 0.709532 0.025493 0.048561
0 0.680921 0.288669 0.034540 0.070144
0 0.539474 0.705935 0.032895 0.073741
0 0.455181 0.338129 0.025493 0.071942
0 0.721628 0.741007 0.023849 0.050360
0 0.180510 0.269784 0.025493 0.071942
0 0.643914 0.251799 0.029605 0.053957
0 0.370066 0.704137 0.031250 0.088129
0 0.392270 0.235612 0.031250 0.079137
0 0.713816 0.928058 0.041118 0.097122
0 0.899260 0.182554 0.056743 0.116906
0 0.461349 0.904676 0.042763 0.079137
0 0.920230 0.568345 0.042763 0.100719
0 0.506990 0.593525 0.045230 0.093525
0 0.352385 0.929856 0.032072 0.071942
0 0.313322 0.816547 0.031250 0.079137
0 0.394326 0.374101 0.040296 0.093525
0 0.379523 0.094424 0.005757 0.012590
0 0.477796 0.422662 0.004934 0.007194
0 0.388980 0.165468 0.004934 0.010791
0 0.465872 0.151978 0.004112 0.008993
0 0.664474 0.415468 0.004934 0.010791
0 0.683388 0.761691 0.003289 0.008993
0 0.858964 0.994604 0.005757 0.007194
0 0.410773 0.452338 0.004112 0.008993
0 0.520970 0.308453 0.004112 0.008993
0 0.649260 0.542266 0.004112 0.012590
0 0.438322 0.723022 0.003289 0.010791
0 0.679688 0.408273 0.004112 0.010791
0 0.352796 0.633094 0.004934 0.010791
0 0.653372 0.047662 0.005757 0.023381
0 0.530428 0.214029 0.004934 0.010791
0 0.730674 0.394784 0.004112 0.012590
0 0.342105 0.276079 0.004934 0.012590
0 0.328536 0.059353 0.009046 0.014388
0 0.753701 0.812950 0.004112 0.010791
0 0.673109 0.651978 0.005757 0.012590
0 0.701069 0.638489 0.004112 0.014388
0 0.496711 0.528777 0.004934 0.010791
0 0.456826 0.239209 0.005757 0.014389
0 0.573602 0.338129 0.004112 0.010791
0 0.535773 0.122302 0.004112 0.010791
0 0.189967 0.007194 0.031250 0.014389
0 0.603618 0.772482 0.003289 0.012590
0 0.516859 0.464029 0.004112 0.010791
0 0.387336 0.027878 0.006579 0.008993
0 0.875411 0.930755 0.004112 0.008993
0 0.594161 0.081835 0.004112 0.012590
0 0.699013 0.781475 0.004934 0.016187
0 0.532072 0.090827 0.004934 0.008993
0 0.633635 0.163669 0.005757 0.010791
0 0.804276 0.562050 0.004934 0.016187
0 0.304276 0.348022 0.004934 0.012590
0 0.727796 0.685252 0.004934 0.010791
0 0.774671 0.886691 0.004934 0.010791
0 0.512336 0.044964 0.004934 0.010791
0 0.329770 0.853417 0.006579 0.012590
0 0.573191 0.095324 0.006579 0.014388
0 0.332237 0.991906 0.008224 0.012590
0 0.310033 0.871403 0.004934 0.012590
0 0.807566 0.172662 0.006579 0.014388
0 0.556332 0.401978 0.007401 0.016187
0 0.549342 0.195144 0.004934 0.019784
0 0.060033 0.854317 0.006579 0.032374
0 0.228207 0.530576 0.005757 0.014388
0 0.398438 0.556655 0.007401 0.012590
0 0.560444 0.968525 0.005757 0.012590
0 0.710938 0.407374 0.007401 0.016187
