0 0.874589 0.979317 0.041941 0.037770
0 0.639803 0.428058 0.006579 0.017986
0 0.692434 0.466727 0.014803 0.016187
0 0.731497 0.721223 0.010691 0.017986
0 0.587993 0.454137 0.014803 0.026978
0 0.880757 0.952338 0.054276 0.062950
0 0.707237 0.144784 0.021382 0.026978
0 0.858553 0.778777 0.011513 0.028777
0 0.323602 0.725719 0.012336 0.026978
0 0.722039 0.982914 0.036184 0.030575
0 0.512747 0.967626 0.018915 0.061151
0 0.705181 0.028777 0.022204 0.039568
0 0.728207 0.039568 0.041941 0.079137
0 0.711760 0.637590 0.025493 0.055755
0 0.690378 0.539568 0.022204 0.039568
0 0.194490 0.403777 0.022204 0.037770
0 0.327714 0.637590 0.055099 0.106115
0 0.292352 0.598921 0.023849 0.057554
0 0.674753 0.437050 0.023849 0.043166
0 0.431743 0.814748 0.024671 0.053957
0 0.547697 0.051259 0.026316 0.062950
0 0.604030 0.223921 0.032072 0.062950
0 0.500411 0.805755 0.033717 0.086331
0 0.539474 0.554856 0.037829 0.077338
0 0.200247 0.957734 0.037007 0.084532
0 0.796875 0.460432 0.026316 0.053957
0 0.767681 0.591727 0.023849 0.075540
0 0.593750 0.785072 0.027960 0.048561
0 0.675987 0.564748 0.021382 0.046763
0 0.615543 0.442446 0.030428 0.053957
0 0.793586 0.526079 0.027960 0.037770
0 0.595395 0.126799 0.024671 0.048561
0 0.821957 0.051259 0.027138 0.044964
0 0.215872 0.609712 0.045230 0.089928
0 0.462582 0.568345 0.051809 0.075540
0 0.215872 0.227518 0.046875 0.088130
0 0.675576 0.827338 0.045230 0.075540
0 0.795641 0.684353 0.022204 0.041367
0 0.538651 0.796763 0.034540 0.057554
0 0.270148 0.580036 0.027138 0.055755
0 0.460526 0.786870 0.046053 0.070144
0 0.744243 0.232014 0.031250 0.064748
0 0.365543 0.565647 0.051809 0.091727
0 0.481086 0.149281 0.036184 0.064748
0 0.251234 0.427158 0.048520 0.091727
0 0.162829 0.073741 0.027960 0.061151
0 0.446135 0.383094 0.025493 0.068345
0 0.362253 0.087230 0.041941 0.073741
0 0.126234 0.867806 0.037007 0.052158
0 0.689967 0.894784 0.037829 0.077338
0 0.393092 0.633094 0.036184 0.064748
0 0.643914 0.277878 0.021382 0.062950
0 0.472862 0.685252 0.027960 0.068345
0 0.534128 0.151079 0.027138 0.050360
0 0.195312 0.851619 0.045230 0.080935
0 0.721217 0.179856 0.032895 0.064748
0 0.933388 0.345324 0.004934 0.028777
0 0.219984 0.950540 0.005757 0.016187
0 0.333059 0.452338 0.004934 0.008993
0 0.555099 0.148381 0.003289 0.008993
0 0.554688 0.300360 0.004112 0.010791
0 0.483553 0.715827 0.004934 0.010791
0 0.370888 0.954137 0.003289 0.008993
0 0.304688 0.793165 0.004112 0.010791
0 0.892681 0.852518 0.004112 0.010791
0 0.358553 0.922662 0.003289 0.010791
0 0.454770 0.223921 0.004934 0.008993
0 0.580592 0.018885 0.003289 0.012590
0 0.548520 0.840827 0.004934 0.008993
0 0.409128 0.575540 0.004112 0.010791
0 0.433799 0.468525 0.005757 0.012590
0 0.412829 0.888489 0.003289 0.010791
0 0.340049 0.227518 0.005757 0.012590
0 0.354030 0.571043 0.025493 0.062950
0 0.691612 0.026079 0.004934 0.016187
0 0.648026 0.424460 0.006579 0.017986
0 0.691612 0.061151 0.004934 0.010791
0 0.656250 0.455935 0.006579 0.016187
0 0.254934 0.474820 0.011513 0.017986
0 0.778783 0.800360 0.004934 0.017986
0 0.689556 0.133094 0.007401 0.014388
0 0.717105 0.506295 0.006579 0.016187
0 0.766036 0.102518 0.007401 0.021583
0 0.791118 0.026079 0.009868 0.016187
