0 0.662418 0.369604 0.007401 0.019784
0 0.201069 0.714928 0.010691 0.019784
0 0.600329 0.007194 0.013158 0.014389
0 0.783306 0.548561 0.013980 0.021583
0 0.591283 0.127698 0.011513 0.021583
0 0.686678 0.939748 0.014803 0.026978
0 0.781661 0.265288 0.012335 0.023381
0 0.683799 0.333633 0.010691 0.026978
0 0.615543 0.151079 0.017270 0.035971
0 0.724918 0.697842 0.010691 0.025180
0 0.718750 0.660971 0.018092 0.026978
0 0.801809 0.244604 0.013158 0.039568
0 0.409951 0.554856 0.023849 0.048561
0 0.734786 0.020683 0.018915 0.041367
0 0.344161 0.024281 0.028783 0.048561
0 0.612664 0.684353 0.021382 0.070144
0 0.463816 0.771583 0.021382 0.050360
0 0.617188 0.815647 0.023849 0.044964
0 0.383635 0.019784 0.053454 0.039568
0 0.635691 0.982914 0.027960 0.030575
0 0.754934 0.018885 0.023026 0.037770
0 0.309211 0.448741 0.023026 0.044964
0 0.640214 0.897482 0.027138 0.064748
0 0.846217 0.518885 0.024671 0.041367
0 0.615543 0.948741 0.023849 0.044964
0 0.377467 0.513489 0.031250 0.055755
0 0.758635 0.820144 0.030428 0.039568
0 0.300164 0.178058 0.031250 0.046763
0 0.674342 0.642986 0.029605 0.059353
0 0.704770 0.731115 0.046053 0.066547
0 0.625411 0.741906 0.033717 0.055755
0 0.744655 0.059352 0.033717 0.053957
0 0.318257 0.929856 0.031250 0.053957
0 0.145970 0.470324 0.037007 0.062950
0 0.666118 0.761691 0.036184 0.066547
0 0.326069 0.220324 0.030428 0.048561
0 0.453947 0.830935 0.041118 0.100719
0 0.641859 0.330036 0.020559 0.048561
0 0.284128 0.787770 0.037007 0.064748
0 0.726562 0.793165 0.027138 0.050360
0 0.486431 0.712230 0.027138 0.050360
0 0.182566 0.813849 0.041118 0.073741
0 0.238487 0.450540 0.052632 0.095324
0 0.863487 0.312950 0.029605 0.068345
0 0.176398 0.732914 0.040296 0.077338
0 0.358964 0.089029 0.053454 0.113309
0 0.249589 0.021583 0.037007 0.043165
0 0.790707 0.745504 0.032072 0.073741
0 0.423931 0.462230 0.027138 0.075540
0 0.333470 0.588130 0.025493 0.061151
0 0.325247 0.784173 0.028783 0.050360
0 0.129112 0.852518 0.044408 0.082734
0 0.666941 0.875899 0.029605 0.071942
0 0.371299 0.594424 0.040296 0.084532
0 0.616776 0.098022 0.041118 0.080935
0 0.687500 0.974820 0.026316 0.043165
0 0.591694 0.737410 0.025493 0.061151
0 0.171464 0.434353 0.027138 0.073741
0 0.310444 0.847122 0.027138 0.057554
0 0.565789 0.750899 0.037829 0.091727
0 0.839227 0.679856 0.041941 0.064748
0 0.495066 0.771583 0.047697 0.086331
0 0.195312 0.602518 0.038651 0.097122
0 0.282895 0.619604 0.046053 0.095324
0 0.255757 0.746403 0.027960 0.082734
0 0.563734 0.226619 0.004112 0.010791
0 0.542352 0.503597 0.004112 0.010791
0 0.285362 0.217626 0.003289 0.010791
0 0.439556 0.741007 0.004112 0.010791
0 0.335115 0.732914 0.004112 0.008993
0 0.243010 0.242806 0.004112 0.010791
0 0.384868 0.279676 0.004934 0.008993
0 0.526727 0.197842 0.004112 0.014388
0 0.116776 0.946942 0.003289 0.008993
0 0.364309 0.750000 0.004934 0.025180
0 0.259457 0.550360 0.004112 0.010791
0 0.322368 0.525180 0.004934 0.010791
0 0.395559 0.670863 0.003289 0.014388
0 0.229441 0.333633 0.003289 0.012590
0 0.187500 0.917266 0.003289 0.010791
0 0.508224 0.667266 0.004934 0.010791
0 0.152138 0.894784 0.004934 0.012590
0 0.428865 0.258094 0.004112 0.012590
0 0.395559 0.762590 0.004934 0.010791
0 0.174342 0.981115 0.004934 0.012590
0 0.149260 0.410072 0.005757 0.010791
0 0.225740 0.073741 0.005757 0.010791
0 0.519737 0.318345 0.008224 0.014389
0 0.581003 0.393885 0.005757 0.010791
0 0.930099 0.485611 0.006579 0.017986
0 0.563322 0.820144 0.006579 0.017986
