0 0.745066 0.006295 0.018092 0.012590
0 0.216694 0.034173 0.007401 0.014388
0 0.273849 0.518885 0.011513 0.019784
0 0.736020 0.616007 0.011513 0.019784
0 0.658306 0.129496 0.009046 0.021583
0 0.512336 0.774281 0.024671 0.062950
0 0.523849 0.381295 0.016447 0.043166
0 0.582648 0.016187 0.025493 0.032374
0 0.877467 0.486511 0.065789 0.080935
0 0.325247 0.017086 0.020559 0.034173
0 0.844984 0.197842 0.027138 0.032374
0 0.752056 0.935252 0.025493 0.061151
0 0.604030 0.405576 0.030428 0.055755
0 0.657484 0.536870 0.027138 0.059353
0 0.325247 0.612410 0.033717 0.055755
0 0.836760 0.440647 0.022204 0.046763
0 0.417352 0.484712 0.025493 0.066547
0 0.435033 0.688849 0.026316 0.068345
0 0.618421 0.359712 0.027960 0.035971
0 0.412418 0.929856 0.023849 0.057554
0 0.753701 0.105216 0.025493 0.062950
0 0.675987 0.330935 0.024671 0.050360
0 0.882812 0.695144 0.030428 0.044964
0 0.797697 0.312050 0.039474 0.091727
0 0.558388 0.678058 0.027960 0.046763
0 0.905839 0.565647 0.038651 0.059353
0 0.805921 0.832734 0.023026 0.050360
0 0.657484 0.661870 0.028783 0.043166
0 0.417352 0.025180 0.033717 0.050360
0 0.453947 0.670863 0.029605 0.057554
0 0.510280 0.398381 0.032072 0.055755
0 0.240954 0.089029 0.026316 0.048561
0 0.445724 0.198741 0.026316 0.044964
0 0.595395 0.206835 0.026316 0.046763
0 0.925576 0.936151 0.041941 0.095324
0 0.854441 0.600719 0.024671 0.068345
0 0.685444 0.558453 0.037007 0.080935
0 0.602385 0.092626 0.027138 0.055755
0 0.691201 0.053058 0.030428 0.070144
0 0.230263 0.774281 0.027960 0.055755
0 0.542352 0.236511 0.032072 0.062950
0 0.241365 0.596223 0.035362 0.066547
0 0.211760 0.626799 0.030428 0.044964
0 0.564145 0.038669 0.026316 0.062950
0 0.278372 0.569245 0.043586 0.091727
0 0.812500 0.701439 0.036184 0.043166
0 0.304688 0.087230 0.048520 0.091727
0 0.668997 0.471223 0.027138 0.068345
0 0.188734 0.141187 0.063322 0.095324
0 0.876645 0.405576 0.041118 0.073741
0 0.915707 0.660072 0.035362 0.086331
0 0.247533 0.349820 0.052632 0.106115
0 0.705592 0.714928 0.032895 0.073741
0 0.480674 0.448741 0.037007 0.088129
0 0.850740 0.812950 0.038651 0.107914
0 0.687500 0.815647 0.044408 0.095324
0 0.222039 0.293165 0.037829 0.089928
0 0.444490 0.499101 0.030428 0.084532
0 0.132401 0.236511 0.047697 0.095324
0 0.167763 0.654676 0.059210 0.104317
0 0.363076 0.308453 0.004112 0.008993
0 0.521382 0.880396 0.003289 0.008993
0 0.702303 0.206835 0.004934 0.010791
0 0.314967 0.544964 0.006579 0.014388
0 0.113898 0.058453 0.004112 0.012590
0 0.945312 0.979317 0.009046 0.037770
0 0.610609 0.252698 0.004112 0.008993
0 0.185855 0.790468 0.003289 0.012590
0 0.532895 0.917266 0.003289 0.010791
0 0.770148 0.539568 0.004112 0.010791
0 0.104852 0.104317 0.004112 0.010791
0 0.154194 0.340827 0.004112 0.012590
0 0.053043 0.366906 0.004112 0.010791
0 0.399260 0.078237 0.004112 0.008993
0 0.334704 0.407374 0.004934 0.012590
0 0.265214 0.047662 0.004112 0.012590
0 0.595395 0.279676 0.004934 0.008993
0 0.442023 0.889389 0.004112 0.012590
0 0.511513 0.254496 0.003289 0.008993
0 0.644737 0.804856 0.003289 0.012590
0 0.221217 0.013489 0.006579 0.026978
0 0.557566 0.836331 0.004934 0.010791
0 0.117188 0.154676 0.004112 0.010791
0 0.696957 0.363309 0.007401 0.010791
0 0.740954 0.469424 0.004934 0.010791
0 0.341694 0.742806 0.004112 0.010791
0 0.360197 0.821043 0.004934 0.012590
0 0.594161 0.862410 0.004112 0.016187
0 0.727796 0.003597 0.009868 0.007194
0 0.335115 0.963130 0.005757 0.012590
0 0.629112 0.279676 0.004934 0.012590
0 0.207237 0.008993 0.006579 0.017986
0 0.321135 0.750000 0.005757 0.010791
0 0.774671 0.311151 0.009868 0.028777
0 0.646793 0.084532 0.005757 0.014388
0 0.807977 0.522482 0.007401 0.012590
0 0.800164 0.779676 0.006579 0.016187
0 0.899671 0.494604 0.023026 0.046763
