0 0.490954 0.019784 0.008224 0.017986
0 0.846217 0.142086 0.009868 0.017986
0 0.708882 0.445144 0.008224 0.016187
0 0.814967 0.738309 0.008224 0.023381
0 0.084704 0.769784 0.009868 0.017986
0 0.317023 0.181655 0.007401 0.021583
0 0.407895 0.652878 0.009868 0.025180
0 0.416118 0.248201 0.011513 0.043166
0 0.376645 0.798561 0.013158 0.043166
0 0.597451 0.893885 0.013980 0.025180
0 0.435033 0.701439 0.008224 0.025180
0 0.659128 0.156475 0.009046 0.025180
0 0.415296 0.984712 0.034540 0.026978
0 0.196546 0.074640 0.014803 0.023381
0 0.203947 0.635791 0.013158 0.026978
0 0.111842 0.985611 0.021382 0.025180
0 0.310033 0.669065 0.018092 0.032374
0 0.134457 0.139388 0.017270 0.030575
0 0.147615 0.015288 0.028783 0.030575
0 0.364309 0.825540 0.024671 0.050360
0 0.892681 0.873201 0.025493 0.052158
0 0.430099 0.241906 0.023026 0.059353
0 0.629934 0.592626 0.024671 0.044964
0 0.339227 0.223921 0.028783 0.052158
0 0.445312 0.370504 0.012335 0.043166
0 0.360609 0.279676 0.033717 0.098921
0 0.335938 0.304856 0.037007 0.077338
0 0.532072 0.821043 0.034540 0.059353
0 0.416941 0.321043 0.039474 0.059352
0 0.817023 0.929856 0.035362 0.053957
0 0.753701 0.391187 0.030428 0.052158
0 0.340872 0.647482 0.030428 0.053957
0 0.323602 0.421763 0.027138 0.066547
0 0.250000 0.372302 0.046053 0.133094
0 0.379112 0.872302 0.027960 0.061151
0 0.427632 0.401079 0.024671 0.053957
0 0.313322 0.627698 0.023026 0.050360
0 0.763158 0.540468 0.029605 0.073741
0 0.855674 0.833633 0.032072 0.052158
0 0.585115 0.872302 0.040296 0.064748
0 0.617599 0.223921 0.042763 0.062950
0 0.529194 0.035971 0.027138 0.057554
0 0.169408 0.087230 0.032895 0.059352
0 0.364309 0.509892 0.031250 0.080935
0 0.528372 0.314748 0.023849 0.050360
0 0.832237 0.169964 0.029605 0.055755
0 0.723684 0.724820 0.046053 0.079137
0 0.738898 0.609712 0.048520 0.133094
0 0.587582 0.754496 0.028783 0.070144
0 0.899671 0.598921 0.055921 0.100719
0 0.181743 0.035971 0.046053 0.068345
0 0.344572 0.105216 0.039474 0.077338
0 0.231497 0.749101 0.040296 0.080935
0 0.133635 0.357014 0.032072 0.055755
0 0.370066 0.115108 0.023026 0.050360
0 0.092105 0.716727 0.034540 0.070144
0 0.719161 0.276079 0.037007 0.066547
0 0.669408 0.942446 0.032895 0.068345
0 0.707237 0.792266 0.036184 0.073741
0 0.566201 0.059353 0.041941 0.086331
0 0.175164 0.563849 0.060855 0.077338
0 0.394326 0.214928 0.040296 0.080935
0 0.254523 0.808453 0.037007 0.095324
0 0.466283 0.573741 0.037829 0.089928
0 0.393503 0.770683 0.041941 0.102518
0 0.634046 0.273381 0.029605 0.053957
0 0.097862 0.323741 0.036184 0.093525
0 0.643503 0.085432 0.043585 0.102518
0 0.842928 0.593525 0.059211 0.140288
0 0.397615 0.901978 0.028783 0.059352
0 0.782895 0.500899 0.027960 0.073741
0 0.518092 0.625000 0.044408 0.102518
0 0.739720 0.085432 0.004112 0.012590
0 0.193257 0.672662 0.003289 0.010791
0 0.819079 0.792266 0.003289 0.008993
0 0.899671 0.272482 0.004934 0.008993
0 0.689967 0.410072 0.003289 0.010791
0 0.632812 0.731115 0.004112 0.008993
0 0.513569 0.162770 0.004112 0.008993
0 0.475740 0.730216 0.004112 0.010791
0 0.605263 0.611511 0.003289 0.014388
0 0.469984 0.437950 0.004112 0.012590
0 0.498766 0.851619 0.004112 0.008993
0 0.819901 0.503597 0.003289 0.010791
0 0.303865 0.800360 0.004112 0.010791
0 0.546464 0.091727 0.004112 0.014388
0 0.609786 0.698741 0.004112 0.008993
0 0.442023 0.805755 0.004112 0.010791
0 0.481086 0.837230 0.004934 0.012590
0 0.437089 0.756295 0.004112 0.008993
0 0.634868 0.320144 0.004934 0.010791
0 0.489720 0.517986 0.004112 0.010791
0 0.615543 0.317446 0.005757 0.008993
0 0.560033 0.635791 0.004934 0.012590
0 0.378701 0.427158 0.004112 0.008993
0 0.407895 0.672662 0.006579 0.010791
0 0.780016 0.317446 0.005757 0.012590
0 0.694901 0.339928 0.006579 0.010791
0 0.141859 0.941547 0.004112 0.008993
0 0.645970 0.384892 0.007401 0.017986
0 0.797286 0.391187 0.004112 0.016187
0 0.850329 0.747302 0.004934 0.008993
0 0.455181 0.031475 0.005757 0.008993
0 0.696957 0.157374 0.004112 0.012590
0 0.693668 0.203237 0.004112 0.010791
0 0.420641 0.289568 0.009046 0.014389
0 0.400493 0.704137 0.004934 0.016187
0 0.584704 0.991007 0.004934 0.010791
0 0.481908 0.368705 0.004934 0.010791
0 0.708470 0.636691 0.005757 0.014388
0 0.448602 0.896583 0.005757 0.012590
0 0.791530 0.271583 0.007401 0.010791
0 0.673109 0.367806 0.004112 0.016187
0 0.851974 0.303058 0.004934 0.012590
0 0.596628 0.162770 0.005757 0.012590
0 0.872533 0.353417 0.006579 0.012590
0 0.842105 0.262590 0.004934 0.014389
0 0.386102 0.139388 0.007401 0.016187
0 0.494655 0.428058 0.005757 0.017986
0 0.623766 0.857014 0.009046 0.019784
0 0.471217 0.032374 0.006579 0.014388
