0 0.202303 0.380396 0.011513 0.023381
0 0.796464 0.250000 0.010691 0.021583
0 0.656661 0.901079 0.010691 0.014388
0 0.520148 0.028777 0.009046 0.017986
0 0.920230 0.893885 0.013158 0.021583
0 0.709293 0.366007 0.010691 0.023381
0 0.607319 0.008993 0.018915 0.017986
0 0.659951 0.387590 0.010691 0.023381
0 0.915707 0.908273 0.013980 0.025180
0 0.238076 0.883993 0.027138 0.041367
0 0.587582 0.223022 0.018915 0.035971
0 0.714227 0.332734 0.033717 0.043166
0 0.739309 0.482914 0.018092 0.034173
0 0.841283 0.940647 0.016447 0.039568
0 0.576480 0.717626 0.027960 0.071942
0 0.730674 0.978417 0.027138 0.039568
0 0.555099 0.072842 0.023026 0.037770
0 0.665707 0.554856 0.017270 0.044964
0 0.845806 0.485611 0.020559 0.057554
0 0.790296 0.762590 0.029605 0.046763
0 0.547697 0.230216 0.055921 0.089928
0 0.129523 0.325540 0.035362 0.061151
0 0.386924 0.492806 0.025493 0.050360
0 0.503701 0.080036 0.028783 0.044964
0 0.076069 0.968525 0.028783 0.055755
0 0.669408 0.022482 0.029605 0.044964
0 0.759046 0.710432 0.049342 0.075540
0 0.310855 0.437050 0.049342 0.064748
0 0.774671 0.248201 0.021382 0.039568
0 0.551809 0.674460 0.026316 0.057554
0 0.712171 0.020683 0.024671 0.041367
0 0.383224 0.933453 0.029605 0.057554
0 0.456826 0.338129 0.025493 0.053957
0 0.449013 0.486511 0.026316 0.044964
0 0.699013 0.946942 0.037829 0.066547
0 0.542352 0.889389 0.030428 0.059353
0 0.143914 0.938849 0.031250 0.050360
0 0.634457 0.224820 0.043585 0.075540
0 0.270559 0.360611 0.023026 0.041367
0 0.536595 0.492806 0.055099 0.107914
0 0.183799 0.557554 0.030428 0.050360
0 0.239309 0.569245 0.036184 0.059353
0 0.515214 0.260791 0.056743 0.100719
0 0.440378 0.201439 0.027138 0.071942
0 0.856086 0.126799 0.032895 0.062950
0 0.917763 0.664568 0.027961 0.055755
0 0.433388 0.890288 0.031250 0.104317
0 0.660362 0.309353 0.052632 0.086331
0 0.913240 0.320144 0.050164 0.093525
0 0.921464 0.973921 0.030428 0.052158
0 0.226974 0.342626 0.029605 0.077338
0 0.400082 0.078237 0.050165 0.095324
0 0.246299 0.371403 0.023849 0.062950
0 0.106497 0.687050 0.064967 0.165468
0 0.501645 0.401079 0.037829 0.089928
0 0.469572 0.617806 0.060855 0.084532
0 0.160362 0.473022 0.049342 0.122302
0 0.737253 0.240108 0.061678 0.120504
0 0.532484 0.962230 0.041941 0.071942
0 0.675987 0.819245 0.032895 0.066547
0 0.510280 0.589029 0.027138 0.052158
0 0.789474 0.531475 0.039474 0.077338
0 0.267270 0.859712 0.034539 0.071942
0 0.827714 0.324640 0.037007 0.091727
0 0.384868 0.727518 0.047697 0.138489
0 0.210526 0.909173 0.003289 0.008993
0 0.379112 0.422662 0.003289 0.010791
0 0.255345 0.080935 0.004112 0.010791
0 0.336349 0.218525 0.003289 0.008993
0 0.554688 0.368705 0.004112 0.010791
0 0.827303 0.905576 0.003289 0.008993
0 0.434622 0.144784 0.004112 0.012590
0 0.411595 0.223921 0.004112 0.012590
0 0.513569 0.012590 0.004112 0.010791
0 0.754523 0.793165 0.004112 0.010791
0 0.854852 0.285971 0.004112 0.010791
0 0.365954 0.600719 0.004934 0.010791
0 0.456414 0.919065 0.003289 0.010791
0 0.173931 0.963130 0.004112 0.008993
0 0.150082 0.839029 0.004112 0.008993
0 0.733141 0.109712 0.004112 0.014388
0 0.640625 0.798561 0.004934 0.010791
0 0.612253 0.419065 0.004112 0.010791
0 0.891447 0.990108 0.003289 0.008993
0 0.738487 0.128597 0.003289 0.012590
0 0.807155 0.065648 0.004112 0.008993
0 0.277138 0.236511 0.004934 0.008993
0 0.890625 0.741906 0.003289 0.008993
0 0.658306 0.750000 0.004112 0.010791
0 0.433799 0.493705 0.004112 0.012590
0 0.198191 0.253597 0.004934 0.010791
0 0.473684 0.928957 0.003289 0.012590
0 0.667763 0.950540 0.004934 0.008993
0 0.483553 0.823741 0.004934 0.010791
0 0.412418 0.306655 0.004112 0.008993
0 0.377467 0.367806 0.004934 0.012590
0 0.259046 0.602518 0.004934 0.010791
0 0.517681 0.544065 0.005757 0.016187
0 0.364309 0.638489 0.004934 0.010791
0 0.598273 0.053957 0.004112 0.010791
0 0.702714 0.416367 0.004112 0.016187
0 0.572780 0.616007 0.004112 0.012590
0 0.787418 0.903777 0.005757 0.012590
0 0.416530 0.507194 0.004112 0.010791
0 0.478618 0.705036 0.004934 0.010791
0 0.372533 0.678058 0.014803 0.032374
0 0.815378 0.144784 0.005757 0.012590
0 0.171464 0.683453 0.005757 0.017986
0 0.701891 0.260791 0.007401 0.021583
0 0.620066 0.653777 0.008224 0.012590
0 0.644737 0.095324 0.008224 0.014388
