0 0.474507 0.007194 0.019737 0.014389
0 0.550576 0.636691 0.007401 0.017986
0 0.583059 0.700540 0.008224 0.023381
0 0.729030 0.210432 0.009046 0.017986
0 0.527961 0.368705 0.009868 0.035971
0 0.459704 0.989209 0.021382 0.017986
0 0.673109 0.410971 0.010691 0.026978
0 0.643914 0.248201 0.009868 0.028777
0 0.282072 0.986511 0.016447 0.023381
0 0.723684 0.015288 0.018092 0.030575
0 0.388158 0.040468 0.018092 0.037770
0 0.289474 0.931655 0.013158 0.028777
0 0.159539 0.023381 0.027960 0.046763
0 0.465872 0.364209 0.015625 0.041367
0 0.589638 0.038669 0.019737 0.037770
0 0.178865 0.026079 0.022204 0.052158
0 0.826069 0.250899 0.038651 0.073741
0 0.822368 0.538669 0.041118 0.059353
0 0.747533 0.789568 0.021382 0.035971
0 0.289062 0.323741 0.023849 0.046763
0 0.780016 0.977518 0.035362 0.037770
0 0.648026 0.633094 0.026316 0.050360
0 0.426809 0.262590 0.018092 0.046763
0 0.553865 0.593525 0.025493 0.043166
0 0.615132 0.879496 0.026316 0.043166
0 0.534539 0.139388 0.014803 0.044964
0 0.342516 0.761691 0.025493 0.044964
0 0.792352 0.637590 0.032072 0.044964
0 0.765214 0.130396 0.020559 0.044964
0 0.603207 0.212230 0.023849 0.064748
0 0.834293 0.578237 0.030428 0.055755
0 0.698191 0.757194 0.021382 0.057554
0 0.651727 0.830036 0.027138 0.052158
0 0.625000 0.778777 0.031250 0.057554
0 0.668997 0.651978 0.020559 0.041367
0 0.683799 0.702338 0.023849 0.059353
0 0.647204 0.744604 0.023026 0.046763
0 0.247533 0.116007 0.036184 0.059352
0 0.205592 0.452338 0.031250 0.055755
0 0.663651 0.955935 0.024671 0.088129
0 0.398438 0.111511 0.028783 0.043165
0 0.668586 0.791367 0.027960 0.061151
0 0.279605 0.283273 0.034539 0.052158
0 0.599507 0.766187 0.026316 0.046763
0 0.743832 0.022482 0.027138 0.044964
0 0.864720 0.053058 0.025493 0.062950
0 0.812500 0.401079 0.026316 0.057554
0 0.671053 0.053058 0.026316 0.059352
0 0.801809 0.728417 0.029605 0.043166
0 0.310855 0.167266 0.032895 0.068345
0 0.690789 0.080935 0.023026 0.068345
0 0.273026 0.140288 0.026316 0.053957
0 0.806743 0.472122 0.023026 0.055755
0 0.796464 0.338129 0.046875 0.100719
0 0.239720 0.587230 0.038651 0.066547
0 0.217516 0.886691 0.030428 0.053957
0 0.483141 0.559353 0.025493 0.079137
0 0.415296 0.946043 0.044408 0.079137
0 0.907484 0.121403 0.027138 0.073741
0 0.497533 0.294964 0.034540 0.071942
0 0.165707 0.437050 0.041941 0.089928
0 0.334293 0.533273 0.043585 0.080935
0 0.695312 0.401978 0.035362 0.080935
0 0.271793 0.186151 0.025493 0.044964
0 0.445312 0.379496 0.033717 0.071942
0 0.518092 0.043165 0.044408 0.086331
0 0.537418 0.959532 0.033717 0.077338
0 0.709293 0.700540 0.030428 0.080935
0 0.366365 0.124101 0.025493 0.061151
0 0.407072 0.473921 0.027961 0.073741
0 0.240954 0.460432 0.041118 0.086331
0 0.634457 0.206835 0.004112 0.010791
0 0.345806 0.464928 0.004112 0.008993
0 0.511513 0.813849 0.003289 0.008993
0 0.581003 0.016187 0.004112 0.014388
0 0.769326 0.933453 0.004112 0.007194
0 0.534539 0.883993 0.003289 0.008993
0 0.458882 0.732914 0.004934 0.008993
0 0.387747 0.329137 0.004112 0.010791
0 0.291118 0.045863 0.003289 0.008993
0 0.874178 0.314748 0.003289 0.010791
0 0.759457 0.195144 0.004112 0.008993
0 0.211760 0.660072 0.004112 0.010791
0 0.608141 0.478417 0.004112 0.010791
0 0.585938 0.921763 0.004112 0.008993
0 0.497944 0.735611 0.004112 0.010791
0 0.772615 0.425360 0.004112 0.008993
0 0.645559 0.142986 0.004934 0.008993
0 0.680099 0.164568 0.003289 0.012590
0 0.674342 0.121403 0.004934 0.012590
0 0.224918 0.813849 0.004112 0.008993
0 0.203536 0.793165 0.004112 0.010791
0 0.642270 0.376799 0.003289 0.012590
0 0.531250 0.525180 0.004934 0.010791
0 0.538240 0.341727 0.004112 0.010791
0 0.743832 0.665468 0.005757 0.010791
0 0.516036 0.248201 0.004112 0.010791
0 0.894326 0.908273 0.004112 0.010791
0 0.585115 0.641187 0.004112 0.008993
0 0.629523 0.400180 0.005757 0.008993
0 0.682566 0.777878 0.004934 0.019784
0 0.649260 0.863309 0.007401 0.010791
0 0.139803 0.793165 0.004934 0.010791
0 0.338816 0.202338 0.008224 0.012590
0 0.288240 0.407374 0.005757 0.012590
0 0.646382 0.498201 0.006579 0.010791
0 0.427632 0.892986 0.006579 0.008993
0 0.346628 0.992806 0.015625 0.010791
0 0.673520 0.535072 0.006579 0.019784
0 0.082648 0.491007 0.009046 0.010791
0 0.590872 0.525180 0.005757 0.014388
0 0.485197 0.024281 0.004934 0.016187
0 0.736431 0.645683 0.007401 0.014388
