0 0.837993 0.576439 0.008224 0.016187
0 0.517681 0.351619 0.009046 0.019784
0 0.640625 0.419065 0.006579 0.017986
0 0.338405 0.714928 0.007401 0.023381
0 0.312911 0.728417 0.009046 0.021583
0 0.444490 0.425360 0.007401 0.016187
0 0.598684 0.020683 0.013158 0.030575
0 0.057566 0.618705 0.011513 0.064748
0 0.324013 0.960432 0.011513 0.017986
0 0.205181 0.010791 0.022204 0.021583
0 0.463816 0.366906 0.011513 0.021583
0 0.442434 0.346223 0.011513 0.023381
0 0.314556 0.348921 0.009046 0.021583
0 0.415707 0.428957 0.009046 0.023381
0 0.441201 0.662770 0.012335 0.023381
0 0.347039 0.988309 0.019737 0.019784
0 0.611842 0.964928 0.016447 0.048561
0 0.598684 0.596223 0.014803 0.030575
0 0.622944 0.253597 0.012335 0.035971
0 0.586760 0.392086 0.028783 0.046763
0 0.649671 0.940647 0.021382 0.050360
0 0.651727 0.769784 0.058388 0.118705
0 0.576069 0.145683 0.023849 0.053957
0 0.640214 0.982914 0.025493 0.030575
0 0.584293 0.017986 0.020559 0.035971
0 0.439145 0.020683 0.016447 0.041367
0 0.551809 0.851619 0.026316 0.044964
0 0.475740 0.889389 0.013980 0.041367
0 0.352796 0.497302 0.034540 0.052158
0 0.700247 0.663669 0.030428 0.068345
0 0.398438 0.502698 0.030428 0.066547
0 0.517270 0.458633 0.026316 0.125899
0 0.180099 0.082734 0.029605 0.057554
0 0.387747 0.297662 0.020559 0.044964
0 0.764391 0.662770 0.025493 0.070144
0 0.635691 0.044964 0.013158 0.039568
0 0.665707 0.446942 0.025493 0.055755
0 0.153783 0.030575 0.026316 0.046763
0 0.527961 0.158273 0.026316 0.057554
0 0.577303 0.800360 0.023026 0.053957
0 0.888158 0.910971 0.034539 0.055755
0 0.895970 0.632194 0.023849 0.048561
0 0.364720 0.335432 0.020559 0.055755
0 0.705592 0.020683 0.026316 0.041367
0 0.722451 0.414568 0.028783 0.048561
0 0.327303 0.174460 0.024671 0.057554
0 0.716694 0.558453 0.028783 0.055755
0 0.332648 0.785971 0.035362 0.053957
0 0.322368 0.118705 0.031250 0.053957
0 0.788240 0.436151 0.040296 0.073741
0 0.344161 0.039568 0.025493 0.046763
0 0.401316 0.066547 0.029605 0.057554
0 0.606908 0.330935 0.023026 0.039568
0 0.507401 0.193345 0.018092 0.044964
0 0.570724 0.646583 0.027960 0.055755
0 0.165707 0.502698 0.022204 0.048561
0 0.598684 0.249101 0.026316 0.055755
0 0.384046 0.749101 0.032895 0.059353
0 0.679276 0.025180 0.034540 0.050360
0 0.095395 0.735611 0.034540 0.053957
0 0.726151 0.947842 0.031250 0.064748
0 0.196135 0.419964 0.046875 0.059352
0 0.198191 0.051259 0.029605 0.073741
0 0.323602 0.410971 0.033717 0.066547
0 0.796053 0.090827 0.041118 0.080935
0 0.532895 0.384892 0.026316 0.057554
0 0.557155 0.540468 0.033717 0.059353
0 0.604441 0.653777 0.024671 0.052158
0 0.742599 0.660971 0.023026 0.059353
0 0.416530 0.658273 0.030428 0.089928
0 0.471628 0.820144 0.058388 0.100719
0 0.881990 0.382194 0.038651 0.073741
0 0.772615 0.233813 0.045230 0.086331
0 0.603207 0.767986 0.030428 0.053957
0 0.913651 0.030575 0.044408 0.061151
0 0.290296 0.372302 0.027960 0.057554
0 0.613898 0.070144 0.025493 0.050360
0 0.767270 0.149281 0.036184 0.057554
0 0.077303 0.624101 0.032895 0.097122
0 0.208882 0.241007 0.041118 0.071942
0 0.479030 0.732014 0.028783 0.075540
0 0.304688 0.491906 0.063322 0.127698
0 0.762336 0.756295 0.029605 0.048561
0 0.157072 0.241007 0.039474 0.082734
0 0.523026 0.838130 0.034540 0.082734
0 0.430510 0.879496 0.040296 0.089928
0 0.247122 0.127698 0.004112 0.007194
0 0.847862 0.294065 0.003289 0.008993
0 0.675576 0.636691 0.004112 0.010791
0 0.268503 0.969424 0.004112 0.010791
0 0.414474 0.567446 0.003289 0.008993
0 0.425576 0.966727 0.004112 0.008993
0 0.262747 0.024281 0.004112 0.008993
0 0.604030 0.516187 0.004112 0.014388
0 0.738076 0.469424 0.004112 0.010791
0 0.528372 0.531475 0.005757 0.008993
0 0.486020 0.340827 0.003289 0.012590
0 0.538651 0.291367 0.004934 0.010791
0 0.099095 0.819245 0.004112 0.008993
0 0.504934 0.884892 0.003289 0.010791
0 0.764391 0.345324 0.004112 0.010791
0 0.560444 0.934353 0.004112 0.012590
0 0.559211 0.829137 0.008224 0.014388
0 0.604030 0.552158 0.004112 0.010791
0 0.630345 0.092626 0.004112 0.012590
0 0.157484 0.157374 0.004112 0.012590
0 0.683388 0.884892 0.004934 0.010791
0 0.641859 0.527878 0.004112 0.008993
0 0.360609 0.669065 0.004112 0.010791
0 0.560444 0.973921 0.004112 0.008993
0 0.432155 0.450540 0.004112 0.012590
0 0.312089 0.638489 0.004112 0.010791
0 0.589227 0.696043 0.004112 0.010791
0 0.608553 0.401079 0.004934 0.010791
0 0.183799 0.883993 0.004112 0.012590
0 0.579770 0.598921 0.004934 0.010791
0 0.441201 0.755396 0.004112 0.014388
0 0.538651 0.472122 0.003289 0.012590
0 0.660362 0.408273 0.004934 0.010791
0 0.497533 0.074640 0.004934 0.008993
0 0.564967 0.450540 0.004934 0.008993
0 0.190789 0.863309 0.004934 0.010791
0 0.353207 0.548561 0.004112 0.014388
0 0.288240 0.263489 0.004112 0.012590
0 0.837993 0.821942 0.004934 0.010791
0 0.530428 0.009892 0.009868 0.016187
0 0.382812 0.202338 0.005757 0.008993
0 0.472451 0.612410 0.004112 0.012590
0 0.551398 0.935252 0.005757 0.010791
0 0.388980 0.677158 0.006579 0.012590
0 0.518503 0.005396 0.020559 0.010791
0 0.766036 0.092626 0.005757 0.012590
0 0.609786 0.006295 0.017270 0.012590
0 0.553865 0.356115 0.004112 0.010791
0 0.205592 0.993705 0.004934 0.012590
0 0.622944 0.293165 0.004112 0.014389
0 0.509457 0.524281 0.007401 0.016187
0 0.590872 0.877698 0.007401 0.014388
0 0.545641 0.884892 0.007401 0.025180
0 0.621299 0.492806 0.005757 0.017986
0 0.482319 0.196043 0.007401 0.014388
0 0.502056 0.251799 0.007401 0.014389
0 0.456414 0.413669 0.008224 0.014389
0 0.455592 0.443345 0.006579 0.016187
0 0.572368 0.484712 0.006579 0.019784
