0 0.486431 0.041367 0.018915 0.053957
0 0.859786 0.599820 0.010691 0.019784
0 0.834704 0.352518 0.008224 0.017986
0 0.657072 0.070144 0.008224 0.017986
0 0.516859 0.982914 0.040296 0.026978
0 0.752056 0.007194 0.020559 0.014389
0 0.823602 0.063849 0.040296 0.059353
0 0.389391 0.616007 0.013980 0.026978
0 0.507812 0.033273 0.045230 0.066547
0 0.311678 0.607014 0.031250 0.055755
0 0.567434 0.982914 0.026316 0.034173
0 0.766036 0.190647 0.017270 0.035971
0 0.098684 0.252698 0.036184 0.055755
0 0.768503 0.017986 0.022204 0.035971
0 0.563734 0.937950 0.023849 0.052158
0 0.555510 0.017086 0.023849 0.034173
0 0.159539 0.665468 0.047697 0.093525
0 0.437089 0.637590 0.032072 0.084532
0 0.766036 0.321942 0.020559 0.050360
0 0.537007 0.432554 0.021382 0.044964
0 0.376645 0.393885 0.031250 0.068345
0 0.707648 0.548561 0.025493 0.046763
0 0.611842 0.363309 0.039474 0.086331
0 0.509457 0.112410 0.032072 0.052158
0 0.147204 0.755396 0.064145 0.107914
0 0.613076 0.226619 0.040296 0.068345
0 0.338405 0.824640 0.041941 0.088129
0 0.565378 0.651978 0.022204 0.052158
0 0.476151 0.921763 0.042763 0.062950
0 0.628701 0.669065 0.027138 0.046763
0 0.252878 0.170863 0.028783 0.064748
0 0.233553 0.288669 0.023026 0.044964
0 0.270148 0.083633 0.037007 0.059352
0 0.918997 0.724820 0.040296 0.057554
0 0.135691 0.833633 0.037829 0.070144
0 0.397615 0.058453 0.025493 0.052158
0 0.813734 0.098022 0.030428 0.052158
0 0.744655 0.317446 0.022204 0.048561
0 0.694079 0.399281 0.024671 0.068345
0 0.711349 0.898381 0.034540 0.044964
0 0.788240 0.046763 0.023849 0.043165
0 0.733553 0.080036 0.029605 0.044964
0 0.439556 0.261691 0.035362 0.062950
0 0.143914 0.032374 0.021382 0.057554
0 0.162418 0.152878 0.048520 0.118705
0 0.694901 0.821043 0.032895 0.059353
0 0.668586 0.535072 0.065790 0.124101
0 0.334293 0.303058 0.033717 0.091727
0 0.379112 0.160971 0.034540 0.073741
0 0.610609 0.137590 0.025493 0.070144
0 0.344572 0.910971 0.047697 0.080935
0 0.566612 0.437950 0.039474 0.113309
0 0.094572 0.810252 0.049342 0.077338
0 0.277961 0.669964 0.060855 0.120504
0 0.210938 0.133094 0.004112 0.010791
0 0.442845 0.742806 0.004112 0.010791
0 0.598273 0.936151 0.004112 0.008993
0 0.585526 0.642986 0.003289 0.008993
0 0.324836 0.163669 0.003289 0.010791
0 0.721217 0.143885 0.003289 0.010791
0 0.275493 0.919964 0.003289 0.008993
0 0.449013 0.428957 0.003289 0.012590
0 0.328125 0.991906 0.031250 0.016187
0 0.415296 0.899281 0.003289 0.010791
0 0.699013 0.234712 0.004934 0.012590
0 0.483141 0.716727 0.004112 0.012590
0 0.406661 0.817446 0.004112 0.012590
0 0.497944 0.842626 0.004112 0.012590
0 0.623355 0.825540 0.003289 0.007194
0 0.320312 0.704137 0.004112 0.008993
0 0.661184 0.093525 0.003289 0.010791
0 0.518092 0.758094 0.004934 0.008993
0 0.430099 0.113309 0.003289 0.010791
0 0.492188 0.616906 0.005757 0.017986
0 0.736020 0.120504 0.003289 0.010791
0 0.557977 0.223022 0.004112 0.010791
0 0.398849 0.387590 0.003289 0.012590
0 0.298520 0.405576 0.004934 0.008993
0 0.409128 0.394784 0.004112 0.008993
0 0.323191 0.368705 0.003289 0.010791
0 0.477796 0.857914 0.003289 0.010791
0 0.497122 0.437950 0.004112 0.008993
0 0.649260 0.843525 0.004112 0.010791
0 0.675987 0.006295 0.004934 0.008993
0 0.166118 0.081835 0.004934 0.008993
0 0.598684 0.770683 0.003289 0.008993
0 0.274260 0.848022 0.004112 0.008993
0 0.574836 0.330036 0.004934 0.012590
0 0.473684 0.240108 0.003289 0.012590
0 0.803043 0.976619 0.004112 0.010791
0 0.212582 0.727518 0.004112 0.008993
0 0.555099 0.120504 0.003289 0.010791
0 0.503289 0.858813 0.004934 0.012590
0 0.502467 0.989209 0.019737 0.014388
0 0.193668 0.178957 0.009046 0.016187
0 0.192434 0.812050 0.008224 0.019784
0 0.450247 0.318345 0.004112 0.010791
0 0.611020 0.524281 0.004934 0.012590
0 0.859786 0.957734 0.004112 0.012590
0 0.206414 0.196043 0.004934 0.017986
0 0.905016 0.640288 0.005757 0.010791
0 0.341694 0.231115 0.004112 0.012590
0 0.585115 0.026978 0.004112 0.014389
0 0.555510 0.904676 0.004112 0.010791
0 0.532895 0.221223 0.004934 0.010791
0 0.276316 0.170863 0.004934 0.010791
0 0.697780 0.955935 0.004112 0.008993
0 0.084704 0.735611 0.004934 0.010791
0 0.792763 0.003597 0.016447 0.007194
0 0.710938 0.396583 0.007401 0.012590
0 0.723273 0.494604 0.005757 0.010791
0 0.368421 0.706835 0.004934 0.014388
0 0.112664 0.190647 0.004934 0.010791
0 0.856908 0.852518 0.006579 0.014388
0 0.240132 0.972122 0.004934 0.012590
0 0.741365 0.784173 0.005757 0.014388
0 0.597451 0.316547 0.005757 0.017986
0 0.242188 0.236511 0.005757 0.016187
0 0.623766 0.601619 0.007401 0.012590
