0 0.259046 0.866906 0.011513 0.014388
0 0.528372 0.309353 0.007401 0.017986
0 0.629523 0.353417 0.007401 0.019784
0 0.528783 0.284173 0.008224 0.017986
0 0.617188 0.594424 0.009046 0.019784
0 0.777138 0.345324 0.011513 0.025180
0 0.461349 0.103417 0.009868 0.023381
0 0.558799 0.104317 0.009046 0.017986
0 0.541118 0.796763 0.009868 0.021583
0 0.261102 0.832734 0.012336 0.025180
0 0.710115 0.853417 0.018915 0.037770
0 0.362664 0.645683 0.014803 0.017986
0 0.847451 0.458633 0.013980 0.017986
0 0.298109 0.526978 0.025493 0.057554
0 0.409539 0.372302 0.011513 0.025180
0 0.772204 0.822842 0.016447 0.026978
0 0.467928 0.180755 0.013158 0.023381
0 0.699836 0.366007 0.041118 0.070144
0 0.460115 0.270683 0.012335 0.034173
0 0.783306 0.266187 0.015625 0.035971
0 0.773849 0.908273 0.032895 0.053957
0 0.176809 0.255396 0.041118 0.079137
0 0.500000 0.220324 0.014803 0.030576
0 0.601151 0.042266 0.019737 0.048561
0 0.497944 0.529676 0.022204 0.052158
0 0.323191 0.667266 0.046053 0.053957
0 0.375411 0.533273 0.033717 0.059353
0 0.705592 0.900180 0.044408 0.088130
0 0.576480 0.030575 0.036184 0.061151
0 0.378289 0.051259 0.019737 0.037770
0 0.705592 0.979317 0.036184 0.037770
0 0.191201 0.024281 0.025493 0.037770
0 0.209293 0.399281 0.030428 0.035971
0 0.726151 0.658273 0.023026 0.068345
0 0.642270 0.020683 0.024671 0.041367
0 0.635280 0.168165 0.013980 0.041367
0 0.655839 0.285072 0.020559 0.041367
0 0.634046 0.857014 0.018092 0.037770
0 0.750000 0.114209 0.029605 0.059353
0 0.739309 0.975719 0.031250 0.041367
0 0.216694 0.276079 0.028783 0.041367
0 0.416530 0.257194 0.028783 0.050360
0 0.420641 0.915468 0.033717 0.057554
0 0.331003 0.714029 0.027138 0.046763
0 0.482730 0.372302 0.021382 0.035971
0 0.409128 0.554856 0.023849 0.059353
0 0.253289 0.564748 0.029605 0.053957
0 0.352385 0.826439 0.027138 0.070144
0 0.682977 0.025180 0.025493 0.046763
0 0.386513 0.475719 0.036184 0.062950
0 0.759046 0.746403 0.027960 0.057554
0 0.487664 0.776079 0.034540 0.066547
0 0.549342 0.601619 0.023026 0.070144
0 0.363898 0.026079 0.038651 0.052158
0 0.268092 0.440647 0.029605 0.046763
0 0.278783 0.500000 0.046053 0.089928
0 0.240954 0.964029 0.050987 0.071942
0 0.623355 0.305755 0.023026 0.061151
0 0.679688 0.938849 0.027138 0.043165
0 0.788240 0.370504 0.035362 0.071942
0 0.266447 0.910072 0.029605 0.053957
0 0.608141 0.350719 0.027138 0.061151
0 0.457648 0.612410 0.028783 0.066547
0 0.425164 0.669065 0.044408 0.115108
0 0.566201 0.646583 0.035362 0.070144
0 0.715049 0.430755 0.027138 0.066547
0 0.708059 0.693345 0.026316 0.059353
0 0.344984 0.179856 0.025493 0.057554
0 0.683799 0.702338 0.027138 0.048561
0 0.658717 0.923561 0.026316 0.052158
0 0.643503 0.966727 0.038651 0.055755
0 0.208882 0.146583 0.031250 0.059353
0 0.635691 0.262590 0.024671 0.053957
0 0.242188 0.697842 0.050165 0.118705
0 0.807977 0.397482 0.017270 0.050360
0 0.479030 0.860611 0.027138 0.080935
0 0.629934 0.908273 0.032895 0.064748
0 0.833882 0.547662 0.037829 0.066547
0 0.684622 0.654676 0.025493 0.061151
0 0.202303 0.347122 0.036184 0.068345
0 0.377878 0.594424 0.035362 0.077338
0 0.393503 0.842626 0.035362 0.062950
0 0.626645 0.405576 0.029605 0.073741
0 0.383224 0.289568 0.031250 0.057554
0 0.740954 0.901079 0.024671 0.050360
0 0.517270 0.642086 0.034540 0.064748
0 0.515625 0.347122 0.032895 0.079137
0 0.580181 0.136691 0.004112 0.010791
0 0.268092 0.199640 0.003289 0.010791
0 0.310444 0.221223 0.004112 0.010791
0 0.171053 0.423561 0.003289 0.012590
0 0.748355 0.292266 0.003289 0.008993
0 0.355263 0.948741 0.003289 0.008993
0 0.616776 0.766187 0.003289 0.010791
0 0.193668 0.738309 0.004112 0.008993
0 0.317434 0.919964 0.003289 0.008993
0 0.150905 0.317446 0.004112 0.008993
0 0.917352 0.705036 0.005757 0.010791
0 0.769737 0.292266 0.004934 0.008993
0 0.625822 0.137590 0.004934 0.012590
0 0.326069 0.452338 0.005757 0.008993
0 0.481086 0.222122 0.003289 0.008993
0 0.220395 0.521583 0.004934 0.010791
0 0.093750 0.139388 0.004934 0.008993
0 0.227796 0.853417 0.004934 0.008993
0 0.351974 0.716727 0.004934 0.012590
0 0.231086 0.907374 0.009868 0.016187
0 0.877056 0.721223 0.004112 0.014388
0 0.617599 0.878597 0.006579 0.016187
0 0.668174 0.588130 0.007401 0.010791
0 0.531661 0.005396 0.020559 0.010791
0 0.687500 0.166367 0.006579 0.012590
0 0.508224 0.791367 0.006579 0.017986
0 0.431332 0.986511 0.005757 0.019784
