0 0.688734 0.577338 0.005757 0.014388
0 0.468339 0.612410 0.007401 0.019784
0 0.613898 0.294065 0.010691 0.023381
0 0.295641 0.092626 0.009046 0.016187
0 0.340461 0.196043 0.011513 0.021583
0 0.200658 0.638489 0.008224 0.017986
0 0.115543 0.116007 0.012335 0.019784
0 0.601151 0.375000 0.008224 0.019784
0 0.653783 0.237410 0.009868 0.021583
0 0.636513 0.114209 0.009868 0.019784
0 0.324836 0.066547 0.011513 0.017986
0 0.785773 0.496403 0.009046 0.025180
0 0.434622 0.518885 0.012335 0.023381
0 0.576069 0.792266 0.013980 0.023381
0 0.483553 0.252698 0.011513 0.023381
0 0.665707 0.732014 0.010691 0.028777
0 0.263980 0.765288 0.018092 0.019784
0 0.796053 0.437050 0.013158 0.025180
0 0.272615 0.892086 0.015625 0.021583
0 0.388980 0.009892 0.018092 0.019784
0 0.608964 0.778777 0.013980 0.035971
0 0.090460 0.484712 0.027960 0.034173
0 0.529605 0.741007 0.013158 0.028777
0 0.164062 0.983813 0.012335 0.028777
0 0.101151 0.964029 0.062500 0.071942
0 0.873355 0.546763 0.064145 0.071942
0 0.625000 0.470324 0.024671 0.044964
0 0.489720 0.456835 0.015625 0.032374
0 0.749589 0.524281 0.018915 0.037770
0 0.641447 0.892986 0.026316 0.037770
0 0.284539 0.788669 0.027961 0.034173
0 0.251234 0.611511 0.027138 0.061151
0 0.127056 0.815647 0.015625 0.034173
0 0.108964 0.470324 0.032072 0.059353
0 0.560444 0.911870 0.022204 0.046763
0 0.626234 0.938849 0.058388 0.068345
0 0.501234 0.841727 0.022204 0.046763
0 0.728207 0.063849 0.043585 0.095324
0 0.492188 0.797662 0.020559 0.059353
0 0.393092 0.700540 0.027961 0.055755
0 0.527549 0.609712 0.033717 0.064748
0 0.768092 0.532374 0.024671 0.061151
0 0.317434 0.326439 0.031250 0.041367
0 0.716283 0.956835 0.019737 0.043165
0 0.803865 0.265288 0.027138 0.052158
0 0.769737 0.848921 0.026316 0.064748
0 0.452714 0.938849 0.022204 0.050360
0 0.360197 0.208633 0.018092 0.043165
0 0.367599 0.023381 0.027960 0.046763
0 0.430510 0.559353 0.035362 0.068345
0 0.226562 0.534173 0.033717 0.071942
0 0.335938 0.152878 0.023849 0.053957
0 0.319079 0.216727 0.029605 0.055755
0 0.795641 0.380396 0.025493 0.062950
0 0.388158 0.978417 0.026316 0.039568
0 0.295641 0.834532 0.035362 0.050360
0 0.367188 0.755396 0.041941 0.068345
0 0.799753 0.027878 0.030428 0.052158
0 0.313734 0.866906 0.030428 0.057554
0 0.768914 0.123201 0.029605 0.055755
0 0.432155 0.443345 0.025493 0.048561
0 0.715872 0.187950 0.037007 0.059353
0 0.715049 0.837230 0.028783 0.052158
0 0.710115 0.687050 0.032072 0.057554
0 0.736431 0.973022 0.043585 0.050360
0 0.734786 0.639389 0.028783 0.048561
0 0.500411 0.480216 0.023849 0.057554
0 0.727796 0.422662 0.019737 0.046763
0 0.162007 0.765288 0.049342 0.102518
0 0.479030 0.734712 0.041941 0.077338
0 0.691201 0.324640 0.051809 0.120504
0 0.654605 0.697842 0.031250 0.061151
0 0.154194 0.453237 0.027138 0.061151
0 0.611842 0.868705 0.039474 0.071942
0 0.095395 0.608813 0.052632 0.109712
0 0.473273 0.506295 0.027138 0.052158
0 0.308799 0.949640 0.040296 0.061151
0 0.694079 0.118705 0.042763 0.100719
0 0.445312 0.210432 0.038651 0.079137
0 0.660362 0.164568 0.026316 0.048561
0 0.636102 0.401079 0.028783 0.046763
0 0.408306 0.864209 0.041941 0.120504
0 0.570724 0.622302 0.039474 0.082734
0 0.532484 0.463129 0.041941 0.127698
0 0.319901 0.117806 0.031250 0.080935
0 0.760691 0.751799 0.004934 0.010791
0 0.195312 0.147482 0.004112 0.010791
0 0.207237 0.017986 0.004934 0.017986
0 0.571135 0.036870 0.004112 0.008993
0 0.577714 0.955036 0.004112 0.010791
0 0.370888 0.824640 0.003289 0.012590
0 0.186266 0.657374 0.004112 0.008993
0 0.537829 0.174460 0.003289 0.010791
0 0.240132 0.315647 0.004934 0.008993
0 0.621299 0.590827 0.004112 0.008993
0 0.078947 0.785971 0.004934 0.007194
0 0.382812 0.208633 0.004112 0.010791
0 0.414062 0.013489 0.004112 0.008993
0 0.330592 0.301259 0.004934 0.012590
0 0.466283 0.801259 0.003289 0.008993
0 0.590461 0.171763 0.004934 0.008993
0 0.679688 0.464029 0.005757 0.014388
0 0.727796 0.376799 0.004934 0.012590
0 0.428043 0.643885 0.004112 0.010791
0 0.465872 0.004496 0.007401 0.008993
0 0.330592 0.475719 0.003289 0.012590
0 0.482730 0.600719 0.004934 0.010791
0 0.563322 0.728417 0.006579 0.010791
0 0.514391 0.412770 0.005757 0.016187
0 0.602796 0.555755 0.004934 0.010791
0 0.369655 0.893885 0.004112 0.014388
0 0.549342 0.185252 0.004934 0.017986
0 0.762747 0.904676 0.004112 0.010791
0 0.656661 0.576439 0.005757 0.008993
0 0.569901 0.572842 0.006579 0.016187
0 0.651316 0.372302 0.006579 0.010791
0 0.594984 0.389389 0.004112 0.016187
0 0.601562 0.158273 0.004112 0.014388
0 0.583059 0.544964 0.006579 0.014388
0 0.524671 0.263489 0.006579 0.016187
0 0.663651 0.233813 0.004934 0.010791
0 0.495477 0.335432 0.009046 0.012590
0 0.556332 0.328237 0.007401 0.016187
0 0.515214 0.047662 0.005757 0.016187
0 0.539474 0.712230 0.006579 0.014388
0 0.432566 0.957734 0.006579 0.012590
0 0.448602 0.860611 0.007401 0.016187
0 0.857730 0.539568 0.034539 0.046763
