0 0.276727 0.911870 0.012336 0.014388
0 0.513569 0.073741 0.009046 0.017986
0 0.716283 0.232014 0.008224 0.017986
0 0.347862 0.405576 0.011513 0.023381
0 0.517681 0.423561 0.012335 0.019784
0 0.606086 0.530576 0.011513 0.025180
0 0.842928 0.682554 0.013158 0.023381
0 0.571957 0.896583 0.009046 0.023381
0 0.626645 0.294065 0.013158 0.023381
0 0.270559 0.348921 0.009868 0.025180
0 0.533717 0.123201 0.009868 0.026978
0 0.385691 0.322842 0.016447 0.023381
0 0.797286 0.824640 0.009046 0.026978
0 0.518092 0.750899 0.013158 0.023381
0 0.358553 0.337230 0.018092 0.026978
0 0.512336 0.826439 0.034540 0.080935
0 0.687089 0.392086 0.033717 0.086331
0 0.525082 0.660072 0.032072 0.061151
0 0.673109 0.035971 0.027138 0.039568
0 0.138980 0.980216 0.055921 0.039568
0 0.577714 0.116906 0.023849 0.053957
0 0.650905 0.296763 0.025493 0.039568
0 0.356497 0.882194 0.015625 0.048561
0 0.465049 0.392986 0.030428 0.052158
0 0.187500 0.602518 0.023026 0.053957
0 0.502467 0.676259 0.031250 0.068345
0 0.875411 0.223022 0.030428 0.053957
0 0.323602 0.430755 0.022204 0.041367
0 0.247533 0.504496 0.070724 0.098921
0 0.269326 0.867806 0.022204 0.048561
0 0.680921 0.326439 0.026316 0.048561
0 0.583882 0.523381 0.023026 0.064748
0 0.766447 0.496403 0.027960 0.046763
0 0.853207 0.607914 0.033717 0.061151
0 0.301398 0.495504 0.037007 0.062950
0 0.226974 0.662770 0.041118 0.070144
0 0.643092 0.461331 0.037829 0.048561
0 0.710938 0.293165 0.033717 0.046763
0 0.755757 0.148381 0.024671 0.052158
0 0.297286 0.964928 0.048520 0.070144
0 0.605263 0.830036 0.031250 0.059353
0 0.642681 0.541367 0.038651 0.071942
0 0.152138 0.619604 0.031250 0.066547
0 0.851562 0.936151 0.051809 0.098921
0 0.557566 0.236511 0.031250 0.070144
0 0.346628 0.526079 0.035362 0.084532
0 0.696546 0.616906 0.046053 0.115108
0 0.803454 0.741007 0.050987 0.104317
0 0.336760 0.649281 0.028783 0.046763
0 0.821135 0.455935 0.041941 0.066547
0 0.259868 0.250899 0.036184 0.062950
0 0.351974 0.112410 0.024671 0.055755
0 0.413240 0.357014 0.032072 0.095324
0 0.682977 0.551259 0.048520 0.106115
0 0.189145 0.151079 0.039474 0.100719
0 0.535362 0.789568 0.027960 0.075540
0 0.554276 0.886691 0.026316 0.057554
0 0.531250 0.286871 0.039474 0.084532
0 0.608141 0.667266 0.033717 0.079137
0 0.631990 0.068345 0.037007 0.068345
0 0.369243 0.586331 0.031250 0.075540
0 0.585115 0.206835 0.028783 0.075540
0 0.122122 0.164568 0.046875 0.080935
0 0.491365 0.452338 0.030428 0.073741
0 0.328947 0.755396 0.031250 0.079137
0 0.492188 0.089029 0.032072 0.073741
0 0.828125 0.815647 0.041118 0.095324
0 0.571546 0.973921 0.029605 0.048561
0 0.506990 0.193345 0.045230 0.106115
0 0.262747 0.730216 0.037007 0.097122
0 0.461349 0.955036 0.037829 0.089928
0 0.558388 0.942446 0.006579 0.010791
0 0.616776 0.258993 0.003289 0.010791
0 0.712582 0.388489 0.004112 0.010791
0 0.504523 0.605216 0.004112 0.008993
0 0.727796 0.085432 0.004934 0.012590
0 0.461760 0.785971 0.004112 0.010791
0 0.722039 0.341727 0.003289 0.010791
0 0.409951 0.258094 0.004112 0.012590
0 0.422286 0.863309 0.004112 0.010791
0 0.501645 0.383094 0.004934 0.010791
0 0.333882 0.926259 0.003289 0.007194
0 0.541941 0.838130 0.006579 0.010791
0 0.469161 0.583633 0.004112 0.012590
0 0.633635 0.395683 0.004112 0.010791
0 0.647204 0.878597 0.006579 0.012590
0 0.566201 0.608813 0.004112 0.008993
0 0.472862 0.719424 0.003289 0.010791
0 0.784539 0.158273 0.006579 0.014388
0 0.753701 0.949640 0.004112 0.010791
0 0.785362 0.970324 0.004934 0.012590
0 0.328947 0.257194 0.004934 0.014389
0 0.717516 0.360611 0.002467 0.012590
0 0.495066 0.535072 0.004934 0.012590
0 0.348684 0.593525 0.006579 0.010791
0 0.761102 0.588130 0.004112 0.007194
0 0.691612 0.007194 0.008224 0.014389
0 0.784951 0.503597 0.005757 0.010791
0 0.846628 0.512590 0.004112 0.010791
0 0.717928 0.711331 0.003289 0.012590
0 0.641036 0.299460 0.005757 0.019784
0 0.739720 0.437050 0.005757 0.010791
0 0.515214 0.409173 0.007401 0.016187
0 0.552220 0.493705 0.005757 0.016187
0 0.775493 0.115108 0.004934 0.014389
0 0.382812 0.064748 0.004112 0.010791
0 0.156250 0.580935 0.008224 0.017986
0 0.865954 0.708633 0.006579 0.010791
0 0.450658 0.802158 0.004934 0.010791
0 0.486020 0.987410 0.003289 0.014388
0 0.522204 0.937950 0.004934 0.008993
0 0.439145 0.149281 0.004934 0.010791
0 0.202303 0.925360 0.004934 0.008993
0 0.722451 0.410072 0.004112 0.010791
0 0.614309 0.788669 0.004934 0.012590
0 0.710115 0.841727 0.004112 0.010791
0 0.719161 0.151978 0.004112 0.012590
0 0.601974 0.103417 0.006579 0.012590
0 0.610197 0.087230 0.004934 0.012590
0 0.685033 0.893885 0.004934 0.010791
0 0.587993 0.391187 0.004934 0.016187
0 0.446957 0.057554 0.007401 0.010791
0 0.625411 0.952338 0.005757 0.019784
0 0.916118 0.443345 0.004934 0.012590
0 0.347451 0.708633 0.004112 0.010791
0 0.342928 0.841727 0.006579 0.010791
0 0.275493 0.815647 0.008224 0.012590
0 0.728618 0.299460 0.006579 0.019784
0 0.913651 0.669065 0.004934 0.014388
0 0.661184 0.006295 0.004934 0.012590
0 0.590049 0.716727 0.005757 0.012590
0 0.541941 0.703237 0.004934 0.017986
0 0.793586 0.415468 0.009868 0.014389
0 0.301398 0.016187 0.007401 0.014388
0 0.494243 0.762590 0.009868 0.010791
0 0.359375 0.968525 0.006579 0.016187
0 0.399671 0.148381 0.006579 0.019784
