0 0.530016 0.351619 0.007401 0.019784
0 0.710115 0.080036 0.007401 0.012590
0 0.647615 0.520683 0.010691 0.016187
0 0.703536 0.025180 0.013980 0.021583
0 0.678865 0.270683 0.010691 0.023381
0 0.458470 0.689748 0.038651 0.091727
0 0.670230 0.375000 0.014803 0.026978
0 0.639391 0.683453 0.017270 0.021583
0 0.239720 0.986511 0.022204 0.023381
0 0.611842 0.092626 0.019737 0.034173
0 0.455592 0.356115 0.014803 0.032374
0 0.325247 0.307554 0.027138 0.068345
0 0.260280 0.553058 0.030428 0.059353
0 0.457648 0.324640 0.017270 0.034173
0 0.442023 0.669065 0.040296 0.093525
0 0.758224 0.891187 0.019737 0.037770
0 0.826069 0.017086 0.030428 0.034173
0 0.481086 0.933453 0.027960 0.035971
0 0.666118 0.977518 0.032895 0.037770
0 0.525905 0.867806 0.020559 0.066547
0 0.600329 0.463129 0.021382 0.066547
0 0.914885 0.456835 0.018914 0.043166
0 0.889391 0.120504 0.027138 0.053957
0 0.724918 0.041367 0.037007 0.079137
0 0.438734 0.916367 0.027138 0.037770
0 0.641036 0.282374 0.025493 0.050360
0 0.690789 0.308453 0.036184 0.052158
0 0.622533 0.517086 0.026316 0.037770
0 0.825247 0.619604 0.025493 0.059353
0 0.444901 0.386691 0.034540 0.061151
0 0.466694 0.188849 0.023849 0.064748
0 0.925987 0.827338 0.032895 0.082734
0 0.552220 0.240108 0.025493 0.041367
0 0.448602 0.058453 0.025493 0.055755
0 0.244655 0.780576 0.020559 0.057554
0 0.704359 0.247302 0.020559 0.052158
0 0.566612 0.775180 0.024671 0.064748
0 0.325247 0.709532 0.025493 0.073741
0 0.748355 0.425360 0.027960 0.052158
0 0.895970 0.198741 0.030428 0.048561
0 0.497122 0.787770 0.027138 0.068345
0 0.414474 0.368705 0.041118 0.104317
0 0.521793 0.613309 0.043585 0.064748
0 0.734786 0.842626 0.043585 0.048561
0 0.320724 0.826439 0.021382 0.044964
0 0.781661 0.705935 0.046875 0.073741
0 0.127467 0.449640 0.052632 0.093525
0 0.358964 0.149281 0.041941 0.079137
0 0.926809 0.407374 0.031250 0.066547
0 0.517681 0.547662 0.040296 0.077338
0 0.385280 0.868705 0.037007 0.075540
0 0.752056 0.098022 0.033717 0.055755
0 0.658306 0.569245 0.030428 0.073741
0 0.680510 0.220324 0.033717 0.070144
0 0.840461 0.790468 0.039474 0.059353
0 0.128289 0.616906 0.046053 0.097122
0 0.321957 0.148381 0.027138 0.070144
0 0.781250 0.237410 0.032895 0.075540
0 0.750411 0.952338 0.050165 0.095324
0 0.535773 0.084532 0.037007 0.093525
0 0.246299 0.608813 0.037007 0.091727
0 0.232730 0.136691 0.037829 0.075540
0 0.826069 0.402878 0.033717 0.082734
0 0.434622 0.864209 0.004112 0.008993
0 0.554276 0.036870 0.004934 0.008993
0 0.424753 0.136691 0.004112 0.010791
0 0.462171 0.435252 0.003289 0.010791
0 0.524260 0.410971 0.004112 0.012590
0 0.661184 0.628597 0.003289 0.008993
0 0.132812 0.868705 0.004112 0.010791
0 0.264391 0.836331 0.005757 0.010791
0 0.283717 0.639389 0.004934 0.008993
0 0.273849 0.890288 0.004934 0.010791
0 0.849507 0.602518 0.003289 0.010791
0 0.194079 0.772482 0.004934 0.008993
0 0.439556 0.238309 0.004112 0.008993
0 0.219984 0.494604 0.004112 0.007194
0 0.635280 0.574640 0.004112 0.008993
0 0.515214 0.465827 0.004112 0.010791
0 0.221217 0.955036 0.003289 0.010791
0 0.573191 0.079137 0.004934 0.010791
0 0.135691 0.902878 0.004934 0.010791
0 0.594984 0.079137 0.004112 0.010791
0 0.714227 0.892986 0.004112 0.008993
0 0.284951 0.673561 0.004112 0.008993
0 0.420641 0.012590 0.004112 0.017986
0 0.293997 0.799460 0.004112 0.012590
0 0.270970 0.312050 0.004112 0.012590
0 0.647615 0.833633 0.004112 0.008993
0 0.225740 0.864209 0.005757 0.008993
0 0.564556 0.528777 0.004112 0.014388
0 0.453947 0.216727 0.006579 0.016187
0 0.439967 0.571043 0.006579 0.012590
0 0.613898 0.970324 0.007401 0.012590
0 0.603618 0.787770 0.006579 0.014388
