0 0.331826 0.263489 0.007401 0.016187
0 0.329770 0.125000 0.006579 0.016187
0 0.201891 0.317446 0.009046 0.023381
0 0.332237 0.214029 0.008224 0.025180
0 0.542352 0.007194 0.022204 0.014389
0 0.511513 0.989209 0.023026 0.017986
0 0.648026 0.873201 0.009868 0.019784
0 0.058388 0.969424 0.009868 0.032374
0 0.460115 0.830036 0.010691 0.019784
0 0.858964 0.267986 0.009046 0.017986
0 0.268092 0.807554 0.009868 0.025180
0 0.373766 0.010791 0.017270 0.021583
0 0.339638 0.410971 0.011513 0.026978
0 0.579359 0.062950 0.010691 0.025180
0 0.750000 0.774281 0.024671 0.059353
0 0.666118 0.285971 0.016447 0.025180
0 0.771382 0.257194 0.014803 0.025180
0 0.381990 0.353417 0.013980 0.030575
0 0.427220 0.596223 0.017270 0.030575
0 0.383224 0.658273 0.014803 0.028777
0 0.074013 0.116906 0.024671 0.046763
0 0.439556 0.230216 0.009046 0.032374
0 0.740132 0.823741 0.037829 0.064748
0 0.520148 0.122302 0.017270 0.028777
0 0.526316 0.089928 0.024671 0.053957
0 0.259868 0.910971 0.032895 0.052158
0 0.512336 0.015288 0.023026 0.030575
0 0.368421 0.319245 0.016447 0.041367
0 0.833059 0.727518 0.016447 0.034173
0 0.385691 0.037770 0.016447 0.039568
0 0.855263 0.024281 0.031250 0.048561
0 0.162418 0.330935 0.025493 0.050360
0 0.827714 0.530576 0.027138 0.046763
0 0.476151 0.969424 0.034540 0.057554
0 0.461349 0.175360 0.042763 0.080935
0 0.721217 0.017986 0.023026 0.035971
0 0.730263 0.516187 0.027960 0.046763
0 0.337171 0.071043 0.021382 0.055755
0 0.724095 0.602518 0.025493 0.046763
0 0.598684 0.087230 0.026316 0.048561
0 0.363487 0.106115 0.024671 0.043165
0 0.703947 0.896583 0.029605 0.048561
0 0.781250 0.098022 0.019737 0.066547
0 0.141447 0.657374 0.027960 0.048561
0 0.530428 0.387590 0.036184 0.055755
0 0.800987 0.503597 0.036184 0.093525
0 0.352385 0.202338 0.032072 0.073741
0 0.574836 0.752698 0.034540 0.059353
0 0.854030 0.212230 0.027138 0.043165
0 0.798520 0.609712 0.037829 0.089928
0 0.313322 0.652878 0.026316 0.071942
0 0.808799 0.240108 0.028783 0.066547
0 0.283306 0.896583 0.028783 0.044964
0 0.411595 0.651079 0.045230 0.082734
0 0.382812 0.616007 0.017270 0.048561
0 0.419819 0.562950 0.022204 0.050360
0 0.650905 0.956835 0.022204 0.046763
0 0.671053 0.938849 0.027960 0.057554
0 0.080592 0.966727 0.036184 0.062950
0 0.900082 0.976619 0.030428 0.043165
0 0.218339 0.961331 0.051809 0.077338
0 0.482319 0.261691 0.020559 0.055755
0 0.272615 0.265288 0.025493 0.070144
0 0.679276 0.724820 0.027960 0.075540
0 0.735609 0.236511 0.033717 0.059353
0 0.657484 0.662770 0.025493 0.059353
0 0.658306 0.889389 0.025493 0.059353
0 0.617599 0.722122 0.054276 0.113309
0 0.252878 0.741007 0.041941 0.104317
0 0.312911 0.085432 0.032072 0.077338
0 0.209293 0.739209 0.041941 0.075540
0 0.247944 0.064748 0.051809 0.089928
0 0.416530 0.211331 0.033717 0.062950
0 0.563734 0.401978 0.032072 0.055755
0 0.190789 0.783273 0.023026 0.055755
0 0.606086 0.304856 0.024671 0.059352
0 0.619655 0.798561 0.028783 0.053957
0 0.594161 0.905576 0.023849 0.055755
0 0.663240 0.541367 0.032072 0.050360
0 0.627878 0.966727 0.032072 0.059353
0 0.763158 0.309353 0.031250 0.064748
0 0.434622 0.783273 0.035362 0.052158
0 0.714227 0.196942 0.041941 0.095324
0 0.324424 0.594424 0.030428 0.044964
0 0.344572 0.331835 0.034539 0.084532
0 0.755345 0.438849 0.051809 0.097122
0 0.584293 0.151978 0.035362 0.106115
0 0.527549 0.450540 0.028783 0.048561
0 0.471217 0.848921 0.023026 0.061151
0 0.782072 0.848921 0.031250 0.071942
0 0.078536 0.272482 0.032072 0.077338
0 0.309211 0.731115 0.041118 0.080935
0 0.417352 0.876799 0.033717 0.073741
0 0.132812 0.374101 0.050165 0.100719
0 0.445724 0.677158 0.004934 0.012590
0 0.513158 0.691547 0.003289 0.008993
0 0.753701 0.083633 0.004112 0.008993
0 0.536184 0.817446 0.003289 0.008993
0 0.479441 0.397482 0.003289 0.010791
0 0.402961 0.377698 0.004934 0.010791
0 0.586349 0.535971 0.003289 0.010791
0 0.625000 0.392986 0.004934 0.012590
0 0.451069 0.715827 0.004112 0.010791
0 0.699424 0.051259 0.004112 0.016187
0 0.832648 0.845324 0.004112 0.010791
0 0.603618 0.043165 0.003289 0.010791
0 0.597451 0.634892 0.004112 0.010791
0 0.611842 0.651978 0.004934 0.016187
0 0.636924 0.907374 0.005757 0.012590
0 0.881990 0.848921 0.004112 0.010791
0 0.386102 0.332734 0.004112 0.010791
0 0.401316 0.863309 0.006579 0.017986
0 0.452303 0.975719 0.004934 0.012590
0 0.775082 0.156475 0.005757 0.010791
0 0.471628 0.003597 0.007401 0.007194
0 0.309622 0.615108 0.009046 0.017986
0 0.875411 0.200540 0.004112 0.012590
0 0.488076 0.352518 0.005757 0.014389
0 0.622533 0.830036 0.006579 0.016187
0 0.535362 0.993705 0.013158 0.012590
0 0.375000 0.839928 0.006579 0.010791
0 0.900905 0.642086 0.005757 0.014388
0 0.309622 0.141187 0.004112 0.012590
0 0.060033 0.125899 0.006579 0.032374
0 0.083059 0.698741 0.006579 0.012590
0 0.440378 0.697842 0.005757 0.014388
0 0.149260 0.499101 0.007401 0.016187
0 0.560033 0.238309 0.006579 0.012590
0 0.792763 0.754496 0.004934 0.016187
0 0.483964 0.644784 0.007401 0.012590
0 0.925576 0.285971 0.005757 0.014389
0 0.464227 0.654676 0.009046 0.010791
0 0.353618 0.737410 0.006579 0.014388
0 0.366365 0.544065 0.005757 0.019784
