0 0.784951 0.716727 0.010691 0.023381
0 0.670641 0.105216 0.007401 0.016187
0 0.212171 0.935252 0.008224 0.021583
0 0.559622 0.699640 0.007401 0.014388
0 0.589227 0.605216 0.009046 0.026978
0 0.842928 0.966727 0.011513 0.016187
0 0.573191 0.679856 0.009868 0.021583
0 0.371711 0.365108 0.008224 0.017986
0 0.473273 0.424460 0.009046 0.017986
0 0.571546 0.541367 0.011513 0.021583
0 0.695312 0.265288 0.010691 0.023381
0 0.556743 0.675360 0.019737 0.034173
0 0.600740 0.985611 0.022204 0.025180
0 0.228618 0.528777 0.036184 0.082734
0 0.380345 0.232914 0.013980 0.026978
0 0.526316 0.362410 0.046053 0.120504
0 0.464638 0.985611 0.023026 0.025180
0 0.324013 0.579137 0.027960 0.043166
0 0.429276 0.163669 0.041118 0.043165
0 0.660773 0.015288 0.027138 0.030575
0 0.687500 0.311151 0.027960 0.061151
0 0.576891 0.982014 0.027138 0.032374
0 0.460115 0.544065 0.018915 0.044964
0 0.605674 0.437050 0.032072 0.043166
0 0.404194 0.076439 0.023849 0.048561
0 0.599507 0.531475 0.029605 0.048561
0 0.206414 0.839029 0.080592 0.091727
0 0.075658 0.561151 0.021382 0.061151
0 0.206003 0.525180 0.025493 0.071942
0 0.783306 0.669964 0.033717 0.044964
0 0.534951 0.049460 0.022204 0.059353
0 0.720806 0.313849 0.035362 0.066547
0 0.258635 0.386691 0.038651 0.061151
0 0.229441 0.465827 0.039474 0.050360
0 0.798931 0.703237 0.023849 0.050360
0 0.129523 0.050360 0.018915 0.057554
0 0.793997 0.073741 0.028783 0.057554
0 0.264803 0.556655 0.039474 0.055755
0 0.602796 0.898381 0.024671 0.059352
0 0.703536 0.851619 0.030428 0.055755
0 0.603207 0.483813 0.035362 0.061151
0 0.702303 0.217626 0.027960 0.057554
0 0.708470 0.365108 0.035362 0.061151
0 0.474507 0.369604 0.029605 0.070144
0 0.115543 0.544964 0.023849 0.057554
0 0.518503 0.494604 0.025493 0.064748
0 0.380757 0.690647 0.026316 0.050360
0 0.694901 0.913669 0.031250 0.053957
0 0.763158 0.044065 0.049342 0.088129
0 0.455592 0.633993 0.047697 0.088129
0 0.730263 0.256295 0.031250 0.055755
0 0.588405 0.349820 0.030428 0.055755
0 0.162007 0.027878 0.046053 0.055755
0 0.411595 0.429856 0.038651 0.071942
0 0.238487 0.047662 0.054276 0.095324
0 0.457237 0.763489 0.031250 0.070144
0 0.524260 0.900180 0.053454 0.098921
0 0.261513 0.840827 0.026316 0.048561
0 0.710526 0.090827 0.036184 0.084532
0 0.447368 0.202338 0.026316 0.052158
0 0.259868 0.923561 0.032895 0.073741
0 0.369243 0.090827 0.029605 0.052158
0 0.554276 0.095324 0.027960 0.079137
0 0.662007 0.510791 0.024671 0.046763
0 0.684622 0.395683 0.022204 0.046763
0 0.856086 0.912770 0.036184 0.062950
0 0.576480 0.405576 0.044408 0.102518
0 0.095395 0.080036 0.037829 0.080935
0 0.622533 0.956835 0.032895 0.071942
0 0.766447 0.297662 0.044408 0.084532
0 0.772204 0.493705 0.032895 0.073741
0 0.291530 0.588130 0.028783 0.068345
0 0.642270 0.841727 0.003289 0.007194
0 0.492188 0.815647 0.002467 0.008993
0 0.641859 0.049460 0.004112 0.008993
0 0.530839 0.837230 0.004112 0.012590
0 0.386102 0.533273 0.004112 0.012590
0 0.623355 0.891187 0.003289 0.008993
0 0.678865 0.159173 0.004112 0.012590
0 0.385691 0.768885 0.003289 0.008993
0 0.364720 0.333633 0.004112 0.008993
0 0.664885 0.088129 0.005757 0.010791
0 0.141447 0.128597 0.004934 0.008993
0 0.298520 0.003597 0.008224 0.007194
0 0.619655 0.305755 0.004112 0.010791
0 0.604030 0.211331 0.004112 0.008993
0 0.921053 0.819245 0.004934 0.008993
0 0.647204 0.812950 0.003289 0.010791
0 0.689556 0.964029 0.004112 0.010791
0 0.351562 0.223022 0.004112 0.010791
0 0.196135 0.383993 0.004112 0.008993
0 0.759868 0.704137 0.003289 0.008993
0 0.451480 0.253597 0.003289 0.010791
0 0.277961 0.631295 0.004934 0.032374
0 0.523026 0.455036 0.004934 0.010791
0 0.695724 0.054856 0.004934 0.016187
0 0.553865 0.485611 0.004112 0.014388
0 0.620066 0.143885 0.004934 0.010791
0 0.518914 0.981115 0.008224 0.012590
0 0.335526 0.562050 0.008224 0.016187
0 0.274671 0.678957 0.006579 0.019784
0 0.508224 0.584532 0.004934 0.014388
0 0.396382 0.142086 0.004934 0.014388
0 0.741365 0.815647 0.005757 0.016187
0 0.542763 0.181655 0.006579 0.014388
0 0.564145 0.772482 0.006579 0.012590
0 0.192845 0.013489 0.005757 0.012590
0 0.884046 0.029676 0.004934 0.016187
0 0.279605 0.831835 0.004934 0.016187
0 0.467516 0.128597 0.009046 0.016187
0 0.439967 0.544065 0.006579 0.016187
