0 0.676809 0.617806 0.006579 0.016187
0 0.377878 0.977518 0.010691 0.016187
0 0.739309 0.319245 0.013158 0.019784
0 0.353618 0.012590 0.031250 0.025180
0 0.600329 0.418165 0.049342 0.080935
0 0.645970 0.126799 0.015625 0.034173
0 0.755345 0.453237 0.020559 0.032374
0 0.815378 0.982914 0.032072 0.030575
0 0.928454 0.089928 0.027961 0.064748
0 0.388980 0.526978 0.031250 0.061151
0 0.698191 0.981115 0.021382 0.034173
0 0.720395 0.159173 0.019737 0.037770
0 0.387336 0.600719 0.023026 0.046763
0 0.804276 0.948741 0.036184 0.048561
0 0.461349 0.490108 0.023026 0.041367
0 0.382401 0.019784 0.023026 0.039568
0 0.825247 0.726619 0.032072 0.035971
0 0.854030 0.536870 0.037007 0.066547
0 0.759868 0.415468 0.037829 0.050360
0 0.572780 0.446942 0.023849 0.052158
0 0.530839 0.025180 0.032072 0.050360
0 0.857319 0.669065 0.025493 0.050360
0 0.127056 0.703237 0.025493 0.039568
0 0.306332 0.981115 0.023849 0.037770
0 0.681743 0.423561 0.019737 0.055755
0 0.468750 0.446043 0.023026 0.039568
0 0.445312 0.147482 0.032072 0.053957
0 0.622533 0.557554 0.037829 0.075540
0 0.438734 0.526079 0.046875 0.102518
0 0.351974 0.057554 0.024671 0.046763
0 0.597862 0.084532 0.019737 0.043166
0 0.624589 0.205935 0.022204 0.055755
0 0.120477 0.887590 0.028783 0.048561
0 0.321957 0.405576 0.020559 0.037770
0 0.540296 0.840827 0.034540 0.048561
0 0.293174 0.413669 0.027138 0.053957
0 0.291118 0.494604 0.062500 0.097122
0 0.557566 0.699640 0.031250 0.053957
0 0.792352 0.802158 0.023849 0.050360
0 0.328125 0.092626 0.029605 0.077338
0 0.510280 0.572842 0.033717 0.088129
0 0.594984 0.688849 0.030428 0.053957
0 0.861842 0.817446 0.027961 0.044964
0 0.745066 0.737410 0.031250 0.064748
0 0.922697 0.788669 0.044408 0.070144
0 0.292352 0.315647 0.032072 0.088129
0 0.431743 0.219424 0.036184 0.082734
0 0.609375 0.813849 0.037829 0.084532
0 0.743421 0.616007 0.046053 0.098921
0 0.648026 0.875899 0.031250 0.086331
0 0.293174 0.923561 0.040296 0.091727
0 0.219572 0.647482 0.049342 0.082734
0 0.182977 0.918165 0.043585 0.095324
0 0.673931 0.241906 0.004112 0.008993
0 0.679688 0.285971 0.004112 0.010791
0 0.502056 0.666367 0.004112 0.008993
0 0.382401 0.718525 0.003289 0.008993
0 0.810444 0.589029 0.004112 0.008993
0 0.534539 0.407374 0.004934 0.012590
0 0.120477 0.621403 0.004112 0.008993
0 0.636924 0.303058 0.004112 0.008993
0 0.695724 0.928957 0.004934 0.012590
0 0.568257 0.808453 0.003289 0.012590
0 0.512747 0.473921 0.004112 0.012590
0 0.553865 0.063849 0.004112 0.012590
0 0.623766 0.161871 0.004112 0.010791
0 0.156250 0.223022 0.004934 0.010791
0 0.738487 0.003597 0.009868 0.007194
0 0.743010 0.434353 0.005757 0.016187
0 0.539062 0.075540 0.004112 0.010791
0 0.548109 0.386691 0.004112 0.014389
0 0.483141 0.838130 0.004112 0.010791
0 0.554276 0.002698 0.009868 0.005396
0 0.502056 0.181655 0.004112 0.010791
0 0.477796 0.488309 0.004934 0.012590
0 0.599918 0.908273 0.004112 0.010791
0 0.354852 0.891187 0.004112 0.012590
0 0.875411 0.250899 0.005757 0.012590
0 0.509868 0.952338 0.004934 0.019784
0 0.775493 0.925360 0.004934 0.012590
0 0.421053 0.131295 0.004934 0.014388
0 0.685033 0.005396 0.018092 0.010791
