0 0.423931 0.740108 0.007401 0.019784
0 0.481497 0.729317 0.009046 0.019784
0 0.503701 0.990108 0.010691 0.016187
0 0.412418 0.577338 0.010691 0.025180
0 0.347451 0.358813 0.007401 0.019784
0 0.653783 0.655576 0.008224 0.016187
0 0.455181 0.008993 0.012335 0.017986
0 0.444901 0.491007 0.009868 0.021583
0 0.694901 0.214928 0.011513 0.016187
0 0.913240 0.669065 0.032072 0.046763
0 0.797697 0.190647 0.008224 0.021583
0 0.315789 0.082734 0.011513 0.017986
0 0.647615 0.008993 0.018915 0.017986
0 0.696957 0.633094 0.010691 0.021583
0 0.535773 0.131295 0.010691 0.025180
0 0.901316 0.698741 0.042763 0.062950
0 0.397615 0.899281 0.012336 0.025180
0 0.513569 0.143885 0.020559 0.039568
0 0.700658 0.393885 0.037829 0.050360
0 0.745066 0.016187 0.049342 0.032374
0 0.620888 0.400180 0.014803 0.037770
0 0.323602 0.828237 0.041941 0.084532
0 0.254934 0.176259 0.027961 0.043165
0 0.439967 0.935252 0.024671 0.061151
0 0.901316 0.428957 0.024671 0.048561
0 0.473273 0.292266 0.015625 0.041367
0 0.878701 0.433453 0.025493 0.043166
0 0.700247 0.720324 0.040296 0.084532
0 0.540707 0.048561 0.022204 0.039568
0 0.311678 0.612410 0.023026 0.059353
0 0.393914 0.017986 0.023026 0.035971
0 0.705592 0.353417 0.027960 0.044964
0 0.350740 0.303058 0.022204 0.077338
0 0.336760 0.780576 0.028783 0.061151
0 0.077303 0.275180 0.027960 0.043166
0 0.674342 0.236511 0.024671 0.062950
0 0.494243 0.340827 0.027960 0.052158
0 0.620888 0.516187 0.027960 0.064748
0 0.884046 0.747302 0.039474 0.070144
0 0.729441 0.125000 0.024671 0.037770
0 0.341694 0.586331 0.027138 0.061151
0 0.162007 0.712230 0.062500 0.104317
0 0.621711 0.025180 0.034540 0.050360
0 0.506168 0.904676 0.035362 0.057554
0 0.897615 0.103417 0.032072 0.044964
0 0.738076 0.908273 0.035362 0.057554
0 0.407072 0.298561 0.044408 0.057554
0 0.462993 0.961331 0.032895 0.077338
0 0.606908 0.464029 0.018092 0.050360
0 0.202714 0.095324 0.051809 0.115108
0 0.772204 0.517086 0.029605 0.059353
0 0.273438 0.223921 0.032072 0.073741
0 0.641447 0.298561 0.024671 0.050360
0 0.542352 0.383993 0.022204 0.066547
0 0.593339 0.393885 0.025493 0.050360
0 0.502878 0.536870 0.030428 0.073741
0 0.397615 0.848921 0.045230 0.079137
0 0.537007 0.535971 0.027960 0.082734
0 0.431332 0.341727 0.025493 0.057554
0 0.819079 0.408273 0.052632 0.075540
0 0.451891 0.176259 0.032072 0.061151
0 0.772615 0.066547 0.040296 0.089928
0 0.384046 0.669065 0.021382 0.068345
0 0.388569 0.350719 0.025493 0.053957
0 0.509046 0.831835 0.036184 0.073741
0 0.462171 0.381295 0.047697 0.104317
0 0.466694 0.518885 0.033717 0.066547
0 0.869655 0.183453 0.033717 0.064748
0 0.555921 0.947842 0.044408 0.082734
0 0.308799 0.738309 0.027138 0.066547
0 0.116365 0.957734 0.033717 0.062950
0 0.688322 0.791367 0.029605 0.082734
0 0.769326 0.774281 0.048520 0.070144
0 0.510280 0.737410 0.032072 0.075540
0 0.354852 0.629496 0.050165 0.097122
0 0.592928 0.626799 0.037829 0.059353
0 0.193257 0.662770 0.041118 0.084532
0 0.841694 0.181655 0.004112 0.010791
0 0.553043 0.517986 0.004112 0.010791
0 0.663240 0.531475 0.004112 0.012590
0 0.616776 0.135791 0.006579 0.008993
0 0.648438 0.481115 0.004112 0.012590
0 0.521793 0.689748 0.004112 0.008993
0 0.618010 0.318345 0.004112 0.010791
0 0.721628 0.301259 0.004112 0.012590
0 0.543586 0.784173 0.003289 0.010791
0 0.682566 0.992806 0.004934 0.010791
0 0.224918 0.264389 0.004112 0.010791
0 0.394737 0.921763 0.004934 0.012590
0 0.333470 0.955935 0.004112 0.012590
0 0.428865 0.874101 0.004112 0.010791
0 0.599918 0.169964 0.004112 0.012590
0 0.117599 0.497302 0.004934 0.008993
0 0.349918 0.145683 0.004112 0.010791
0 0.593750 0.149281 0.004934 0.010791
0 0.335938 0.484712 0.004112 0.012590
0 0.774260 0.252698 0.007401 0.016187
0 0.583470 0.468525 0.005757 0.012590
0 0.195312 0.026079 0.005757 0.008993
0 0.678454 0.473022 0.004934 0.010791
0 0.647204 0.223921 0.003289 0.012590
0 0.275493 0.674460 0.004934 0.010791
0 0.448191 0.904676 0.004934 0.014388
0 0.516447 0.338129 0.004934 0.010791
0 0.749178 0.224820 0.004934 0.010791
0 0.723684 0.937050 0.006579 0.010791
0 0.400493 0.561151 0.004934 0.010791
0 0.488898 0.165468 0.004112 0.010791
0 0.539474 0.992806 0.011513 0.010791
0 0.631579 0.222122 0.006579 0.012590
0 0.615132 0.768885 0.004934 0.012590
0 0.788240 0.899281 0.007401 0.010791
0 0.486842 0.987410 0.006579 0.010791
0 0.689556 0.239209 0.007401 0.017986
0 0.241365 0.170863 0.005757 0.017986
0 0.652138 0.991007 0.014803 0.010791
0 0.667352 0.691547 0.005757 0.012590
0 0.537007 0.678058 0.009868 0.017986
0 0.656661 0.199640 0.005757 0.017986
0 0.490543 0.380396 0.007401 0.019784
0 0.335526 0.185252 0.004934 0.010791
0 0.590872 0.518885 0.005757 0.012590
0 0.309211 0.004496 0.016447 0.008993
0 0.549342 0.491007 0.006579 0.014388
0 0.903372 0.189748 0.007401 0.016187
0 0.666118 0.163669 0.006579 0.014388
0 0.695312 0.961331 0.007401 0.016187
0 0.132812 0.546763 0.009046 0.017986
