0 0.619655 0.462230 0.018915 0.035971
0 0.296875 0.924460 0.008224 0.017986
0 0.410362 0.473022 0.011513 0.017986
0 0.339227 0.364209 0.012336 0.023381
0 0.822368 0.376799 0.009868 0.026978
0 0.476974 0.590827 0.009868 0.026978
0 0.507401 0.983813 0.044408 0.032374
0 0.599095 0.495504 0.013980 0.026978
0 0.071957 0.767086 0.013980 0.037770
0 0.624178 0.514389 0.026316 0.125899
0 0.451069 0.362410 0.028783 0.044964
0 0.488076 0.469424 0.022204 0.061151
0 0.689967 0.981115 0.037829 0.034173
0 0.685033 0.418165 0.026316 0.059352
0 0.254934 0.544065 0.019737 0.044964
0 0.222862 0.310252 0.047697 0.088129
0 0.261102 0.798561 0.033717 0.053957
0 0.461760 0.547662 0.023849 0.052158
0 0.776727 0.026079 0.023849 0.048561
0 0.272615 0.607914 0.040296 0.079137
0 0.375822 0.782374 0.026316 0.043166
0 0.775082 0.651978 0.027138 0.062950
0 0.214638 0.821942 0.041118 0.071942
0 0.628701 0.938849 0.032072 0.057554
0 0.744655 0.646583 0.022204 0.059353
0 0.827714 0.038669 0.025493 0.041367
0 0.532484 0.642986 0.032072 0.055755
0 0.574013 0.223921 0.032895 0.055755
0 0.913651 0.589029 0.036184 0.055755
0 0.188734 0.440647 0.033717 0.068345
0 0.298520 0.750000 0.024671 0.053957
0 0.358553 0.803957 0.021382 0.043166
0 0.405428 0.046763 0.034539 0.053957
0 0.417763 0.207734 0.026316 0.062950
0 0.519326 0.422662 0.022204 0.053957
0 0.659951 0.497302 0.041941 0.088129
0 0.421464 0.359712 0.028783 0.057554
0 0.296053 0.145683 0.034539 0.061151
0 0.552632 0.946942 0.019737 0.055755
0 0.243010 0.396583 0.028783 0.044964
0 0.763158 0.486511 0.044408 0.073741
0 0.133635 0.967626 0.025493 0.050360
0 0.464227 0.408273 0.028783 0.061151
0 0.223273 0.904676 0.038651 0.089928
0 0.851562 0.783273 0.028783 0.041367
0 0.457237 0.850719 0.036184 0.068345
0 0.373766 0.888489 0.033717 0.082734
0 0.807977 0.832734 0.032072 0.064748
0 0.443668 0.232914 0.032072 0.070144
0 0.199836 0.021583 0.032895 0.043165
0 0.547286 0.505396 0.023849 0.050360
0 0.119243 0.602518 0.039474 0.061151
0 0.147615 0.409173 0.040296 0.084532
0 0.588405 0.072842 0.027138 0.052158
0 0.499589 0.382194 0.037007 0.073741
0 0.113076 0.297662 0.033717 0.070144
0 0.606497 0.372302 0.032072 0.079137
0 0.516036 0.186151 0.027138 0.091727
0 0.596628 0.481115 0.005757 0.012590
0 0.086760 0.162770 0.004112 0.008993
0 0.389803 0.750000 0.003289 0.010791
0 0.643914 0.003597 0.004934 0.007194
0 0.754934 0.798561 0.003289 0.007194
0 0.424753 0.463129 0.004112 0.008993
0 0.833059 0.234712 0.003289 0.008993
0 0.553043 0.901978 0.005757 0.016187
0 0.596628 0.294065 0.004112 0.008993
0 0.153372 0.869604 0.004112 0.008993
0 0.071135 0.577338 0.004112 0.017986
0 0.886102 0.696942 0.004112 0.008993
0 0.512747 0.609712 0.005757 0.010791
0 0.512336 0.635791 0.004934 0.016187
0 0.829770 0.678058 0.011513 0.043166
0 0.407072 0.412770 0.004934 0.008993
0 0.727385 0.162770 0.004112 0.012590
0 0.522615 0.776978 0.004112 0.010791
0 0.713405 0.210432 0.004112 0.010791
0 0.520559 0.053058 0.003289 0.012590
0 0.553043 0.842626 0.004112 0.012590
0 0.685033 0.604317 0.006579 0.014388
0 0.899671 0.693345 0.004934 0.008993
0 0.262336 0.102518 0.006579 0.010791
0 0.505757 0.072842 0.004934 0.012590
0 0.422286 0.959532 0.004112 0.008993
0 0.486842 0.969424 0.004934 0.010791
0 0.306743 0.115108 0.006579 0.017986
0 0.408717 0.267086 0.004934 0.012590
0 0.664885 0.196942 0.005757 0.008993
0 0.529194 0.946942 0.004112 0.012590
0 0.825247 0.741007 0.009046 0.032374
0 0.488487 0.163669 0.004934 0.010791
0 0.536184 0.467626 0.004934 0.010791
0 0.657484 0.583633 0.007401 0.008993
0 0.643503 0.646583 0.005757 0.008993
0 0.830181 0.626799 0.005757 0.019784
0 0.402138 0.914568 0.006579 0.008993
0 0.833470 0.602518 0.005757 0.017986
0 0.418586 0.743705 0.004934 0.016187
0 0.319490 0.757194 0.004112 0.014388
0 0.529605 0.106115 0.006579 0.010791
0 0.330592 0.242806 0.006579 0.010791
0 0.588405 0.442446 0.005757 0.010791
0 0.523026 0.302158 0.004934 0.014389
0 0.825247 0.767086 0.005757 0.016187
0 0.538651 0.612410 0.008224 0.016187
0 0.404194 0.703237 0.005757 0.017986
0 0.724095 0.222122 0.005757 0.012590
0 0.266447 0.144784 0.006579 0.012590
0 0.599507 0.789568 0.006579 0.010791
0 0.548520 0.732914 0.006579 0.016187
0 0.544408 0.572842 0.006579 0.016187
0 0.429688 0.992806 0.007401 0.014388
0 0.506168 0.573741 0.007401 0.014388
0 0.526316 0.038669 0.006579 0.016187
0 0.807566 0.237410 0.008224 0.014388
0 0.475740 0.943345 0.005757 0.012590
0 0.509868 0.736511 0.006579 0.016187
0 0.760280 0.101619 0.005757 0.016187
