0 0.714227 0.150180 0.007401 0.016187
0 0.685444 0.012590 0.009046 0.017986
0 0.705592 0.043166 0.009868 0.021583
0 0.722862 0.104317 0.009868 0.025180
0 0.761924 0.116007 0.038651 0.059352
0 0.307155 0.798561 0.017270 0.028777
0 0.676398 0.666367 0.022204 0.070144
0 0.440378 0.564748 0.023849 0.039568
0 0.841694 0.015288 0.030428 0.030575
0 0.799753 0.387590 0.035362 0.055755
0 0.423520 0.678058 0.060855 0.183453
0 0.573191 0.147482 0.021382 0.050360
0 0.284951 0.562950 0.023849 0.039568
0 0.797697 0.446942 0.037829 0.059353
0 0.366365 0.018885 0.022204 0.037770
0 0.583059 0.900180 0.026316 0.037770
0 0.708882 0.071043 0.023026 0.044964
0 0.323602 0.169964 0.025493 0.070144
0 0.147204 0.040468 0.027960 0.062950
0 0.362253 0.600719 0.025493 0.043166
0 0.573191 0.554856 0.034540 0.062950
0 0.532072 0.794065 0.029605 0.055755
0 0.820312 0.107014 0.023849 0.044964
0 0.372122 0.835432 0.030428 0.116906
0 0.475329 0.303058 0.029605 0.062950
0 0.641447 0.758094 0.037829 0.052158
0 0.470806 0.404676 0.020559 0.050360
0 0.175576 0.548561 0.030428 0.057554
0 0.753701 0.490108 0.027138 0.052158
0 0.511102 0.121403 0.025493 0.052158
0 0.603618 0.351619 0.027960 0.055755
0 0.458470 0.666367 0.022204 0.073741
0 0.444490 0.772482 0.030428 0.055755
0 0.747944 0.566547 0.023849 0.071942
0 0.606086 0.285072 0.024671 0.048561
0 0.306332 0.874101 0.022204 0.057554
0 0.781250 0.827338 0.024671 0.064748
0 0.592105 0.746403 0.024671 0.057554
0 0.169819 0.211331 0.032072 0.055755
0 0.846217 0.394784 0.026316 0.044964
0 0.315378 0.947842 0.028783 0.053957
0 0.731497 0.143885 0.028783 0.057554
0 0.340872 0.831835 0.033717 0.077338
0 0.556743 0.355216 0.019737 0.066547
0 0.537829 0.151978 0.027960 0.059352
0 0.335938 0.725719 0.023849 0.048561
0 0.776316 0.164568 0.031250 0.070144
0 0.584704 0.436151 0.041118 0.088129
0 0.297697 0.196043 0.036184 0.089928
0 0.105674 0.887590 0.030428 0.062950
0 0.101151 0.076439 0.026316 0.048561
0 0.406250 0.906475 0.055921 0.089928
0 0.567845 0.829137 0.038651 0.071942
0 0.190378 0.919964 0.041941 0.109712
0 0.492188 0.053058 0.032072 0.102518
0 0.504934 0.465827 0.042763 0.097122
0 0.859375 0.752698 0.027961 0.052158
0 0.642270 0.651978 0.050987 0.142086
0 0.671053 0.142086 0.032895 0.079137
0 0.362253 0.926259 0.032072 0.093525
0 0.538240 0.232014 0.004112 0.010791
0 0.553454 0.952338 0.003289 0.008993
0 0.523849 0.637590 0.003289 0.008993
0 0.807977 0.544065 0.005757 0.008993
0 0.362664 0.109712 0.003289 0.010791
0 0.788240 0.323741 0.004112 0.010791
0 0.497944 0.247302 0.004112 0.012590
0 0.627467 0.363309 0.003289 0.010791
0 0.540296 0.657374 0.003289 0.008993
0 0.220806 0.230216 0.004112 0.010791
0 0.398849 0.233813 0.003289 0.010791
0 0.191201 0.632194 0.004112 0.008993
0 0.566612 0.658273 0.003289 0.014388
0 0.223684 0.910971 0.004934 0.008993
0 0.454770 0.932554 0.003289 0.008993
0 0.678043 0.803058 0.004112 0.008993
0 0.209293 0.735611 0.004112 0.010791
0 0.599507 0.205036 0.003289 0.010791
0 0.511102 0.705935 0.004112 0.008993
0 0.763569 0.912770 0.004112 0.008993
0 0.825247 0.572842 0.004112 0.008993
0 0.657484 0.556655 0.005757 0.008993
0 0.817434 0.159173 0.003289 0.012590
0 0.442023 0.883094 0.004112 0.010791
0 0.803865 0.802158 0.004112 0.010791
0 0.514391 0.232914 0.004112 0.012590
0 0.284539 0.673561 0.004934 0.012590
0 0.085115 0.019784 0.007401 0.010791
0 0.538240 0.755396 0.004112 0.010791
0 0.657484 0.267986 0.004112 0.010791
0 0.559622 0.906475 0.004112 0.010791
0 0.598273 0.251799 0.004112 0.010791
0 0.235197 0.626799 0.004934 0.008993
0 0.694901 0.762590 0.004934 0.010791
0 0.412007 0.967626 0.004934 0.014388
0 0.858141 0.651978 0.005757 0.008993
0 0.379934 0.290468 0.003289 0.012590
0 0.576891 0.930755 0.007401 0.016187
0 0.216694 0.197842 0.007401 0.010791
0 0.210938 0.005396 0.007401 0.010791
0 0.597862 0.630396 0.004934 0.012590
0 0.273026 0.803957 0.004934 0.010791
0 0.677632 0.967626 0.006579 0.010791
0 0.543174 0.854317 0.005757 0.017986
0 0.729441 0.096223 0.006579 0.019784
0 0.505345 0.991906 0.012335 0.016187
