0 0.685444 0.137590 0.007401 0.016187
0 0.100740 0.887590 0.007401 0.019784
0 0.400493 0.562950 0.008224 0.021583
0 0.779194 0.507194 0.009046 0.014388
0 0.333059 0.738309 0.008224 0.019784
0 0.511513 0.610611 0.009868 0.023381
0 0.342516 0.744604 0.012336 0.021583
0 0.152549 0.956835 0.009046 0.025180
0 0.427632 0.577338 0.011513 0.021583
0 0.213816 0.267086 0.011513 0.023381
0 0.527961 0.177158 0.013158 0.041367
0 0.412829 0.768885 0.021382 0.062950
0 0.514391 0.196942 0.023849 0.062950
0 0.750000 0.936151 0.039474 0.059353
0 0.351151 0.531475 0.041118 0.080935
0 0.384868 0.364209 0.026316 0.066547
0 0.676809 0.030575 0.049342 0.061151
0 0.214227 0.577338 0.025493 0.053957
0 0.386513 0.640288 0.026316 0.064748
0 0.561678 0.946043 0.019737 0.035971
0 0.837171 0.026978 0.024671 0.053957
0 0.430921 0.753597 0.023026 0.043166
0 0.765625 0.212230 0.029605 0.061151
0 0.354030 0.461331 0.020559 0.055755
0 0.705592 0.295863 0.023026 0.055755
0 0.505345 0.727518 0.032072 0.055755
0 0.640625 0.883993 0.023026 0.044964
0 0.259046 0.421763 0.029605 0.059352
0 0.344161 0.627698 0.043586 0.061151
0 0.537007 0.368705 0.029605 0.064748
0 0.432566 0.656475 0.023026 0.057554
0 0.195724 0.080036 0.021382 0.044964
0 0.917763 0.659173 0.037829 0.059353
0 0.150082 0.065647 0.053454 0.095324
0 0.843750 0.926259 0.036184 0.053957
0 0.245066 0.303058 0.026316 0.062950
0 0.482730 0.632194 0.029605 0.066547
0 0.449424 0.151978 0.032072 0.059352
0 0.725329 0.876799 0.049342 0.091727
0 0.797697 0.643885 0.055921 0.079137
0 0.625822 0.741007 0.032895 0.082734
0 0.238076 0.708633 0.030428 0.053957
0 0.756990 0.502698 0.030428 0.055755
0 0.758224 0.287770 0.031250 0.057554
0 0.786184 0.810252 0.032895 0.055755
0 0.760691 0.613309 0.036184 0.071942
0 0.080181 0.831835 0.032072 0.062950
0 0.716283 0.136691 0.029605 0.050360
0 0.509457 0.081835 0.022204 0.052158
0 0.425576 0.232914 0.033717 0.062950
0 0.516036 0.668165 0.046875 0.080935
0 0.240132 0.040468 0.054276 0.080935
0 0.497533 0.784173 0.034540 0.075540
0 0.788651 0.949640 0.032895 0.064748
0 0.743832 0.425360 0.035362 0.070144
0 0.349918 0.071043 0.063322 0.095324
0 0.782895 0.457734 0.047697 0.077338
0 0.550576 0.812950 0.028783 0.079137
0 0.593339 0.576439 0.028783 0.077338
0 0.356908 0.686151 0.046053 0.091727
0 0.679688 0.273381 0.035362 0.082734
0 0.315378 0.203237 0.033717 0.075540
0 0.095806 0.245504 0.038651 0.098921
0 0.364720 0.409173 0.030428 0.077338
0 0.628701 0.376799 0.004112 0.008993
0 0.794408 0.399281 0.003289 0.014389
0 0.638980 0.090827 0.004934 0.019784
0 0.559622 0.748201 0.002467 0.010791
0 0.714638 0.551259 0.003289 0.008993
0 0.173109 0.004496 0.004112 0.008993
0 0.614720 0.470324 0.004112 0.012590
0 0.764391 0.407374 0.004112 0.008993
0 0.627056 0.214029 0.004112 0.014388
0 0.456003 0.396583 0.004112 0.012590
0 0.459293 0.676259 0.004112 0.010791
0 0.583059 0.125000 0.003289 0.012590
0 0.614309 0.983813 0.003289 0.010791
0 0.673109 0.355216 0.004112 0.012590
0 0.668586 0.727518 0.003289 0.012590
0 0.553043 0.588130 0.004112 0.007194
0 0.874589 0.864209 0.004112 0.008993
0 0.627467 0.133094 0.004934 0.010791
0 0.530839 0.896583 0.004112 0.008993
0 0.851974 0.979317 0.006579 0.008993
0 0.451480 0.281475 0.003289 0.012590
0 0.708470 0.956835 0.004112 0.010791
0 0.830592 0.342626 0.004934 0.008993
0 0.696957 0.169964 0.004112 0.008993
0 0.652138 0.757194 0.004934 0.010791
0 0.917352 0.843525 0.004112 0.014388
0 0.566612 0.705036 0.004934 0.010791
0 0.506168 0.918165 0.004112 0.012590
0 0.696957 0.984712 0.004112 0.008993
0 0.531250 0.989209 0.004934 0.007194
0 0.560033 0.994604 0.004934 0.007194
0 0.714227 0.992806 0.004112 0.010791
0 0.270970 0.519784 0.004112 0.010791
0 0.679688 0.612410 0.004112 0.012590
0 0.561266 0.631295 0.004112 0.010791
0 0.278783 0.883094 0.003289 0.010791
0 0.409951 0.665468 0.004112 0.014388
0 0.365543 0.240108 0.004112 0.008993
0 0.717105 0.026978 0.004934 0.021583
0 0.443668 0.545863 0.004112 0.012590
0 0.402549 0.878597 0.004112 0.008993
0 0.607319 0.464029 0.007401 0.017986
0 0.645148 0.274281 0.004112 0.016187
0 0.443668 0.771583 0.007401 0.014388
0 0.530016 0.928058 0.004112 0.014388
0 0.635280 0.676259 0.004112 0.010791
0 0.633635 0.234712 0.005757 0.012590
0 0.400082 0.419065 0.004112 0.014389
0 0.509868 0.573741 0.004934 0.010791
0 0.275905 0.772482 0.010691 0.012590
0 0.266859 0.563849 0.004112 0.012590
0 0.656661 0.116007 0.005757 0.012590
0 0.587993 0.742806 0.004934 0.010791
0 0.562089 0.866906 0.005757 0.010791
0 0.825247 0.736511 0.007401 0.008993
0 0.581003 0.053957 0.005757 0.017986
0 0.536595 0.953237 0.007401 0.014388
0 0.802632 0.710432 0.006579 0.014388
0 0.614309 0.659173 0.008224 0.012590
0 0.614720 0.829137 0.009046 0.014388
