0 0.372122 0.987410 0.009046 0.017986
0 0.689145 0.187050 0.008224 0.021583
0 0.529194 0.989209 0.017270 0.014388
0 0.437500 0.505396 0.009868 0.017986
0 0.451069 0.991007 0.020559 0.017986
0 0.454359 0.018885 0.010691 0.030575
0 0.436266 0.944245 0.009046 0.035971
0 0.529605 0.633993 0.014803 0.030575
0 0.318257 0.276079 0.024671 0.044964
0 0.685444 0.243705 0.012335 0.030575
0 0.288240 0.116007 0.023849 0.048561
0 0.677632 0.982914 0.039474 0.034173
0 0.315789 0.981115 0.024671 0.030575
0 0.248355 0.170863 0.027961 0.039568
0 0.539885 0.036870 0.027138 0.066547
0 0.372122 0.277878 0.017270 0.055755
0 0.486431 0.250000 0.028783 0.050360
0 0.439145 0.224820 0.026316 0.050360
0 0.311678 0.218525 0.059211 0.073741
0 0.349918 0.869604 0.022204 0.066547
0 0.636924 0.723022 0.032072 0.082734
0 0.491365 0.023381 0.037007 0.046763
0 0.711760 0.669065 0.033717 0.057554
0 0.431332 0.095324 0.033717 0.046763
0 0.786184 0.831835 0.026316 0.062950
0 0.625411 0.522482 0.038651 0.091727
0 0.265214 0.882194 0.035362 0.070144
0 0.525493 0.677158 0.021382 0.055755
0 0.182977 0.977518 0.028783 0.041367
0 0.456003 0.840827 0.030428 0.044964
0 0.374178 0.213129 0.023026 0.062950
0 0.659951 0.829137 0.051809 0.071942
0 0.574013 0.437050 0.027960 0.057554
0 0.165707 0.042266 0.025493 0.037770
0 0.595395 0.056655 0.031250 0.055755
0 0.115954 0.599820 0.021382 0.059353
0 0.291941 0.883094 0.027961 0.064748
0 0.845806 0.657374 0.032072 0.052158
0 0.777549 0.088129 0.032072 0.071942
0 0.314556 0.094425 0.027138 0.077338
0 0.817023 0.028777 0.027138 0.057554
0 0.313734 0.732014 0.023849 0.071942
0 0.623766 0.453237 0.028783 0.053957
0 0.097862 0.815647 0.055921 0.073741
0 0.368010 0.159173 0.018914 0.062950
0 0.537829 0.565647 0.042763 0.124101
0 0.861020 0.782374 0.029605 0.068345
0 0.489309 0.095324 0.026316 0.068345
0 0.795230 0.170863 0.042763 0.075540
0 0.604030 0.663669 0.030428 0.068345
0 0.175987 0.729317 0.034540 0.059353
0 0.343750 0.269784 0.049342 0.115108
0 0.650905 0.574640 0.023849 0.052158
0 0.573602 0.316547 0.028783 0.086331
0 0.490954 0.808453 0.032895 0.070144
0 0.782895 0.455935 0.037829 0.077338
0 0.815378 0.377698 0.032072 0.075540
0 0.231086 0.097122 0.039474 0.075540
0 0.798109 0.730216 0.055099 0.111511
0 0.307566 0.600719 0.031250 0.086331
0 0.466694 0.780576 0.022204 0.086331
0 0.578125 0.179856 0.041118 0.071942
0 0.343750 0.785971 0.047697 0.089928
0 0.209293 0.947842 0.035362 0.093525
0 0.503701 0.213129 0.035362 0.084532
0 0.536595 0.102518 0.037007 0.093525
0 0.256168 0.235612 0.038651 0.093525
0 0.576480 0.504496 0.003289 0.008993
0 0.750000 0.511691 0.004934 0.008993
0 0.702303 0.193345 0.003289 0.008993
0 0.768503 0.617806 0.004112 0.008993
0 0.919819 0.622302 0.005757 0.043166
0 0.620066 0.408273 0.003289 0.010791
0 0.673931 0.265288 0.004112 0.012590
0 0.467105 0.973022 0.003289 0.010791
0 0.647615 0.097122 0.004112 0.010791
0 0.391859 0.178957 0.004112 0.012590
0 0.347862 0.052158 0.003289 0.010791
0 0.762747 0.223921 0.004112 0.008993
0 0.226151 0.003597 0.006579 0.007194
0 0.572368 0.128597 0.004934 0.008993
0 0.547286 0.336331 0.004112 0.014389
0 0.385691 0.082734 0.004934 0.010791
0 0.141036 0.750899 0.004112 0.008993
0 0.496711 0.321942 0.004934 0.010791
0 0.598273 0.145683 0.005757 0.014388
0 0.399260 0.327338 0.004112 0.010791
0 0.422697 0.921763 0.003289 0.008993
0 0.738898 0.704137 0.004112 0.008993
0 0.715461 0.923561 0.004934 0.008993
0 0.669408 0.705935 0.004934 0.008993
0 0.664885 0.922662 0.004112 0.010791
0 0.700658 0.013489 0.006579 0.008993
0 0.597039 0.830036 0.006579 0.012590
0 0.581826 0.962230 0.005757 0.014388
0 0.634868 0.006295 0.006579 0.012590
0 0.635691 0.640288 0.004934 0.010791
0 0.594572 0.567446 0.004934 0.012590
0 0.699013 0.062950 0.006579 0.014388
0 0.721217 0.203237 0.006579 0.010791
0 0.691201 0.642086 0.004112 0.014388
0 0.583059 0.737410 0.006579 0.010791
0 0.347039 0.663669 0.004934 0.014388
0 0.550987 0.969424 0.004934 0.014388
0 0.226562 0.633094 0.005757 0.014388
0 0.452714 0.131295 0.007401 0.021583
0 0.165296 0.004496 0.011513 0.008993
0 0.425576 0.368705 0.007401 0.014389
