0 0.638158 0.673561 0.008224 0.016187
0 0.532072 0.010791 0.027960 0.021583
0 0.782895 0.636691 0.008224 0.017986
0 0.397204 0.938849 0.011513 0.021583
0 0.256168 0.905576 0.010691 0.019784
0 0.311678 0.012590 0.021382 0.025180
0 0.201891 0.989209 0.018914 0.017986
0 0.426809 0.866906 0.014803 0.021583
0 0.816201 0.788669 0.012335 0.023381
0 0.352796 0.896583 0.011513 0.023381
0 0.743421 0.348022 0.013158 0.037770
0 0.750822 0.244604 0.013158 0.028777
0 0.538651 0.246403 0.014803 0.028777
0 0.574424 0.935252 0.030428 0.050360
0 0.342516 0.293165 0.028783 0.061151
0 0.505757 0.984712 0.027960 0.026978
0 0.263158 0.015288 0.019737 0.030575
0 0.836349 0.555755 0.026316 0.071942
0 0.444901 0.924460 0.024671 0.043165
0 0.349507 0.422662 0.023026 0.050360
0 0.055099 0.178957 0.018092 0.084532
0 0.579359 0.978417 0.048520 0.043165
0 0.362664 0.267986 0.059211 0.089928
0 0.136102 0.366906 0.030428 0.043166
0 0.739309 0.925360 0.023026 0.048561
0 0.349507 0.768885 0.026316 0.055755
0 0.754523 0.809353 0.032072 0.043166
0 0.563734 0.877698 0.033717 0.057554
0 0.312089 0.192446 0.022204 0.061151
0 0.140625 0.568345 0.029605 0.053957
0 0.204770 0.159173 0.032895 0.062950
0 0.455592 0.807554 0.018092 0.046763
0 0.851151 0.678957 0.026316 0.062950
0 0.740543 0.460432 0.028783 0.061151
0 0.451069 0.877698 0.023849 0.043166
0 0.301809 0.951439 0.021382 0.061151
0 0.566201 0.563849 0.023849 0.059353
0 0.661184 0.044964 0.026316 0.061151
0 0.284539 0.298561 0.029605 0.061151
0 0.252878 0.077338 0.038651 0.064748
0 0.699424 0.974820 0.027138 0.046763
0 0.789885 0.539568 0.032072 0.043166
0 0.790296 0.075540 0.029605 0.050360
0 0.284539 0.531475 0.024671 0.080935
0 0.686266 0.822842 0.025493 0.052158
0 0.564556 0.483813 0.027138 0.104317
0 0.760691 0.697842 0.026316 0.039568
0 0.669408 0.871403 0.034540 0.066547
0 0.726974 0.950540 0.029605 0.062950
0 0.640214 0.208633 0.056743 0.061151
0 0.198602 0.532374 0.022204 0.053957
0 0.206003 0.100719 0.043586 0.064748
0 0.281661 0.118705 0.022204 0.068345
0 0.288651 0.680755 0.026316 0.059353
0 0.239309 0.485611 0.046053 0.115108
0 0.145148 0.762590 0.022204 0.068345
0 0.483964 0.605216 0.028783 0.059353
0 0.084704 0.180755 0.046053 0.098921
0 0.355674 0.610611 0.032072 0.062950
0 0.361842 0.821942 0.032895 0.064748
0 0.240543 0.713130 0.032072 0.059353
0 0.537829 0.737410 0.032895 0.104317
0 0.530839 0.475719 0.037007 0.073741
0 0.663651 0.809353 0.027960 0.046763
0 0.433799 0.956835 0.027138 0.050360
0 0.746299 0.618705 0.032072 0.057554
0 0.562089 0.162770 0.035362 0.073741
0 0.440789 0.208633 0.027960 0.075540
0 0.582648 0.193345 0.030428 0.073741
0 0.637747 0.627698 0.030428 0.057554
0 0.296053 0.046763 0.055921 0.093525
0 0.655016 0.110612 0.045230 0.095324
0 0.780428 0.357914 0.034540 0.086331
0 0.546875 0.342626 0.021382 0.062950
0 0.506990 0.427158 0.041941 0.088129
0 0.709704 0.723921 0.029605 0.073741
0 0.243832 0.951439 0.056743 0.097122
0 0.567434 0.347122 0.004934 0.010791
0 0.407484 0.155576 0.004112 0.008993
0 0.727385 0.759892 0.004112 0.008993
0 0.418174 0.534173 0.004112 0.010791
0 0.457237 0.553058 0.003289 0.008993
0 0.453947 0.690647 0.003289 0.010791
0 0.692023 0.384892 0.004112 0.010791
0 0.187089 0.393885 0.004112 0.017986
0 0.793586 0.733813 0.003289 0.017986
0 0.722039 0.429856 0.004934 0.010791
0 0.733141 0.019784 0.004112 0.010791
0 0.645559 0.699640 0.003289 0.010791
0 0.604030 0.169964 0.004112 0.012590
0 0.595806 0.337230 0.004112 0.012590
0 0.196957 0.338129 0.005757 0.017986
0 0.603207 0.806655 0.004112 0.008993
0 0.933799 0.003597 0.010691 0.007194
0 0.176398 0.239209 0.004112 0.010791
0 0.680510 0.647482 0.004112 0.010791
0 0.687500 0.062950 0.006579 0.014388
0 0.813322 0.154676 0.004934 0.010791
0 0.610609 0.723921 0.004112 0.008993
0 0.623766 0.809353 0.004112 0.010791
0 0.898026 0.129496 0.004934 0.010791
0 0.841283 0.175360 0.004934 0.008993
0 0.687089 0.963130 0.007401 0.016187
0 0.636513 0.305755 0.004934 0.010791
0 0.899671 0.505396 0.004934 0.010791
0 0.610197 0.901978 0.004934 0.008993
0 0.348684 0.007194 0.008224 0.014389
0 0.791941 0.635791 0.006579 0.008993
0 0.671053 0.479317 0.004934 0.016187
0 0.869243 0.419964 0.006579 0.016187
0 0.597039 0.037770 0.006579 0.025180
0 0.574424 0.823741 0.004112 0.014388
0 0.770970 0.030575 0.007401 0.014388
0 0.615543 0.275180 0.005757 0.014389
0 0.823191 0.161871 0.008224 0.014388
0 0.480674 0.005396 0.012335 0.010791
0 0.603207 0.677158 0.005757 0.019784
0 0.217516 0.640288 0.007401 0.014388
0 0.652138 0.737410 0.008224 0.017986
