0 0.741776 0.689748 0.014803 0.019784
0 0.441201 0.500899 0.012335 0.026978
0 0.386924 0.567446 0.018914 0.026978
0 0.323602 0.721223 0.022204 0.053957
0 0.387747 0.362410 0.025493 0.055755
0 0.826069 0.307554 0.022204 0.046763
0 0.687089 0.208633 0.013980 0.028777
0 0.800987 0.693345 0.049342 0.070144
0 0.592516 0.985611 0.018915 0.028777
0 0.706003 0.017086 0.041941 0.034173
0 0.726562 0.062950 0.027138 0.050360
0 0.598684 0.415468 0.055921 0.122302
0 0.716283 0.354317 0.014803 0.039568
0 0.591694 0.017986 0.023849 0.035971
0 0.212582 0.637590 0.032072 0.052158
0 0.286184 0.907374 0.026316 0.062950
0 0.162007 0.884892 0.034540 0.053957
0 0.600740 0.655576 0.022204 0.059353
0 0.763569 0.700540 0.023849 0.041367
0 0.736431 0.856115 0.035362 0.057554
0 0.758635 0.089928 0.030428 0.039568
0 0.071135 0.567446 0.022204 0.059353
0 0.745066 0.650180 0.026316 0.059353
0 0.284128 0.059353 0.037007 0.061151
0 0.351974 0.524281 0.026316 0.055755
0 0.308388 0.318345 0.021382 0.043166
0 0.346628 0.955036 0.020559 0.039568
0 0.802632 0.590827 0.023026 0.041367
0 0.310033 0.118705 0.026316 0.057554
0 0.335526 0.452338 0.026316 0.037770
0 0.784539 0.387590 0.029605 0.052158
0 0.233553 0.592626 0.024671 0.059353
0 0.687500 0.253597 0.027960 0.061151
0 0.255757 0.028777 0.027960 0.057554
0 0.177632 0.020683 0.037829 0.041367
0 0.907072 0.298561 0.029605 0.061151
0 0.225329 0.863309 0.054276 0.089928
0 0.618010 0.086331 0.023849 0.043166
0 0.672286 0.939748 0.032072 0.073741
0 0.325658 0.056655 0.027961 0.048561
0 0.451480 0.865108 0.019737 0.050360
0 0.818257 0.629496 0.027960 0.050360
0 0.763569 0.931655 0.022204 0.039568
0 0.754934 0.822842 0.024671 0.052158
0 0.265625 0.854317 0.032895 0.079137
0 0.592516 0.782374 0.040296 0.050360
0 0.789885 0.767086 0.028783 0.048561
0 0.514391 0.302158 0.022204 0.053957
0 0.641036 0.168165 0.028783 0.066547
0 0.635691 0.270683 0.027960 0.066547
0 0.615543 0.218525 0.022204 0.044964
0 0.514803 0.480216 0.024671 0.053957
0 0.495477 0.043165 0.046875 0.086331
0 0.791530 0.026079 0.032072 0.052158
0 0.129523 0.124101 0.043585 0.082734
0 0.627878 0.532374 0.028783 0.064748
0 0.923109 0.925360 0.030428 0.070144
0 0.625000 0.018885 0.031250 0.037770
0 0.566612 0.964029 0.046053 0.071942
0 0.860197 0.315647 0.029605 0.048561
0 0.464227 0.041367 0.020559 0.053957
0 0.481497 0.933453 0.022204 0.057554
0 0.565789 0.033273 0.037829 0.066547
0 0.666530 0.145683 0.030428 0.071942
0 0.317845 0.199640 0.030428 0.053957
0 0.621711 0.723921 0.041118 0.077338
0 0.665707 0.032374 0.035362 0.064748
0 0.454359 0.101619 0.040296 0.098921
0 0.317845 0.875000 0.043586 0.088129
0 0.332237 0.609712 0.041118 0.071942
0 0.182977 0.083633 0.041941 0.070144
0 0.294408 0.706835 0.044408 0.093525
0 0.780428 0.857014 0.037829 0.077338
0 0.354441 0.754496 0.003289 0.008993
0 0.565378 0.881295 0.004112 0.010791
0 0.213816 0.213129 0.003289 0.008993
0 0.117188 0.218525 0.004112 0.008993
0 0.747944 0.991906 0.004112 0.008993
0 0.386513 0.215827 0.003289 0.010791
0 0.439556 0.012590 0.004112 0.010791
0 0.335526 0.228417 0.004934 0.010791
0 0.737253 0.423561 0.004112 0.023381
0 0.432155 0.936151 0.004112 0.008993
0 0.555921 0.400180 0.004934 0.008993
0 0.363898 0.019784 0.004112 0.025180
0 0.538651 0.318345 0.004934 0.014389
0 0.196957 0.834532 0.004112 0.010791
0 0.421464 0.499101 0.004112 0.012590
0 0.296464 0.625000 0.004112 0.008993
0 0.394737 0.032374 0.004934 0.010791
0 0.650082 0.510791 0.007401 0.014388
0 0.206826 0.562050 0.007401 0.023381
0 0.506990 0.817446 0.005757 0.012590
0 0.205592 0.537770 0.008224 0.028777
0 0.152549 0.164568 0.005757 0.012590
0 0.173520 0.251799 0.004934 0.014389
0 0.625411 0.673561 0.007401 0.019784
0 0.515625 0.403777 0.004934 0.012590
0 0.604030 0.751799 0.013980 0.032374
0 0.562911 0.090827 0.005757 0.016187
0 0.142681 0.973022 0.005757 0.010791
0 0.703536 0.877698 0.005757 0.017986
