0 0.729852 0.234712 0.009046 0.012590
0 0.409951 0.544065 0.009046 0.019784
0 0.525905 0.824640 0.007401 0.016187
0 0.761513 0.587230 0.008224 0.016187
0 0.840461 0.734712 0.006579 0.019784
0 0.533306 0.810252 0.007401 0.016187
0 0.643092 0.890288 0.008224 0.017986
0 0.203536 0.008993 0.030428 0.017986
0 0.831003 0.642986 0.007401 0.019784
0 0.579770 0.669964 0.009868 0.019784
0 0.440789 0.009892 0.031250 0.019784
0 0.579770 0.411871 0.014803 0.021583
0 0.648849 0.098921 0.011513 0.021583
0 0.785773 0.224820 0.012335 0.021583
0 0.722039 0.340827 0.009868 0.026978
0 0.698191 0.949640 0.013158 0.025180
0 0.141859 0.357914 0.012335 0.028777
0 0.568257 0.572842 0.011513 0.023381
0 0.182566 0.901079 0.013158 0.025180
0 0.821546 0.850719 0.013158 0.025180
0 0.833059 0.252698 0.013158 0.034173
0 0.783306 0.979317 0.020559 0.034173
0 0.673520 0.661870 0.031250 0.053957
0 0.439967 0.957734 0.013158 0.030575
0 0.389803 0.373201 0.029605 0.037770
0 0.580181 0.015288 0.035362 0.030575
0 0.349095 0.805755 0.018914 0.032374
0 0.810444 0.581835 0.030428 0.044964
0 0.564145 0.628597 0.013158 0.030575
0 0.579770 0.377698 0.024671 0.046763
0 0.607319 0.901978 0.022204 0.037770
0 0.562500 0.519784 0.018092 0.043166
0 0.368832 0.325540 0.022204 0.039568
0 0.628289 0.237410 0.032895 0.064748
0 0.523849 0.608813 0.044408 0.149281
0 0.811678 0.467626 0.024671 0.039568
0 0.780016 0.514389 0.023849 0.046763
0 0.753289 0.348921 0.026316 0.050360
0 0.758224 0.536870 0.036184 0.044964
0 0.716694 0.975719 0.033717 0.048561
0 0.342516 0.442446 0.022204 0.050360
0 0.759046 0.964029 0.039474 0.068345
0 0.430921 0.407374 0.026316 0.055755
0 0.774671 0.041367 0.027960 0.082734
0 0.245066 0.402878 0.027961 0.053957
0 0.452714 0.471223 0.030428 0.057554
0 0.734786 0.943345 0.028783 0.062950
0 0.299342 0.025180 0.026316 0.050360
0 0.365543 0.859712 0.023849 0.043166
0 0.368010 0.410072 0.069901 0.104317
0 0.163651 0.302158 0.024671 0.043166
0 0.728207 0.481115 0.043585 0.077338
0 0.403783 0.690647 0.029605 0.050360
0 0.517681 0.935252 0.023849 0.050360
0 0.518092 0.072842 0.026316 0.070144
0 0.890625 0.272482 0.041118 0.062950
0 0.306332 0.665468 0.027138 0.061151
0 0.611842 0.165468 0.034540 0.064748
0 0.253701 0.167266 0.040296 0.064748
0 0.726562 0.098022 0.046875 0.120504
0 0.792763 0.785072 0.031250 0.059353
0 0.168174 0.750000 0.027138 0.050360
0 0.414885 0.490108 0.025493 0.070144
0 0.115543 0.318345 0.058388 0.071942
0 0.418174 0.777878 0.033717 0.055755
0 0.448602 0.323741 0.032072 0.061151
0 0.558799 0.899281 0.022204 0.053957
0 0.564556 0.267086 0.035362 0.055755
0 0.557155 0.953237 0.023849 0.053957
0 0.916530 0.497302 0.028783 0.066547
0 0.305921 0.916367 0.034540 0.066547
0 0.652961 0.176259 0.027960 0.061151
0 0.478207 0.275180 0.023849 0.064748
0 0.217516 0.731115 0.028783 0.073741
0 0.323191 0.410072 0.026316 0.075540
0 0.671875 0.714029 0.027960 0.053957
0 0.451069 0.652878 0.032072 0.068345
0 0.185033 0.455036 0.047697 0.093525
0 0.902961 0.657374 0.037829 0.077338
0 0.646793 0.820144 0.032072 0.075540
0 0.490543 0.960432 0.041941 0.079137
0 0.205181 0.905576 0.037007 0.088129
0 0.374178 0.625000 0.036184 0.098921
0 0.564967 0.791367 0.039474 0.079137
0 0.197368 0.124101 0.042763 0.082734
0 0.811678 0.750000 0.003289 0.010791
0 0.760691 0.839029 0.003289 0.008993
0 0.266447 0.258094 0.004934 0.012590
0 0.598273 0.232014 0.004112 0.010791
0 0.508224 0.149281 0.004934 0.014388
0 0.606908 0.580935 0.004934 0.010791
0 0.260280 0.863309 0.004112 0.014388
0 0.243832 0.836331 0.004112 0.010791
0 0.526727 0.177158 0.004112 0.008993
0 0.780016 0.690647 0.004112 0.007194
0 0.235609 0.658273 0.004112 0.010791
0 0.428865 0.708633 0.004112 0.010791
0 0.240954 0.616906 0.003289 0.010791
0 0.161595 0.343525 0.004112 0.010791
0 0.547286 0.417266 0.004112 0.010791
0 0.784951 0.860611 0.004112 0.008993
0 0.684622 0.870504 0.004112 0.010791
0 0.662829 0.533273 0.004934 0.012590
0 0.839227 0.621403 0.004112 0.008993
0 0.120477 0.650180 0.005757 0.023381
0 0.230263 0.545863 0.006579 0.016187
0 0.402549 0.904676 0.005757 0.010791
0 0.337993 0.336331 0.003289 0.014389
0 0.722862 0.869604 0.003289 0.008993
0 0.208059 0.344424 0.004934 0.008993
0 0.145559 0.460432 0.003289 0.010791
0 0.334293 0.196043 0.005757 0.010791
0 0.315789 0.877698 0.004934 0.010791
0 0.429688 0.074640 0.004112 0.012590
0 0.811266 0.044065 0.004112 0.012590
0 0.488076 0.374101 0.005757 0.010791
0 0.219572 0.436151 0.004934 0.012590
0 0.636924 0.356115 0.004112 0.010791
0 0.390214 0.065647 0.005757 0.012590
0 0.301809 0.602518 0.004934 0.014388
0 0.895148 0.003597 0.007401 0.007194
0 0.692434 0.795863 0.004934 0.012590
0 0.113487 0.498201 0.006579 0.014388
0 0.582237 0.831835 0.008224 0.016187
0 0.710938 0.927158 0.005757 0.016187
0 0.849507 0.220324 0.008224 0.012590
0 0.663240 0.340827 0.009046 0.012590
0 0.799753 0.844424 0.005757 0.012590
0 0.686266 0.258993 0.010691 0.014389
0 0.489720 0.501799 0.005757 0.017986
