0 0.535773 0.362410 0.007401 0.016187
0 0.408717 0.496403 0.009868 0.017986
0 0.303454 0.988309 0.008224 0.016187
0 0.558388 0.463129 0.006579 0.016187
0 0.652549 0.595324 0.010691 0.021583
0 0.274671 0.084532 0.008224 0.014388
0 0.276316 0.180755 0.011513 0.016187
0 0.164062 0.987410 0.037007 0.025180
0 0.366365 0.989209 0.017270 0.017986
0 0.611431 0.901978 0.009046 0.016187
0 0.227796 0.912770 0.011513 0.016187
0 0.571546 0.167266 0.009868 0.025180
0 0.797286 0.093525 0.009046 0.025180
0 0.452714 0.989209 0.028783 0.021583
0 0.796053 0.984712 0.044408 0.030576
0 0.517681 0.023381 0.012335 0.025180
0 0.352385 0.756295 0.012336 0.026978
0 0.526316 0.768885 0.009868 0.026978
0 0.365132 0.319245 0.016447 0.026978
0 0.414474 0.277878 0.013158 0.030575
0 0.175164 0.532374 0.016447 0.035971
0 0.253701 0.559353 0.015625 0.032374
0 0.824424 0.580935 0.033717 0.064748
0 0.803043 0.032374 0.051809 0.064748
0 0.572780 0.430755 0.025493 0.044964
0 0.736020 0.507194 0.027960 0.043166
0 0.078536 0.979317 0.025493 0.034173
0 0.344161 0.673561 0.025493 0.062950
0 0.554688 0.158273 0.027138 0.057554
0 0.240954 0.977518 0.021382 0.041367
0 0.539474 0.876799 0.023026 0.070144
0 0.472862 0.444245 0.037829 0.079137
0 0.312089 0.369604 0.023849 0.066547
0 0.152549 0.633094 0.032072 0.061151
0 0.605263 0.098022 0.031250 0.059353
0 0.342516 0.482014 0.022204 0.064748
0 0.356497 0.152878 0.015625 0.046763
0 0.203125 0.500899 0.039474 0.066547
0 0.077714 0.921763 0.030428 0.066547
0 0.456826 0.257194 0.050165 0.158273
0 0.849095 0.876799 0.069901 0.095324
0 0.851151 0.205935 0.052632 0.102518
0 0.462582 0.375000 0.023849 0.059352
0 0.269326 0.136691 0.023849 0.046763
0 0.281661 0.976619 0.035362 0.046763
0 0.139803 0.266187 0.059210 0.075540
0 0.256168 0.679856 0.030428 0.068345
0 0.262336 0.024281 0.036184 0.048561
0 0.730263 0.941547 0.064145 0.073741
0 0.535362 0.059353 0.027960 0.075540
0 0.212171 0.758094 0.036184 0.073741
0 0.651316 0.726619 0.029605 0.079137
0 0.539885 0.321043 0.030428 0.048561
0 0.328947 0.032374 0.031250 0.064748
0 0.701891 0.724820 0.038651 0.086331
0 0.672286 0.764389 0.023849 0.057554
0 0.720806 0.796763 0.032072 0.097122
0 0.571135 0.242806 0.030428 0.050360
0 0.839638 0.489209 0.029605 0.068345
0 0.828125 0.084532 0.041118 0.097122
0 0.296464 0.239209 0.048520 0.079137
0 0.511924 0.679856 0.046875 0.107914
0 0.512747 0.097122 0.035362 0.079137
0 0.858553 0.079137 0.003289 0.010791
0 0.675164 0.935252 0.003289 0.010791
0 0.227385 0.631295 0.004112 0.010791
0 0.381990 0.638489 0.004112 0.010791
0 0.811266 0.205935 0.004112 0.012590
0 0.249178 0.860611 0.021382 0.044964
0 0.240132 0.756295 0.004934 0.008993
0 0.579359 0.768885 0.004112 0.012590
0 0.086349 0.582734 0.003289 0.010791
0 0.797286 0.511691 0.004112 0.012590
0 0.360197 0.634892 0.003289 0.010791
0 0.564556 0.693345 0.004112 0.008993
0 0.810855 0.742806 0.003289 0.010791
0 0.785362 0.241906 0.004934 0.008993
0 0.451069 0.071942 0.004112 0.010791
0 0.240954 0.888489 0.006579 0.017986
0 0.512336 0.260791 0.003289 0.010791
0 0.885691 0.641187 0.003289 0.008993
0 0.766036 0.260791 0.004112 0.007194
0 0.672697 0.607914 0.003289 0.010791
0 0.866365 0.694245 0.004112 0.010791
0 0.498355 0.764389 0.003289 0.010791
0 0.500411 0.572842 0.004112 0.012590
0 0.847862 0.812950 0.004934 0.007194
0 0.763158 0.680755 0.004934 0.008993
0 0.522204 0.207734 0.004934 0.008993
0 0.378289 0.973921 0.004934 0.008993
0 0.762747 0.794065 0.004112 0.008993
0 0.424753 0.346223 0.004112 0.008993
0 0.341283 0.726619 0.003289 0.010791
0 0.682155 0.521583 0.005757 0.010791
0 0.639803 0.879496 0.003289 0.010791
0 0.710115 0.111511 0.004112 0.010791
0 0.622944 0.406475 0.004112 0.010791
0 0.842516 0.324640 0.004112 0.012590
0 0.186266 0.808453 0.004112 0.012590
0 0.201891 0.194245 0.005757 0.010791
0 0.692434 0.613309 0.004934 0.010791
0 0.639803 0.932554 0.003289 0.012590
0 0.373355 0.555755 0.004934 0.010791
0 0.685033 0.164568 0.004934 0.012590
0 0.461760 0.057554 0.004112 0.010791
0 0.922286 0.977518 0.004112 0.012590
0 0.254112 0.928058 0.004934 0.010791
0 0.752878 0.910971 0.005757 0.012590
0 0.614309 0.058453 0.004934 0.012590
0 0.529194 0.841727 0.005757 0.017986
0 0.694490 0.421763 0.004112 0.012590
0 0.655839 0.836331 0.005757 0.010791
0 0.466694 0.862410 0.004112 0.016187
0 0.485609 0.256295 0.004112 0.016187
0 0.424753 0.474820 0.004112 0.017986
0 0.736431 0.556655 0.005757 0.016187
0 0.488898 0.285072 0.004112 0.012590
0 0.468750 0.635791 0.006579 0.019784
0 0.624589 0.223022 0.005757 0.017986
0 0.703947 0.849820 0.004934 0.012590
0 0.500411 0.787770 0.005757 0.014388
0 0.391447 0.508993 0.008224 0.017986
0 0.893092 0.794065 0.003289 0.012590
0 0.386102 0.496403 0.007401 0.014388
0 0.342928 0.113309 0.006579 0.010791
0 0.763569 0.500000 0.007401 0.014388
0 0.162418 0.589029 0.005757 0.012590
0 0.859786 0.369604 0.005757 0.012590
0 0.821546 0.505396 0.008224 0.017986
0 0.494655 0.032374 0.009046 0.014388
0 0.447780 0.853417 0.005757 0.012590
0 0.359375 0.239209 0.006579 0.017986
0 0.826891 0.348921 0.007401 0.017986
0 0.269326 0.928058 0.005757 0.014388
0 0.364309 0.893885 0.008224 0.014388
