0 0.430921 0.651978 0.006579 0.016187
0 0.819079 0.702338 0.008224 0.019784
0 0.555921 0.898381 0.009868 0.016187
0 0.606086 0.832734 0.008224 0.017986
0 0.636513 0.508993 0.009868 0.021583
0 0.534539 0.477518 0.011513 0.023381
0 0.685444 0.437950 0.013980 0.026978
0 0.608141 0.666367 0.009046 0.026978
0 0.593750 0.952338 0.023026 0.030575
0 0.333059 0.178957 0.011513 0.023381
0 0.589227 0.985611 0.017270 0.025180
0 0.373766 0.200540 0.060033 0.113309
0 0.483141 0.288669 0.012335 0.023381
0 0.714227 0.665468 0.012335 0.028777
0 0.201480 0.610611 0.024671 0.034173
0 0.344572 0.983813 0.036184 0.032374
0 0.800164 0.633993 0.047697 0.084532
0 0.627056 0.910072 0.045230 0.125899
0 0.725329 0.026978 0.021382 0.053957
0 0.423520 0.198741 0.018092 0.052158
0 0.742599 0.879496 0.036184 0.043166
0 0.402138 0.554856 0.044408 0.077338
0 0.485197 0.514389 0.023026 0.053957
0 0.501645 0.661870 0.032895 0.064748
0 0.197780 0.959532 0.053454 0.080935
0 0.573602 0.958633 0.025493 0.053957
0 0.481497 0.598921 0.028783 0.061151
0 0.204770 0.709532 0.029605 0.048561
0 0.513569 0.058453 0.025493 0.070144
0 0.430510 0.618705 0.027138 0.046763
0 0.467516 0.794964 0.018915 0.039568
0 0.484375 0.843525 0.024671 0.057554
0 0.584704 0.912770 0.027960 0.052158
0 0.805921 0.294964 0.031250 0.057554
0 0.434211 0.728417 0.037829 0.043166
0 0.739309 0.682554 0.019737 0.059353
0 0.424753 0.352518 0.025493 0.057554
0 0.197368 0.306655 0.046053 0.073741
0 0.117599 0.097122 0.034540 0.050360
0 0.663240 0.745504 0.041941 0.062950
0 0.342105 0.054856 0.032895 0.062950
0 0.372944 0.131295 0.027138 0.053957
0 0.752878 0.187050 0.041941 0.057554
0 0.490954 0.331835 0.029605 0.055755
0 0.641036 0.553058 0.032072 0.055755
0 0.107319 0.973921 0.025493 0.052158
0 0.351562 0.727518 0.025493 0.041367
0 0.523849 0.544964 0.031250 0.053957
0 0.886102 0.247302 0.023849 0.059353
0 0.732319 0.928957 0.025493 0.044964
0 0.309211 0.316547 0.029605 0.046763
0 0.416530 0.080935 0.028783 0.046763
0 0.198602 0.191547 0.027138 0.059352
0 0.669408 0.531475 0.026316 0.062950
0 0.302220 0.480216 0.030428 0.050360
0 0.466694 0.319245 0.022204 0.070144
0 0.751234 0.299460 0.033717 0.048561
0 0.317434 0.883094 0.037829 0.064748
0 0.542763 0.031475 0.027960 0.062950
0 0.152961 0.947842 0.050987 0.089928
0 0.772204 0.411871 0.057566 0.125899
0 0.644326 0.794065 0.033717 0.055755
0 0.435033 0.784173 0.029605 0.050360
0 0.553454 0.546763 0.029605 0.071942
0 0.356086 0.784173 0.044408 0.082734
0 0.680510 0.614209 0.041941 0.095324
0 0.303043 0.100719 0.032072 0.075540
0 0.770148 0.952338 0.037007 0.077338
0 0.326891 0.138489 0.023849 0.050360
0 0.705592 0.116906 0.029605 0.071942
0 0.123355 0.318345 0.039474 0.082734
0 0.844572 0.319245 0.054276 0.134892
0 0.791941 0.853417 0.003289 0.008993
0 0.509457 0.136691 0.004112 0.010791
0 0.539885 0.889389 0.004112 0.008993
0 0.588816 0.038669 0.003289 0.008993
0 0.866365 0.511691 0.005757 0.012590
0 0.814556 0.562950 0.005757 0.017986
0 0.646382 0.455036 0.003289 0.010791
0 0.530016 0.233813 0.004112 0.010791
0 0.546053 0.928058 0.003289 0.010791
0 0.637336 0.357914 0.003289 0.010791
0 0.595806 0.543165 0.004112 0.010791
0 0.403783 0.259892 0.003289 0.012590
0 0.490543 0.003597 0.007401 0.007194
0 0.571135 0.486511 0.004112 0.012590
0 0.670230 0.135791 0.003289 0.012590
0 0.891036 0.403777 0.004112 0.012590
0 0.466283 0.994604 0.011513 0.007194
0 0.349507 0.209532 0.006579 0.023381
0 0.273849 0.653777 0.004934 0.008993
0 0.412418 0.425360 0.004112 0.012590
0 0.239720 0.925360 0.005757 0.016187
0 0.500411 0.241906 0.005757 0.008993
0 0.570724 0.701439 0.004934 0.014388
0 0.722039 0.365108 0.004934 0.010791
0 0.238076 0.866007 0.005757 0.023381
0 0.716283 0.722122 0.003289 0.012590
0 0.250000 0.594424 0.006579 0.012590
0 0.567023 0.008094 0.032072 0.016187
0 0.489309 0.919964 0.004934 0.012590
0 0.153783 0.142986 0.004934 0.019784
0 0.301809 0.848921 0.004934 0.014388
0 0.671053 0.054856 0.006579 0.012590
0 0.685033 0.184353 0.006579 0.012590
0 0.460938 0.698741 0.007401 0.012590
0 0.752056 0.110612 0.007401 0.012590
0 0.579359 0.790468 0.005757 0.012590
0 0.414885 0.856115 0.009046 0.017986
0 0.300576 0.409173 0.007401 0.012590
0 0.826480 0.236511 0.006579 0.012590
0 0.817434 0.899281 0.006579 0.017986
0 0.529605 0.687050 0.006579 0.017986
0 0.790296 0.240108 0.008224 0.016187
