0 0.577714 0.132194 0.007401 0.016187
0 0.745477 0.202338 0.007401 0.016187
0 0.600329 0.023381 0.011513 0.021583
0 0.167763 0.376799 0.009868 0.019784
0 0.633224 0.222122 0.011513 0.030575
0 0.587582 0.612410 0.009046 0.026978
0 0.221628 0.008993 0.027138 0.017986
0 0.611020 0.329137 0.011513 0.021583
0 0.667763 0.882194 0.013158 0.023381
0 0.230263 0.572842 0.013158 0.019784
0 0.910773 0.776079 0.020559 0.066547
0 0.191612 0.180755 0.014803 0.026978
0 0.521382 0.511691 0.019737 0.041367
0 0.274671 0.250899 0.041118 0.070144
0 0.926398 0.254496 0.023849 0.052158
0 0.435855 0.857914 0.029605 0.053957
0 0.181332 0.695144 0.030428 0.044964
0 0.906661 0.270683 0.020559 0.030575
0 0.263158 0.205935 0.019737 0.030575
0 0.764391 0.555755 0.028783 0.057554
0 0.561678 0.503597 0.034540 0.064748
0 0.389803 0.664568 0.018092 0.037770
0 0.438322 0.687050 0.018092 0.043166
0 0.587582 0.506295 0.018915 0.052158
0 0.351974 0.377698 0.026316 0.061151
0 0.753701 0.158273 0.027138 0.061151
0 0.750411 0.979317 0.033717 0.037770
0 0.560855 0.026079 0.024671 0.048561
0 0.345806 0.676259 0.038651 0.053957
0 0.509868 0.593525 0.023026 0.039568
0 0.542763 0.533273 0.029605 0.048561
0 0.474918 0.825540 0.037007 0.075540
0 0.386102 0.579137 0.025493 0.075540
0 0.811678 0.600719 0.046053 0.068345
0 0.215049 0.455935 0.017270 0.048561
0 0.548520 0.377698 0.026316 0.061151
0 0.178865 0.651079 0.037007 0.046763
0 0.757812 0.467626 0.030428 0.050360
0 0.351562 0.232014 0.037007 0.053957
0 0.466694 0.964029 0.023849 0.061151
0 0.357730 0.120504 0.023026 0.046763
0 0.520148 0.902878 0.028783 0.046763
0 0.365132 0.973921 0.029605 0.048561
0 0.811266 0.737410 0.025493 0.057554
0 0.134868 0.148381 0.023026 0.048561
0 0.119243 0.499101 0.041118 0.055755
0 0.196135 0.035072 0.048520 0.070144
0 0.826480 0.206835 0.032895 0.071942
0 0.421464 0.732014 0.025493 0.057554
0 0.328125 0.384892 0.019737 0.046763
0 0.397204 0.728417 0.024671 0.064748
0 0.372533 0.633094 0.026316 0.068345
0 0.715872 0.751799 0.045230 0.089928
0 0.504523 0.332734 0.022204 0.046763
0 0.909128 0.171763 0.028783 0.066547
0 0.504934 0.713130 0.023026 0.066547
0 0.445312 0.443345 0.025493 0.052158
0 0.495888 0.531475 0.060855 0.098921
0 0.513569 0.111511 0.030428 0.071942
0 0.696135 0.660971 0.035362 0.070144
0 0.738076 0.571942 0.028783 0.050360
0 0.615132 0.383993 0.029605 0.052158
0 0.429688 0.386691 0.030428 0.071942
0 0.382401 0.193345 0.029605 0.070144
0 0.464227 0.231115 0.035362 0.066547
0 0.843339 0.715827 0.022204 0.064748
0 0.888158 0.790468 0.032895 0.077338
0 0.480674 0.674460 0.038651 0.079137
0 0.470806 0.905576 0.025493 0.055755
0 0.434211 0.180755 0.026316 0.052158
0 0.522615 0.817446 0.048520 0.113309
0 0.341694 0.609712 0.033717 0.086331
0 0.386102 0.133993 0.030428 0.073741
0 0.141036 0.232914 0.030428 0.059353
0 0.224507 0.902878 0.031250 0.075540
0 0.850329 0.461331 0.036184 0.106115
0 0.079770 0.626799 0.037829 0.091727
0 0.757401 0.664568 0.026316 0.073741
0 0.656661 0.305755 0.043585 0.086331
0 0.224918 0.382194 0.004112 0.008993
0 0.641859 0.740108 0.004112 0.008993
0 0.539474 0.708633 0.003289 0.010791
0 0.657072 0.111511 0.003289 0.014388
0 0.888158 0.123201 0.003289 0.008993
0 0.692434 0.877698 0.003289 0.010791
0 0.416530 0.122302 0.004112 0.014389
0 0.198602 0.435252 0.005757 0.021583
0 0.704770 0.156475 0.003289 0.010791
0 0.569901 0.764389 0.003289 0.010791
0 0.119655 0.663669 0.007401 0.007194
0 0.779194 0.512590 0.004112 0.010791
0 0.511924 0.058453 0.004112 0.008993
0 0.674753 0.708633 0.005757 0.014388
0 0.560444 0.595324 0.004112 0.010791
0 0.639391 0.901079 0.004112 0.007194
0 0.393092 0.992806 0.019737 0.010791
0 0.231497 0.484712 0.005757 0.016187
0 0.266036 0.842626 0.004112 0.008993
0 0.596628 0.567446 0.004112 0.008993
0 0.224918 0.767086 0.004112 0.012590
0 0.203536 0.278777 0.004112 0.010791
0 0.632401 0.330935 0.004934 0.017986
0 0.663240 0.126799 0.004112 0.012590
0 0.647615 0.655576 0.004112 0.008993
0 0.497122 0.178957 0.004112 0.008993
0 0.699836 0.805755 0.004934 0.010791
0 0.283717 0.705935 0.004934 0.016187
0 0.201069 0.607014 0.004112 0.012590
0 0.681743 0.750899 0.004934 0.008993
0 0.647615 0.188849 0.004112 0.010791
0 0.647615 0.774281 0.004112 0.012590
0 0.501234 0.463129 0.004112 0.019784
0 0.593750 0.366007 0.006579 0.012590
0 0.662418 0.741906 0.005757 0.008993
0 0.530839 0.154676 0.009046 0.014388
0 0.760691 0.304856 0.006579 0.012590
0 0.831826 0.992806 0.017270 0.010791
0 0.474507 0.606115 0.006579 0.014388
0 0.104030 0.656475 0.007401 0.010791
0 0.704770 0.937950 0.008224 0.012590
0 0.542352 0.217626 0.007401 0.017986
0 0.610197 0.249101 0.004934 0.016187
0 0.307566 0.402878 0.008224 0.014389
0 0.498355 0.209532 0.006579 0.016187
0 0.685444 0.955935 0.005757 0.016187
0 0.554688 0.223921 0.009046 0.012590
0 0.684211 0.121403 0.006579 0.012590
0 0.620888 0.009892 0.006579 0.019784
0 0.630757 0.892086 0.004934 0.017986
0 0.505345 0.976619 0.009046 0.014388
0 0.750411 0.353417 0.005757 0.016187
