0 0.793586 0.895683 0.008224 0.021583
0 0.629934 0.660971 0.011513 0.030575
0 0.798520 0.053058 0.008224 0.019784
0 0.636102 0.837230 0.017270 0.023381
0 0.840461 0.250899 0.013158 0.023381
0 0.699836 0.218525 0.011513 0.023381
0 0.530839 0.763489 0.013980 0.030575
0 0.641036 0.485611 0.013980 0.028777
0 0.836760 0.013489 0.028783 0.026978
0 0.763569 0.337230 0.032072 0.066547
0 0.559211 0.690647 0.013158 0.043166
0 0.278783 0.980216 0.041118 0.035971
0 0.303043 0.027878 0.048520 0.055755
0 0.488076 0.191547 0.023849 0.066547
0 0.475329 0.166367 0.024671 0.052158
0 0.575658 0.622302 0.019737 0.039568
0 0.775905 0.392086 0.038651 0.068345
0 0.782484 0.653777 0.022204 0.044964
0 0.816612 0.138489 0.032895 0.043165
0 0.393092 0.570144 0.029605 0.046763
0 0.741776 0.386691 0.023026 0.061151
0 0.547286 0.348022 0.020559 0.062950
0 0.421875 0.819245 0.021382 0.041367
0 0.630345 0.806655 0.028783 0.052158
0 0.768092 0.821043 0.031250 0.059353
0 0.532072 0.911870 0.034540 0.053957
0 0.895559 0.576439 0.029605 0.055755
0 0.269737 0.437050 0.024671 0.046763
0 0.581826 0.892986 0.018915 0.044964
0 0.415296 0.090827 0.036184 0.055755
0 0.114309 0.558453 0.027961 0.048561
0 0.707237 0.153777 0.026316 0.052158
0 0.890625 0.234712 0.027961 0.041367
0 0.357730 0.314748 0.018092 0.050360
0 0.721628 0.260791 0.035362 0.053957
0 0.810855 0.964928 0.049342 0.070144
0 0.159951 0.424460 0.028783 0.043166
0 0.442023 0.164568 0.022204 0.048561
0 0.553454 0.839928 0.034540 0.071942
0 0.546053 0.498201 0.054276 0.104317
0 0.664885 0.532374 0.032072 0.061151
0 0.675164 0.297662 0.041118 0.048561
0 0.736020 0.799460 0.036184 0.066547
0 0.734786 0.706835 0.058388 0.089928
0 0.483964 0.865108 0.027138 0.068345
0 0.578947 0.213129 0.027960 0.077338
0 0.370888 0.353417 0.031250 0.073741
0 0.363076 0.182554 0.048520 0.152878
0 0.221628 0.267986 0.033717 0.061151
0 0.407484 0.962230 0.035362 0.075540
0 0.343750 0.463129 0.031250 0.084532
0 0.418586 0.609712 0.041118 0.075540
0 0.830592 0.679856 0.003289 0.010791
0 0.683388 0.195144 0.003289 0.008993
0 0.226562 0.340827 0.004112 0.016187
0 0.379112 0.769784 0.003289 0.007194
0 0.398026 0.802158 0.003289 0.007194
0 0.849095 0.869604 0.004112 0.008993
0 0.861020 0.592626 0.003289 0.008993
0 0.268503 0.112410 0.004112 0.008993
0 0.368010 0.790468 0.004112 0.008993
0 0.486020 0.784173 0.004934 0.007194
0 0.430510 0.714928 0.004112 0.012590
0 0.201891 0.770683 0.004112 0.016187
0 0.625000 0.126799 0.004934 0.008993
0 0.647204 0.912770 0.003289 0.012590
0 0.627467 0.658273 0.006579 0.025180
0 0.651727 0.032374 0.004112 0.010791
0 0.203125 0.839029 0.004934 0.008993
0 0.435033 0.982914 0.004934 0.012590
0 0.380345 0.430755 0.005757 0.008993
0 0.323191 0.580036 0.004934 0.008993
0 0.776727 0.251799 0.004112 0.010791
0 0.729441 0.546763 0.004934 0.010791
0 0.420230 0.040468 0.003289 0.012590
0 0.334293 0.550360 0.005757 0.010791
0 0.642270 0.158273 0.003289 0.014388
0 0.716283 0.992806 0.004934 0.010791
0 0.365132 0.660072 0.008224 0.014388
0 0.629523 0.452338 0.004112 0.016187
0 0.564556 0.142086 0.009046 0.014388
