1 0.685358 0.751012 0.043614 0.085020
0 0.275701 0.186235 0.057632 0.170040
0 0.869159 0.898785 0.017134 0.048583
0 0.664330 0.779352 0.042056 0.101215
1 0.264798 0.615385 0.020249 0.044534
1 0.510903 0.279352 0.006231 0.016194
0 0.507788 0.536437 0.060748 0.202429
1 0.503115 0.690283 0.034268 0.125506
1 0.693146 0.291498 0.012461 0.040486
1 0.672897 0.170040 0.006231 0.016194
1 0.309190 0.295547 0.029595 0.089069
0 0.236760 0.520243 0.023364 0.060729
1 0.682243 0.593117 0.062305 0.157895
1 0.535826 0.295547 0.017134 0.028340
0 0.067757 0.929150 0.004673 0.012146
1 0.721184 0.113360 0.006231 0.020243
1 0.402648 0.736842 0.018692 0.068826
1 0.654206 0.417004 0.065421 0.170040
1 0.907321 0.267206 0.031153 0.125506
1 0.920561 0.698381 0.023364 0.048583
0 0.484424 0.751012 0.029595 0.068826
1 0.850467 0.404858 0.049844 0.137652
1 0.190810 0.874494 0.028037 0.068826
0 0.732866 0.799595 0.032710 0.089069
1 0.633178 0.281377 0.020249 0.068826
1 0.272586 0.931174 0.023364 0.036437
1 0.440031 0.204453 0.062305 0.153846
0 0.610592 0.842105 0.056075 0.097166
1 0.875389 0.358300 0.026480 0.080972
1 0.883178 0.449393 0.018692 0.044534
1 0.194704 0.599190 0.023364 0.064777
0 0.211059 0.331984 0.031153 0.109312
0 0.152648 0.552632 0.014019 0.044534
1 0.095794 0.599190 0.029595 0.072874
1 0.383178 0.145749 0.012461 0.028340
1 0.633178 0.133603 0.032710 0.076923
1 0.942368 0.657895 0.020249 0.044534
0 0.816199 0.232794 0.020249 0.040486
0 0.826324 0.269231 0.023364 0.040486
1 0.811526 0.348178 0.051402 0.145749
1 0.369159 0.344130 0.020249 0.048583
0 0.857477 0.297571 0.045171 0.093117
0 0.431464 0.526316 0.023364 0.080972
1 0.443146 0.688259 0.024922 0.052632
0 0.622274 0.627530 0.070093 0.198381
0 0.267913 0.473684 0.037383 0.068826
1 0.309969 0.542510 0.031153 0.060729
