1 0.541277 0.315789 0.034268 0.080972
1 0.505452 0.269231 0.042056 0.153846
1 0.947819 0.700405 0.024922 0.068826
0 0.254673 0.874494 0.043614 0.113360
1 0.164330 0.226721 0.023364 0.060729
1 0.060748 0.661943 0.020249 0.056680
0 0.191589 0.560729 0.021807 0.052632
1 0.370717 0.736842 0.087227 0.255061
1 0.285047 0.285425 0.018692 0.076923
0 0.515576 0.736842 0.054517 0.125506
1 0.525701 0.670040 0.032710 0.040486
1 0.293614 0.925101 0.010903 0.028340
0 0.342679 0.552632 0.054517 0.153846
1 0.713396 0.380567 0.046729 0.105263
0 0.216511 0.763158 0.012461 0.044534
1 0.448598 0.378543 0.017134 0.052632
1 0.626168 0.728745 0.031153 0.080972
0 0.476636 0.943320 0.026480 0.060729
0 0.207944 0.236842 0.004673 0.020243
0 0.742212 0.850202 0.028037 0.060729
1 0.329439 0.886640 0.029595 0.101215
1 0.273364 0.398785 0.071651 0.198381
1 0.161215 0.929150 0.029595 0.097166
1 0.890187 0.668016 0.074766 0.182186
1 0.381620 0.423077 0.048287 0.259109
0 0.852025 0.799595 0.015576 0.032389
1 0.061526 0.412955 0.009346 0.040486
1 0.594237 0.844130 0.028037 0.056680
1 0.496106 0.904858 0.010903 0.036437
0 0.217290 0.925101 0.010903 0.036437
1 0.123053 0.338057 0.040498 0.113360
0 0.593458 0.661943 0.052960 0.117409
1 0.418224 0.684211 0.091900 0.182186
1 0.200156 0.380567 0.035826 0.109312
1 0.792056 0.921053 0.026480 0.040486
1 0.377726 0.244939 0.028037 0.068826
1 0.312305 0.419028 0.035826 0.105263
1 0.700156 0.319838 0.038941 0.137652
1 0.757009 0.698381 0.018692 0.048583
1 0.767134 0.451417 0.068536 0.214575
1 0.169003 0.698381 0.046729 0.085020
1 0.501558 0.139676 0.035826 0.072874
0 0.633956 0.785425 0.014019 0.028340
1 0.468847 0.720648 0.051402 0.080972
0 0.191589 0.665992 0.024922 0.072874
1 0.433801 0.376518 0.012461 0.028340
0 0.816978 0.564777 0.024922 0.064777
1 0.552960 0.886640 0.045171 0.121457
