1 0.898754 0.625506 0.059190 0.137652
1 0.429128 0.726721 0.031153 0.068826
1 0.845016 0.613360 0.021807 0.044534
1 0.327882 0.663968 0.020249 0.040486
0 0.195483 0.823887 0.024922 0.072874
1 0.869938 0.663968 0.020249 0.064777
1 0.242212 0.435223 0.029595 0.068826
1 0.485981 0.803644 0.037383 0.064777
0 0.101246 0.259109 0.056075 0.141700
1 0.140966 0.439271 0.088785 0.202429
0 0.114486 0.925101 0.021807 0.052632
0 0.146417 0.704453 0.057632 0.161943
1 0.178349 0.246964 0.046729 0.093117
1 0.885514 0.372470 0.017134 0.028340
1 0.890187 0.212551 0.057632 0.109312
0 0.147975 0.876518 0.032710 0.060729
1 0.741433 0.617409 0.018692 0.052632
0 0.404206 0.200405 0.037383 0.076923
1 0.789720 0.232794 0.024922 0.085020
1 0.248442 0.722672 0.023364 0.060729
1 0.622274 0.427126 0.010903 0.044534
1 0.759346 0.906883 0.023364 0.056680
1 0.508567 0.285425 0.034268 0.113360
1 0.545171 0.447368 0.046729 0.133603
1 0.623832 0.888664 0.020249 0.036437
1 0.704829 0.819838 0.040498 0.109312
1 0.443146 0.708502 0.029595 0.080972
1 0.175234 0.497976 0.040498 0.137652
0 0.855140 0.811741 0.009346 0.020243
0 0.637850 0.706478 0.046729 0.085020
1 0.731308 0.200405 0.054517 0.121457
1 0.772586 0.483806 0.107477 0.234818
1 0.330218 0.246964 0.029595 0.129555
1 0.285047 0.348178 0.038941 0.117409
1 0.052181 0.453441 0.021807 0.072874
1 0.378505 0.643725 0.048287 0.117409
0 0.352025 0.953441 0.015576 0.028340
1 0.802181 0.732794 0.017134 0.052632
1 0.603583 0.542510 0.028037 0.064777
0 0.909657 0.868421 0.024922 0.052632
0 0.462617 0.929150 0.032710 0.072874
1 0.510903 0.481781 0.017134 0.052632
1 0.304517 0.125506 0.026480 0.032389
1 0.837227 0.194332 0.023364 0.048583
0 0.379283 0.912955 0.020249 0.060729
1 0.777259 0.864372 0.034268 0.097166
1 0.570093 0.914980 0.052960 0.072874
0 0.246106 0.206478 0.014019 0.048583
1 0.595794 0.777328 0.017134 0.036437
1 0.244548 0.787449 0.020249 0.060729
1 0.559969 0.358300 0.054517 0.085020
