1 0.921340 0.629555 0.018692 0.064777
1 0.820093 0.459514 0.020249 0.064777
1 0.689252 0.684211 0.034268 0.080972
1 0.680685 0.615385 0.021807 0.085020
0 0.445483 0.408907 0.026480 0.052632
1 0.322430 0.657895 0.035826 0.137652
1 0.732087 0.204453 0.079439 0.161943
0 0.527259 0.113360 0.012461 0.036437
1 0.324766 0.933198 0.004673 0.012146
1 0.771807 0.214575 0.015576 0.044534
1 0.296729 0.236842 0.020249 0.089069
1 0.922118 0.421053 0.032710 0.085020
1 0.831776 0.352227 0.034268 0.097166
1 0.561526 0.736842 0.071651 0.129555
0 0.595016 0.504049 0.026480 0.076923
0 0.519470 0.919028 0.020249 0.048583
0 0.818536 0.728745 0.004673 0.016194
1 0.145639 0.702429 0.010903 0.032389
0 0.118380 0.862348 0.028037 0.085020
0 0.337227 0.216599 0.020249 0.056680
1 0.889408 0.477733 0.052960 0.186235
1 0.232087 0.190283 0.009346 0.024291
1 0.776480 0.939271 0.034268 0.072874
1 0.629283 0.811741 0.062305 0.275304
1 0.084891 0.376518 0.018692 0.072874
1 0.718847 0.572874 0.066978 0.165992
1 0.594237 0.133603 0.010903 0.020243
0 0.229751 0.386640 0.012461 0.036437
1 0.535047 0.396761 0.049844 0.129555
0 0.518692 0.730769 0.057632 0.113360
0 0.781153 0.538462 0.032710 0.085020
0 0.240654 0.172065 0.014019 0.036437
0 0.263240 0.574899 0.007788 0.024291
1 0.099688 0.702429 0.010903 0.048583
0 0.834112 0.208502 0.045171 0.072874
1 0.146417 0.846154 0.043614 0.137652
1 0.485202 0.572874 0.032710 0.097166
1 0.570872 0.582996 0.049844 0.133603
1 0.201713 0.398785 0.031153 0.080972
1 0.906542 0.663968 0.040498 0.080972
1 0.467290 0.210526 0.062305 0.109312
1 0.852025 0.744939 0.010903 0.028340
1 0.166667 0.564777 0.021807 0.080972
0 0.147196 0.285425 0.034268 0.101215
1 0.656542 0.506073 0.014019 0.032389
1 0.742212 0.334008 0.010903 0.020243
0 0.760125 0.829960 0.031153 0.113360
0 0.864486 0.607287 0.056075 0.283401
0 0.922897 0.356275 0.045171 0.105263
1 0.589564 0.783401 0.066978 0.178138
1 0.197040 0.836032 0.009346 0.036437
1 0.422897 0.465587 0.023364 0.056680
1 0.185358 0.261134 0.032710 0.093117
1 0.394860 0.902834 0.017134 0.052632
1 0.186916 0.313765 0.035826 0.060729
0 0.582555 0.135628 0.018692 0.052632
1 0.700156 0.317814 0.032710 0.052632
