1 0.167445 0.516194 0.073209 0.157895
0 0.326324 0.293522 0.015576 0.044534
1 0.492212 0.544534 0.073209 0.194332
1 0.148754 0.751012 0.105919 0.194332
1 0.454050 0.206478 0.009346 0.040486
1 0.612150 0.528340 0.063863 0.153846
0 0.563863 0.251012 0.024922 0.080972
0 0.834891 0.755061 0.038941 0.109312
0 0.677570 0.285425 0.014019 0.044534
1 0.605140 0.161943 0.034268 0.085020
1 0.077882 0.251012 0.037383 0.080972
1 0.312305 0.552632 0.071651 0.149798
1 0.334112 0.168016 0.007788 0.016194
1 0.267913 0.392713 0.023364 0.060729
1 0.727414 0.437247 0.085670 0.242915
0 0.629283 0.115385 0.015576 0.044534
1 0.914330 0.412955 0.021807 0.052632
1 0.245327 0.295547 0.023364 0.076923
0 0.878505 0.376518 0.032710 0.064777
1 0.920561 0.619433 0.009346 0.024291
1 0.781153 0.281377 0.038941 0.064777
1 0.507788 0.265182 0.042056 0.093117
1 0.286604 0.216599 0.051402 0.121457
1 0.225078 0.866397 0.062305 0.113360
0 0.485981 0.161943 0.034268 0.121457
0 0.800623 0.170040 0.024922 0.056680
1 0.618380 0.427126 0.054517 0.161943
1 0.669003 0.504049 0.032710 0.076923
1 0.440810 0.949393 0.029595 0.044534
1 0.676791 0.779352 0.026480 0.064777
1 0.334891 0.748988 0.009346 0.024291
1 0.840343 0.406883 0.017134 0.036437
1 0.438474 0.176113 0.020249 0.052632
0 0.375389 0.192308 0.014019 0.032389
1 0.817757 0.204453 0.034268 0.076923
1 0.274922 0.825911 0.010903 0.016194
1 0.143302 0.457490 0.045171 0.137652
0 0.835670 0.838057 0.028037 0.064777
1 0.507009 0.435223 0.040498 0.121457
