1 0.192368 0.366397 0.043614 0.089069
1 0.428349 0.779352 0.021807 0.052632
0 0.709502 0.273279 0.015576 0.036437
0 0.052960 0.194332 0.021807 0.072874
1 0.267134 0.908907 0.024922 0.089069
1 0.485202 0.297571 0.020249 0.048583
1 0.760125 0.419028 0.034268 0.089069
1 0.511682 0.627530 0.035826 0.105263
0 0.251558 0.214575 0.063863 0.149798
0 0.597352 0.303644 0.017134 0.032389
0 0.273364 0.461538 0.031153 0.089069
0 0.241433 0.558704 0.009346 0.020243
1 0.585670 0.558704 0.024922 0.064777
1 0.169003 0.151822 0.032710 0.085020
0 0.612928 0.248988 0.031153 0.089069
1 0.107477 0.732794 0.020249 0.044534
1 0.266355 0.334008 0.035826 0.076923
1 0.246885 0.791498 0.035826 0.125506
1 0.147196 0.548583 0.026480 0.089069
0 0.400312 0.491903 0.017134 0.068826
0 0.488318 0.659919 0.054517 0.125506
1 0.302960 0.123482 0.020249 0.036437
0 0.528816 0.757085 0.035826 0.145749
1 0.666667 0.651822 0.066978 0.186235
1 0.481308 0.591093 0.012461 0.044534
1 0.810748 0.246964 0.054517 0.141700
1 0.799844 0.587045 0.010903 0.032389
0 0.591121 0.678138 0.015576 0.044534
1 0.368380 0.811741 0.035826 0.101215
1 0.230530 0.611336 0.015576 0.040486
1 0.771807 0.670040 0.004673 0.012146
0 0.676012 0.485830 0.051402 0.153846
1 0.530374 0.455466 0.023364 0.072874
0 0.854361 0.856275 0.028037 0.064777
1 0.890187 0.344130 0.037383 0.064777
1 0.076324 0.935223 0.012461 0.032389
1 0.344237 0.386640 0.029595 0.085020
0 0.052960 0.761134 0.021807 0.064777
1 0.299844 0.378543 0.054517 0.141700
