0 0.365265 0.200405 0.024922 0.089069
1 0.338006 0.603239 0.021807 0.040486
0 0.186916 0.155870 0.024922 0.036437
1 0.818536 0.921053 0.009346 0.012146
1 0.588006 0.218623 0.042056 0.093117
1 0.765576 0.414980 0.032710 0.085020
0 0.836449 0.659919 0.031153 0.121457
0 0.632399 0.706478 0.052960 0.089069
0 0.412773 0.653846 0.035826 0.089069
1 0.344237 0.846154 0.023364 0.076923
1 0.570872 0.564777 0.015576 0.040486
1 0.387072 0.410931 0.031153 0.076923
1 0.312305 0.234818 0.026480 0.060729
0 0.130062 0.506073 0.017134 0.032389
1 0.890966 0.694332 0.017134 0.036437
1 0.936137 0.775304 0.035826 0.101215
0 0.337227 0.279352 0.015576 0.052632
1 0.279595 0.500000 0.045171 0.093117
0 0.590343 0.670040 0.034268 0.085020
1 0.145639 0.172065 0.023364 0.076923
1 0.443925 0.702429 0.009346 0.012146
1 0.220405 0.325911 0.017134 0.052632
1 0.490654 0.657895 0.023364 0.068826
1 0.737539 0.295547 0.015576 0.036437
1 0.100467 0.483806 0.059190 0.141700
0 0.810748 0.627530 0.032710 0.072874
1 0.871495 0.329960 0.054517 0.149798
1 0.471963 0.170040 0.009346 0.020243
1 0.482866 0.303644 0.020249 0.052632
1 0.549065 0.240891 0.056075 0.190283
1 0.950935 0.135628 0.010903 0.028340
1 0.639408 0.793522 0.015576 0.044534
0 0.102804 0.334008 0.031153 0.093117
1 0.766355 0.226721 0.007788 0.016194
1 0.333333 0.536437 0.048287 0.072874
1 0.915109 0.271255 0.015576 0.040486
