1 0.920561 0.556680 0.049844 0.149798
1 0.777259 0.548583 0.045171 0.117409
1 0.449377 0.348178 0.010903 0.060729
1 0.430685 0.971660 0.007788 0.024291
1 0.918224 0.386640 0.060748 0.161943
0 0.725078 0.767206 0.012461 0.040486
0 0.753115 0.404858 0.012461 0.048583
1 0.554517 0.613360 0.071651 0.182186
1 0.580218 0.825911 0.099688 0.238866
1 0.689252 0.216599 0.004673 0.012146
1 0.173676 0.366397 0.107477 0.234818
1 0.500000 0.461538 0.034268 0.097166
1 0.643302 0.902834 0.037383 0.153846
1 0.117601 0.647773 0.042056 0.089069
1 0.320872 0.708502 0.063863 0.303644
1 0.567757 0.321862 0.101246 0.234818
1 0.314642 0.214575 0.048287 0.145749
1 0.686137 0.526316 0.079439 0.356275
1 0.455607 0.222672 0.014019 0.052632
1 0.456386 0.698381 0.038941 0.109312
0 0.168224 0.862348 0.006231 0.016194
1 0.582555 0.479757 0.026480 0.072874
0 0.449377 0.568826 0.020249 0.068826
1 0.513240 0.465587 0.026480 0.052632
0 0.299844 0.896761 0.035826 0.113360
1 0.344237 0.244939 0.031153 0.056680
1 0.484424 0.291498 0.035826 0.121457
1 0.217290 0.757085 0.026480 0.117409
0 0.842679 0.483806 0.024922 0.060729
1 0.753894 0.647773 0.034268 0.125506
0 0.778037 0.283401 0.017134 0.036437
1 0.216511 0.860324 0.040498 0.064777
1 0.919003 0.631579 0.024922 0.064777
0 0.501558 0.190283 0.043614 0.109312
1 0.274143 0.172065 0.012461 0.028340
0 0.071651 0.429150 0.043614 0.137652
0 0.140187 0.562753 0.068536 0.141700
0 0.943925 0.159919 0.021807 0.052632
1 0.626168 0.139676 0.028037 0.093117
1 0.902648 0.259109 0.021807 0.056680
1 0.643302 0.155870 0.032710 0.109312
0 0.852025 0.827935 0.018692 0.076923
1 0.817757 0.570850 0.014019 0.036437
1 0.065421 0.811741 0.040498 0.101215
1 0.810748 0.356275 0.026480 0.105263
0 0.407321 0.408907 0.018692 0.101215
0 0.627726 0.704453 0.029595 0.085020
1 0.835670 0.251012 0.073209 0.157895
1 0.285047 0.483806 0.031153 0.060729
1 0.783489 0.827935 0.024922 0.044534
1 0.699377 0.971660 0.015576 0.032389
