1 0.205607 0.809717 0.052960 0.145749
1 0.643302 0.927126 0.023364 0.068826
1 0.334891 0.524291 0.006231 0.016194
0 0.318536 0.836032 0.054517 0.178138
1 0.834112 0.234818 0.043614 0.137652
1 0.064642 0.495951 0.017134 0.052632
1 0.429128 0.532389 0.045171 0.210526
0 0.722741 0.299595 0.024922 0.056680
1 0.908879 0.153846 0.031153 0.113360
1 0.722741 0.882591 0.032710 0.072874
0 0.571651 0.674089 0.063863 0.117409
0 0.050623 0.694332 0.009346 0.020243
1 0.148754 0.238866 0.038941 0.080972
1 0.177570 0.607287 0.087227 0.206478
0 0.105919 0.362348 0.021807 0.093117
1 0.867601 0.591093 0.062305 0.141700
1 0.848910 0.757085 0.032710 0.093117
0 0.910436 0.435223 0.049844 0.153846
0 0.126168 0.688259 0.026480 0.064777
0 0.126168 0.267206 0.018692 0.044534
0 0.335670 0.265182 0.007788 0.016194
1 0.278037 0.688259 0.017134 0.036437
1 0.219626 0.143725 0.031153 0.080972
1 0.584112 0.358300 0.017134 0.040486
1 0.788162 0.178138 0.038941 0.125506
1 0.731308 0.605263 0.082555 0.238866
0 0.557632 0.927126 0.038941 0.113360
0 0.918224 0.564777 0.014019 0.052632
0 0.261682 0.402834 0.018692 0.093117
1 0.949377 0.216599 0.026480 0.056680
1 0.042056 0.704453 0.014019 0.056680
1 0.700156 0.455466 0.071651 0.157895
0 0.657321 0.473684 0.015576 0.048583
0 0.932243 0.542510 0.020249 0.052632
1 0.791277 0.872470 0.060748 0.153846
1 0.380062 0.678138 0.037383 0.052632
1 0.506231 0.404858 0.034268 0.145749
1 0.266355 0.670040 0.015576 0.036437
0 0.253115 0.795547 0.101246 0.198381
0 0.457165 0.261134 0.004673 0.012146
0 0.309969 0.963563 0.012461 0.032389
1 0.501558 0.728745 0.045171 0.141700
0 0.041277 0.540486 0.010903 0.028340
1 0.459502 0.186235 0.032710 0.060729
0 0.432243 0.457490 0.085670 0.194332
1 0.788162 0.437247 0.082555 0.210526
1 0.193925 0.500000 0.079439 0.230769
0 0.235981 0.196356 0.032710 0.089069
0 0.795950 0.657895 0.021807 0.093117
1 0.477414 0.234818 0.017134 0.040486
1 0.306854 0.487854 0.012461 0.036437
1 0.711059 0.153846 0.029595 0.076923
