1 0.855140 0.582996 0.034268 0.105263
0 0.845794 0.536437 0.034268 0.105263
1 0.175234 0.657895 0.051402 0.137652
1 0.904206 0.927126 0.035826 0.105263
1 0.711059 0.194332 0.015576 0.056680
1 0.940031 0.860324 0.020249 0.052632
1 0.242991 0.246964 0.056075 0.085020
0 0.113707 0.700405 0.066978 0.190283
1 0.830218 0.866397 0.018692 0.068826
1 0.873832 0.917004 0.035826 0.068826
0 0.708723 0.500000 0.054517 0.125506
0 0.356698 0.139676 0.012461 0.028340
0 0.062305 0.825911 0.018692 0.048583
1 0.856698 0.455466 0.021807 0.052632
0 0.259346 0.467611 0.017134 0.032389
0 0.599688 0.285425 0.009346 0.036437
1 0.693146 0.574899 0.026480 0.097166
1 0.578660 0.524291 0.014019 0.048583
1 0.060748 0.933198 0.028037 0.048583
1 0.814642 0.297571 0.029595 0.125506
1 0.757009 0.344130 0.020249 0.076923
0 0.199377 0.825911 0.020249 0.072874
0 0.672897 0.937247 0.026480 0.064777
1 0.218069 0.714575 0.046729 0.105263
1 0.900312 0.603239 0.051402 0.101215
1 0.255452 0.562753 0.059190 0.141700
1 0.175234 0.753036 0.048287 0.097166
1 0.616044 0.884615 0.037383 0.133603
1 0.762461 0.408907 0.015576 0.036437
0 0.471963 0.410931 0.082555 0.230769
