0 0.489097 0.736842 0.009346 0.024291
0 0.270249 0.336032 0.029595 0.056680
1 0.138629 0.878543 0.043614 0.080972
0 0.638629 0.394737 0.043614 0.109312
1 0.852804 0.724696 0.063863 0.145749
1 0.423676 0.396761 0.045171 0.097166
1 0.302181 0.449393 0.024922 0.060729
1 0.435358 0.799595 0.010903 0.024291
1 0.519470 0.176113 0.024922 0.052632
1 0.875389 0.285425 0.034268 0.052632
1 0.779595 0.230769 0.014019 0.032389
1 0.742991 0.690283 0.034268 0.085020
1 0.523364 0.680162 0.038941 0.141700
0 0.445483 0.129555 0.009346 0.020243
1 0.217290 0.194332 0.065421 0.161943
1 0.709502 0.746964 0.024922 0.060729
0 0.667445 0.805668 0.012461 0.044534
1 0.341900 0.253036 0.048287 0.121457
1 0.116044 0.378543 0.035826 0.089069
0 0.382399 0.641700 0.012461 0.032389
1 0.865265 0.510121 0.028037 0.080972
1 0.070872 0.259109 0.017134 0.056680
1 0.142523 0.587045 0.065421 0.206478
1 0.362150 0.842105 0.066978 0.170040
1 0.147975 0.700405 0.009346 0.020243
1 0.387072 0.188259 0.015576 0.044534
0 0.165888 0.773279 0.015576 0.056680
1 0.761682 0.599190 0.014019 0.036437
1 0.819315 0.453441 0.024922 0.101215
0 0.801402 0.305668 0.040498 0.085020
1 0.130841 0.232794 0.026480 0.060729
1 0.842679 0.516194 0.034268 0.076923
1 0.336449 0.471660 0.015576 0.036437
0 0.719626 0.222672 0.012461 0.040486
1 0.700935 0.226721 0.024922 0.044534
1 0.654206 0.481781 0.054517 0.145749
1 0.834891 0.868421 0.046729 0.101215
0 0.791277 0.607287 0.017134 0.044534
1 0.543614 0.931174 0.023364 0.060729
0 0.693925 0.273279 0.017134 0.036437
0 0.632399 0.240891 0.012461 0.024291
1 0.229751 0.716599 0.029595 0.089069
0 0.518692 0.904858 0.023364 0.064777
0 0.102025 0.574899 0.004673 0.016194
0 0.400312 0.495951 0.048287 0.129555
1 0.155763 0.348178 0.045171 0.089069
0 0.550623 0.212551 0.007788 0.020243
1 0.197040 0.587045 0.017134 0.040486
1 0.133178 0.433198 0.043614 0.097166
1 0.604361 0.558704 0.020249 0.048583
0 0.409657 0.947368 0.007788 0.024291
0 0.529595 0.552632 0.096573 0.238866
0 0.175234 0.757085 0.021807 0.060729
0 0.123832 0.819838 0.017134 0.048583
1 0.456386 0.295547 0.066978 0.246964
0 0.192368 0.222672 0.066978 0.202429
