0 0.761682 0.878543 0.015576 0.056680
1 0.901869 0.273279 0.031153 0.121457
1 0.887072 0.761134 0.045171 0.097166
0 0.378505 0.748988 0.024922 0.068826
0 0.553738 0.641700 0.021807 0.052632
1 0.169003 0.890688 0.026480 0.080972
1 0.385514 0.846154 0.048287 0.113360
1 0.171340 0.382591 0.029595 0.060729
1 0.478193 0.283401 0.068536 0.117409
1 0.637850 0.761134 0.042056 0.060729
0 0.725078 0.785425 0.031153 0.072874
1 0.193925 0.348178 0.012461 0.032389
0 0.379283 0.552632 0.014019 0.036437
1 0.685358 0.485830 0.065421 0.129555
0 0.098131 0.767206 0.012461 0.036437
1 0.043614 0.746964 0.014019 0.048583
0 0.618380 0.623482 0.048287 0.153846
1 0.521028 0.246964 0.017134 0.032389
1 0.228193 0.180162 0.023364 0.036437
1 0.141745 0.319838 0.042056 0.153846
0 0.855919 0.461538 0.012461 0.032389
1 0.214953 0.759109 0.024922 0.085020
1 0.796729 0.489879 0.095016 0.153846
1 0.933801 0.485830 0.014019 0.032389
1 0.538941 0.311741 0.017134 0.068826
1 0.423676 0.412955 0.018692 0.048583
1 0.642523 0.406883 0.023364 0.080972
0 0.302181 0.870445 0.038941 0.145749
1 0.420561 0.315789 0.057632 0.109312
0 0.141745 0.550607 0.057632 0.178138
1 0.770249 0.161943 0.038941 0.089069
1 0.816199 0.665992 0.090343 0.283401
1 0.243769 0.423077 0.028037 0.056680
1 0.692368 0.423077 0.029595 0.113360
0 0.453271 0.315789 0.037383 0.093117
1 0.264019 0.311741 0.073209 0.198381
1 0.628505 0.293522 0.037383 0.105263
1 0.283489 0.481781 0.070093 0.137652
1 0.151869 0.455466 0.014019 0.044534
1 0.928349 0.931174 0.038941 0.085020
1 0.777259 0.216599 0.020249 0.044534
1 0.635514 0.904858 0.037383 0.109312
0 0.350467 0.591093 0.020249 0.060729
1 0.089564 0.441296 0.031153 0.048583
0 0.088785 0.898785 0.045171 0.097166
1 0.257788 0.825911 0.029595 0.072874
0 0.139408 0.388664 0.034268 0.129555
1 0.521028 0.281377 0.007788 0.028340
1 0.475078 0.799595 0.034268 0.125506
1 0.597352 0.850202 0.015576 0.052632
1 0.411215 0.265182 0.031153 0.085020
