0 0.211059 0.305668 0.038941 0.145749
1 0.697040 0.315789 0.088785 0.238866
0 0.740654 0.765182 0.037383 0.097166
0 0.274922 0.623482 0.007788 0.024291
1 0.595016 0.443320 0.065421 0.238866
0 0.049844 0.757085 0.024922 0.064777
1 0.142523 0.912955 0.010903 0.012146
1 0.231308 0.500000 0.074766 0.178138
1 0.718847 0.694332 0.024922 0.064777
1 0.098131 0.728745 0.009346 0.036437
1 0.468847 0.582996 0.056075 0.125506
1 0.697819 0.514170 0.113707 0.182186
0 0.619938 0.692308 0.021807 0.048583
1 0.714953 0.131579 0.017134 0.052632
0 0.322430 0.279352 0.043614 0.125506
1 0.408100 0.500000 0.032710 0.056680
0 0.938474 0.880567 0.014019 0.028340
1 0.341121 0.552632 0.038941 0.085020
0 0.125389 0.291498 0.034268 0.137652
1 0.758567 0.313765 0.045171 0.076923
1 0.391745 0.350202 0.014019 0.036437
1 0.918224 0.232794 0.020249 0.060729
1 0.612928 0.613360 0.035826 0.141700
0 0.703271 0.791498 0.023364 0.056680
0 0.078660 0.872470 0.004673 0.012146
1 0.437695 0.613360 0.045171 0.157895
1 0.252336 0.789474 0.049844 0.105263
0 0.549065 0.475709 0.018692 0.056680
1 0.591121 0.720648 0.014019 0.048583
0 0.190810 0.688259 0.059190 0.186235
1 0.799844 0.550607 0.015576 0.056680
1 0.493769 0.587045 0.057632 0.145749
1 0.534268 0.781377 0.051402 0.222672
1 0.228972 0.633603 0.051402 0.137652
0 0.890966 0.811741 0.021807 0.060729
1 0.924455 0.597166 0.040498 0.076923
1 0.789720 0.291498 0.010903 0.040486
0 0.892523 0.510121 0.031153 0.165992
1 0.058411 0.301619 0.020249 0.044534
1 0.727414 0.815789 0.020249 0.048583
1 0.312305 0.884615 0.017134 0.085020
0 0.082555 0.599190 0.017134 0.044534
0 0.852804 0.168016 0.032710 0.076923
0 0.313084 0.500000 0.046729 0.101215
1 0.640187 0.520243 0.031153 0.113360
1 0.369938 0.651822 0.021807 0.048583
0 0.348910 0.346154 0.048287 0.113360
