1 0.669003 0.186235 0.014019 0.044534
0 0.936137 0.890688 0.038941 0.093117
0 0.306075 0.585020 0.021807 0.149798
1 0.180685 0.275304 0.020249 0.076923
1 0.562305 0.431174 0.048287 0.141700
0 0.380841 0.246964 0.035826 0.080972
1 0.711838 0.493927 0.015576 0.060729
1 0.859034 0.516194 0.024922 0.113360
1 0.525701 0.485830 0.038941 0.113360
1 0.552181 0.854251 0.014019 0.032389
0 0.610592 0.388664 0.006231 0.016194
0 0.623053 0.471660 0.063863 0.109312
0 0.830997 0.846154 0.006231 0.008097
1 0.056075 0.275304 0.012461 0.032389
1 0.306854 0.959514 0.023364 0.056680
1 0.557632 0.323887 0.057632 0.165992
1 0.089564 0.487854 0.029595 0.068826
0 0.669003 0.230769 0.038941 0.052632
0 0.870717 0.882591 0.029595 0.044534
0 0.529595 0.933198 0.038941 0.117409
1 0.190810 0.502024 0.015576 0.056680
0 0.510125 0.627530 0.051402 0.218623
1 0.812305 0.574899 0.070093 0.251012
1 0.347352 0.198381 0.043614 0.085020
0 0.745327 0.769231 0.023364 0.076923
1 0.285826 0.412955 0.071651 0.234818
1 0.458723 0.678138 0.010903 0.024291
0 0.687695 0.376518 0.038941 0.080972
1 0.409657 0.429150 0.012461 0.032389
1 0.911215 0.781377 0.028037 0.052632
1 0.721184 0.821862 0.029595 0.048583
1 0.489097 0.295547 0.023364 0.068826
1 0.760903 0.576923 0.026480 0.064777
0 0.514798 0.180162 0.048287 0.145749
0 0.261682 0.216599 0.004673 0.016194
1 0.130062 0.457490 0.012461 0.040486
0 0.780374 0.923077 0.009346 0.024291
1 0.045950 0.240891 0.007788 0.020243
1 0.913551 0.291498 0.054517 0.165992
1 0.835670 0.394737 0.062305 0.101215
0 0.633956 0.876518 0.028037 0.060729
0 0.725078 0.200405 0.024922 0.056680
1 0.256231 0.139676 0.020249 0.064777
0 0.109034 0.536437 0.049844 0.101215
0 0.147975 0.629555 0.065421 0.113360
1 0.606698 0.795547 0.017134 0.052632
1 0.122274 0.892713 0.038941 0.080972
0 0.887850 0.119433 0.018692 0.052632
1 0.214953 0.178138 0.007788 0.020243
1 0.251558 0.372470 0.074766 0.206478
0 0.234424 0.449393 0.088785 0.125506
1 0.476636 0.390688 0.024922 0.068826
1 0.451713 0.331984 0.015576 0.036437
0 0.795171 0.192308 0.014019 0.032389
1 0.225857 0.617409 0.084112 0.226721
1 0.478193 0.151822 0.028037 0.052632
