0 0.774922 0.451417 0.042056 0.060729
1 0.178349 0.242915 0.017134 0.032389
1 0.847352 0.722672 0.014019 0.036437
1 0.573988 0.145749 0.037383 0.064777
1 0.802181 0.289474 0.023364 0.052632
0 0.806075 0.613360 0.017134 0.044534
0 0.852804 0.880567 0.052960 0.145749
1 0.649533 0.117409 0.009346 0.032389
1 0.519470 0.178138 0.023364 0.056680
1 0.119938 0.647773 0.057632 0.198381
1 0.375389 0.323887 0.077882 0.133603
0 0.235202 0.728745 0.021807 0.052632
1 0.489875 0.479757 0.018692 0.085020
0 0.135514 0.953441 0.012461 0.028340
0 0.654206 0.595142 0.028037 0.089069
0 0.313084 0.263158 0.070093 0.145749
1 0.100467 0.165992 0.007788 0.016194
0 0.680685 0.904858 0.035826 0.085020
1 0.130062 0.135628 0.038941 0.060729
1 0.582555 0.356275 0.056075 0.157895
0 0.663551 0.688259 0.042056 0.121457
1 0.430685 0.694332 0.026480 0.056680
1 0.472741 0.453441 0.045171 0.089069
0 0.761682 0.153846 0.010903 0.024291
1 0.417445 0.898785 0.024922 0.044534
1 0.754673 0.321862 0.046729 0.117409
1 0.512461 0.459514 0.042056 0.121457
0 0.819315 0.914980 0.031153 0.085020
1 0.761682 0.465587 0.028037 0.080972
1 0.391745 0.471660 0.015576 0.032389
0 0.795171 0.220648 0.010903 0.028340
1 0.703271 0.829960 0.010903 0.024291
0 0.517134 0.265182 0.012461 0.044534
1 0.072430 0.702429 0.014019 0.040486
0 0.042835 0.366397 0.009346 0.028340
1 0.108255 0.888664 0.023364 0.036437
1 0.252336 0.813765 0.048287 0.137652
0 0.078660 0.394737 0.040498 0.101215
1 0.296729 0.380567 0.046729 0.076923
1 0.820093 0.746964 0.020249 0.048583
0 0.862150 0.283401 0.057632 0.068826
