1 0.451713 0.795547 0.048287 0.161943
0 0.548287 0.463563 0.048287 0.093117
1 0.604361 0.613360 0.015576 0.052632
1 0.149533 0.977733 0.007788 0.020243
1 0.838006 0.465587 0.007788 0.016194
1 0.938474 0.890688 0.007788 0.024291
1 0.309190 0.279352 0.080997 0.246964
1 0.447819 0.663968 0.070093 0.121457
1 0.795950 0.874494 0.021807 0.056680
0 0.098131 0.886640 0.009346 0.024291
1 0.199377 0.619433 0.052960 0.093117
0 0.642523 0.311741 0.014019 0.048583
1 0.908100 0.716599 0.031153 0.129555
1 0.119159 0.738866 0.046729 0.125506
1 0.319315 0.433198 0.066978 0.161943
1 0.423676 0.174089 0.043614 0.113360
1 0.077103 0.558704 0.038941 0.080972
0 0.633178 0.170040 0.020249 0.044534
0 0.848910 0.838057 0.052960 0.141700
1 0.620717 0.840081 0.014019 0.044534
1 0.222741 0.631579 0.040498 0.076923
1 0.720405 0.427126 0.060748 0.145749
0 0.287383 0.578947 0.015576 0.044534
1 0.519470 0.137652 0.021807 0.072874
0 0.270249 0.805668 0.026480 0.064777
1 0.537383 0.625506 0.105919 0.327935
1 0.647975 0.819838 0.020249 0.056680
1 0.240654 0.661943 0.026480 0.052632
0 0.696262 0.765182 0.012461 0.032389
1 0.304517 0.643725 0.007788 0.024291
1 0.919003 0.623482 0.006231 0.016194
0 0.549844 0.299595 0.009346 0.024291
0 0.892523 0.641700 0.009346 0.036437
1 0.237539 0.785425 0.014019 0.040486
0 0.633956 0.421053 0.056075 0.178138
1 0.775701 0.520243 0.062305 0.129555
0 0.493769 0.700405 0.080997 0.137652
0 0.791277 0.815789 0.024922 0.032389
1 0.222741 0.787449 0.023364 0.052632
0 0.116044 0.823887 0.031153 0.125506
1 0.392523 0.617409 0.056075 0.129555
0 0.171340 0.777328 0.032710 0.064777
1 0.707165 0.295547 0.021807 0.129555
0 0.859034 0.348178 0.034268 0.109312
