1 0.537383 0.530364 0.024922 0.056680
0 0.067757 0.315789 0.017134 0.056680
1 0.690031 0.801619 0.042056 0.113360
0 0.603583 0.481781 0.023364 0.125506
0 0.840343 0.941296 0.024922 0.072874
0 0.550623 0.619433 0.007788 0.024291
1 0.889408 0.748988 0.049844 0.113360
0 0.425234 0.744939 0.045171 0.105263
1 0.401090 0.127530 0.017134 0.052632
0 0.388629 0.538462 0.085670 0.214575
0 0.419782 0.410931 0.090343 0.267206
1 0.528037 0.331984 0.059190 0.161943
1 0.093458 0.736842 0.015576 0.064777
0 0.688474 0.540486 0.037383 0.101215
1 0.334891 0.404858 0.020249 0.072874
1 0.326324 0.151822 0.010903 0.044534
0 0.902648 0.894737 0.040498 0.109312
1 0.580997 0.651822 0.032710 0.044534
0 0.621495 0.323887 0.010903 0.024291
1 0.570872 0.493927 0.048287 0.129555
1 0.542835 0.182186 0.018692 0.056680
0 0.142523 0.809717 0.028037 0.072874
0 0.795171 0.354251 0.066978 0.323887
1 0.872274 0.204453 0.032710 0.056680
0 0.078660 0.155870 0.007788 0.016194
1 0.595016 0.392713 0.040498 0.064777
1 0.941589 0.506073 0.032710 0.145749
0 0.491433 0.172065 0.014019 0.036437
0 0.151090 0.376518 0.012461 0.028340
0 0.169003 0.941296 0.021807 0.052632
1 0.295171 0.530364 0.018692 0.036437
1 0.551402 0.163968 0.020249 0.048583
1 0.801402 0.836032 0.012461 0.032389
1 0.104361 0.947368 0.029595 0.060729
1 0.198598 0.761134 0.082555 0.170040
1 0.232087 0.560729 0.082555 0.242915
1 0.809190 0.127530 0.014019 0.032389
1 0.862150 0.858300 0.043614 0.137652
1 0.825545 0.645749 0.037383 0.165992
0 0.461838 0.868421 0.017134 0.040486
0 0.567757 0.868421 0.020249 0.093117
0 0.209502 0.329960 0.031153 0.097166
1 0.129283 0.807692 0.024922 0.085020
