0 0.922897 0.748988 0.007788 0.028340
1 0.246885 0.287449 0.026480 0.052632
0 0.636293 0.271255 0.098131 0.275304
1 0.172118 0.362348 0.034268 0.068826
0 0.602025 0.710526 0.024922 0.072874
1 0.850467 0.755061 0.009346 0.020243
1 0.106698 0.582996 0.017134 0.032389
0 0.366044 0.878543 0.054517 0.170040
1 0.164330 0.534413 0.063863 0.170040
1 0.364486 0.570850 0.015576 0.040486
1 0.721184 0.777328 0.018692 0.048583
1 0.704829 0.908907 0.020249 0.036437
1 0.122274 0.386640 0.052960 0.093117
0 0.323988 0.342105 0.065421 0.137652
0 0.818536 0.307692 0.020249 0.048583
1 0.414330 0.751012 0.032710 0.068826
1 0.439252 0.757085 0.031153 0.052632
0 0.823988 0.710526 0.031153 0.085020
0 0.312305 0.653846 0.031153 0.076923
0 0.505452 0.884615 0.028037 0.060729
0 0.236760 0.686235 0.070093 0.234818
1 0.250000 0.516194 0.079439 0.178138
1 0.374611 0.246964 0.010903 0.032389
1 0.932243 0.927126 0.024922 0.064777
1 0.290498 0.789474 0.095016 0.267206
1 0.279595 0.643725 0.037383 0.080972
1 0.686916 0.582996 0.018692 0.032389
0 0.921340 0.168016 0.045171 0.109312
1 0.752336 0.487854 0.056075 0.109312
0 0.765576 0.374494 0.010903 0.028340
0 0.561526 0.348178 0.031153 0.072874
0 0.924455 0.435223 0.028037 0.060729
0 0.629283 0.607287 0.034268 0.097166
1 0.811526 0.540486 0.012461 0.040486
1 0.922118 0.961538 0.009346 0.028340
0 0.197819 0.161943 0.023364 0.097166
1 0.102025 0.663968 0.060748 0.129555
0 0.512461 0.202429 0.028037 0.060729
0 0.605919 0.637652 0.046729 0.125506
1 0.911994 0.767206 0.010903 0.020243
1 0.564642 0.400810 0.020249 0.032389
1 0.695483 0.797571 0.018692 0.040486
1 0.856698 0.635628 0.042056 0.129555
0 0.124611 0.947368 0.031153 0.052632
0 0.889408 0.548583 0.006231 0.016194
0 0.380841 0.751012 0.051402 0.137652
1 0.175234 0.174089 0.015576 0.036437
0 0.560748 0.813765 0.038941 0.085020
1 0.795171 0.834008 0.014019 0.028340
0 0.530374 0.724696 0.029595 0.056680
