0 0.415109 0.969636 0.007788 0.020243
1 0.362928 0.848178 0.040498 0.137652
1 0.898754 0.874494 0.018692 0.060729
1 0.119938 0.742915 0.023364 0.048583
1 0.458723 0.578947 0.049844 0.178138
1 0.091121 0.831984 0.043614 0.149798
0 0.884735 0.763158 0.026480 0.064777
0 0.286604 0.639676 0.048287 0.125506
1 0.129283 0.635628 0.035826 0.072874
1 0.694704 0.145749 0.056075 0.089069
1 0.408879 0.344130 0.021807 0.060729
1 0.297508 0.817814 0.040498 0.137652
1 0.334112 0.933198 0.010903 0.028340
0 0.811526 0.574899 0.026480 0.068826
0 0.057632 0.297571 0.015576 0.036437
1 0.445483 0.352227 0.012461 0.056680
1 0.654206 0.540486 0.071651 0.141700
1 0.455607 0.716599 0.049844 0.113360
1 0.369938 0.188259 0.026480 0.056680
1 0.103583 0.334008 0.021807 0.048583
1 0.556075 0.809717 0.049844 0.149798
1 0.536604 0.435223 0.040498 0.097166
0 0.338785 0.406883 0.035826 0.080972
0 0.146417 0.447368 0.017134 0.032389
1 0.513240 0.811741 0.049844 0.089069
1 0.770249 0.688259 0.029595 0.076923
0 0.827882 0.872470 0.068536 0.161943
1 0.301402 0.516194 0.076324 0.182186
0 0.154984 0.730769 0.032710 0.048583
1 0.239875 0.253036 0.021807 0.109312
1 0.211838 0.151822 0.009346 0.028340
1 0.065421 0.313765 0.024922 0.044534
1 0.367601 0.686235 0.028037 0.076923
0 0.919003 0.864372 0.023364 0.040486
0 0.708723 0.570850 0.026480 0.064777
1 0.244548 0.817814 0.012461 0.056680
1 0.711059 0.643725 0.026480 0.064777
1 0.410436 0.864372 0.034268 0.056680
0 0.376168 0.307692 0.057632 0.170040
1 0.754673 0.522267 0.076324 0.218623
1 0.291277 0.945344 0.026480 0.064777
0 0.659657 0.710526 0.020249 0.040486
1 0.744548 0.902834 0.037383 0.153846
0 0.602025 0.933198 0.020249 0.040486
0 0.397196 0.765182 0.045171 0.113360
