1 0.882399 0.536437 0.029595 0.068826
1 0.472741 0.321862 0.048287 0.089069
1 0.442368 0.585020 0.079439 0.238866
0 0.514798 0.123482 0.026480 0.044534
1 0.308411 0.376518 0.032710 0.080972
1 0.797508 0.637652 0.073209 0.137652
1 0.433801 0.803644 0.057632 0.174089
0 0.099688 0.746964 0.018692 0.056680
1 0.582555 0.457490 0.023364 0.072874
0 0.389408 0.927126 0.024922 0.040486
0 0.915109 0.914980 0.009346 0.024291
1 0.724299 0.425101 0.035826 0.113360
1 0.926012 0.259109 0.052960 0.133603
1 0.400312 0.277328 0.009346 0.020243
0 0.578660 0.714575 0.032710 0.080972
1 0.890966 0.506073 0.026480 0.080972
1 0.933022 0.781377 0.046729 0.113360
1 0.743769 0.493927 0.054517 0.125506
1 0.198598 0.463563 0.056075 0.161943
0 0.840343 0.267206 0.017134 0.040486
1 0.700935 0.821862 0.052960 0.133603
1 0.095016 0.388664 0.045171 0.157895
1 0.648754 0.338057 0.051402 0.137652
1 0.797508 0.742915 0.038941 0.113360
1 0.203271 0.692308 0.119938 0.327935
1 0.133178 0.643725 0.062305 0.186235
1 0.636293 0.131579 0.031153 0.060729
1 0.898754 0.593117 0.045171 0.080972
1 0.764798 0.194332 0.010903 0.040486
0 0.857477 0.921053 0.014019 0.052632
1 0.373053 0.728745 0.017134 0.036437
1 0.255452 0.218623 0.024922 0.056680
0 0.522586 0.917004 0.015576 0.044534
1 0.859813 0.720648 0.020249 0.048583
1 0.226636 0.303644 0.029595 0.105263
1 0.665888 0.811741 0.032710 0.097166
1 0.180685 0.878543 0.024922 0.085020
1 0.084112 0.874494 0.054517 0.117409
1 0.478972 0.696356 0.040498 0.149798
1 0.612928 0.597166 0.037383 0.133603
0 0.616822 0.686235 0.028037 0.076923
0 0.906542 0.151822 0.031153 0.068826
1 0.140966 0.738866 0.035826 0.101215
1 0.456386 0.419028 0.026480 0.068826
0 0.896417 0.348178 0.026480 0.064777
0 0.753115 0.825911 0.014019 0.020243
1 0.759346 0.431174 0.059190 0.133603
1 0.419782 0.350202 0.012461 0.052632
1 0.735981 0.637652 0.062305 0.190283
0 0.491433 0.218623 0.012461 0.036437
1 0.827882 0.451417 0.018692 0.060729
