0 0.611371 0.443320 0.012461 0.024291
0 0.393302 0.655870 0.009346 0.028340
0 0.773364 0.795547 0.038941 0.105263
1 0.496885 0.902834 0.026480 0.072874
1 0.169003 0.550607 0.037383 0.129555
1 0.343458 0.805668 0.017134 0.040486
1 0.065421 0.336032 0.028037 0.076923
0 0.736760 0.325911 0.028037 0.048583
1 0.838006 0.246964 0.056075 0.121457
0 0.892523 0.716599 0.006231 0.016194
0 0.873053 0.368421 0.057632 0.117409
0 0.565421 0.866397 0.006231 0.016194
0 0.241433 0.236842 0.037383 0.101215
1 0.379283 0.716599 0.045171 0.080972
1 0.667445 0.870445 0.034268 0.085020
1 0.090343 0.657895 0.017134 0.032389
0 0.421340 0.200405 0.048287 0.093117
1 0.592679 0.131579 0.023364 0.064777
1 0.760125 0.552632 0.066978 0.149798
0 0.693925 0.751012 0.029595 0.080972
1 0.408879 0.544534 0.049844 0.174089
1 0.395639 0.894737 0.012461 0.024291
1 0.213396 0.888664 0.024922 0.044534
1 0.882399 0.475709 0.084112 0.222672
1 0.444704 0.530364 0.046729 0.222672
0 0.820872 0.534413 0.024922 0.068826
1 0.713396 0.599190 0.023364 0.072874
1 0.142523 0.827935 0.029595 0.093117
1 0.141745 0.607287 0.007788 0.024291
1 0.205607 0.327935 0.010903 0.024291
0 0.375389 0.834008 0.032710 0.109312
1 0.824766 0.331984 0.043614 0.056680
1 0.634735 0.439271 0.032710 0.109312
