1 0.556075 0.781377 0.021807 0.052632
1 0.486760 0.410931 0.006231 0.012146
0 0.722741 0.394737 0.010903 0.036437
0 0.401869 0.910931 0.029595 0.076923
1 0.954050 0.429150 0.010903 0.024291
0 0.825545 0.755061 0.037383 0.113360
0 0.320093 0.900810 0.010903 0.020243
1 0.748442 0.910931 0.012461 0.024291
1 0.637850 0.872470 0.014019 0.024291
1 0.353583 0.702429 0.018692 0.044534
0 0.703271 0.425101 0.014019 0.032389
1 0.590343 0.378543 0.015576 0.040486
1 0.577103 0.467611 0.023364 0.056680
1 0.588785 0.846154 0.012461 0.024291
0 0.312305 0.761134 0.035826 0.089069
1 0.767134 0.728745 0.023364 0.072874
1 0.754673 0.659919 0.049844 0.117409
0 0.812305 0.840081 0.007788 0.028340
0 0.480530 0.659919 0.018692 0.040486
1 0.136293 0.943320 0.032710 0.072874
1 0.506231 0.153846 0.034268 0.089069
0 0.277259 0.368421 0.062305 0.129555
1 0.112928 0.686235 0.017134 0.052632
1 0.426012 0.342105 0.029595 0.085020
1 0.232866 0.801619 0.049844 0.137652
1 0.085670 0.354251 0.021807 0.036437
1 0.709502 0.512146 0.020249 0.048583
1 0.199377 0.825911 0.024922 0.068826
1 0.573988 0.168016 0.024922 0.076923
1 0.906542 0.338057 0.009346 0.020243
1 0.063084 0.755061 0.032710 0.085020
0 0.464953 0.518219 0.051402 0.141700
1 0.348131 0.348178 0.024922 0.056680
1 0.584112 0.293522 0.006231 0.020243
0 0.714953 0.147773 0.021807 0.060729
1 0.514798 0.483806 0.052960 0.145749
0 0.356698 0.917004 0.012461 0.028340
1 0.907321 0.597166 0.021807 0.117409
1 0.631620 0.914980 0.023364 0.064777
0 0.156542 0.738866 0.004673 0.012146
0 0.363707 0.305668 0.032710 0.076923
1 0.886293 0.663968 0.042056 0.145749
1 0.785826 0.451417 0.015576 0.060729
0 0.633178 0.445344 0.023364 0.072874
1 0.309969 0.842105 0.034268 0.089069
0 0.662773 0.645749 0.032710 0.076923
0 0.332555 0.473684 0.046729 0.072874
1 0.822430 0.589069 0.015576 0.060729
1 0.920561 0.186235 0.021807 0.048583
1 0.577103 0.635628 0.017134 0.056680
0 0.047508 0.137652 0.020249 0.040486
1 0.602804 0.186235 0.031153 0.080972
0 0.920561 0.809717 0.049844 0.125506
1 0.534268 0.906883 0.045171 0.129555
1 0.861371 0.463563 0.031153 0.089069
0 0.764019 0.459514 0.018692 0.048583
1 0.494548 0.587045 0.045171 0.105263
0 0.526480 0.682186 0.035826 0.072874
0 0.341900 0.244939 0.020249 0.056680
