1 0.431464 0.775304 0.032710 0.080972
1 0.457165 0.773279 0.007788 0.020243
1 0.288941 0.686235 0.018692 0.048583
1 0.692368 0.281377 0.066978 0.145749
1 0.252336 0.568826 0.020249 0.076923
1 0.156542 0.502024 0.057632 0.101215
1 0.579439 0.627530 0.015576 0.044534
1 0.708723 0.149798 0.029595 0.089069
1 0.185358 0.890688 0.046729 0.149798
1 0.732087 0.767206 0.043614 0.093117
1 0.461059 0.694332 0.052960 0.125506
1 0.922897 0.643725 0.042056 0.113360
1 0.479751 0.870445 0.046729 0.109312
1 0.115265 0.165992 0.010903 0.036437
1 0.689252 0.168016 0.015576 0.044534
1 0.096573 0.570850 0.021807 0.048583
1 0.802960 0.568826 0.059190 0.121457
1 0.617601 0.607287 0.012461 0.056680
1 0.431464 0.153846 0.010903 0.048583
1 0.473520 0.234818 0.024922 0.056680
1 0.341121 0.781377 0.032710 0.113360
0 0.711059 0.502024 0.023364 0.060729
1 0.877726 0.817814 0.071651 0.182186
1 0.686916 0.825911 0.076324 0.194332
1 0.690031 0.641700 0.021807 0.064777
0 0.422118 0.556680 0.009346 0.028340
0 0.766355 0.933198 0.021807 0.048583
0 0.251558 0.190283 0.015576 0.044534
0 0.315421 0.866397 0.065421 0.149798
1 0.107477 0.408907 0.035826 0.093117
1 0.049844 0.945344 0.017134 0.040486
0 0.190810 0.627530 0.035826 0.109312
1 0.260125 0.771255 0.014019 0.060729
1 0.774143 0.653846 0.037383 0.060729
0 0.841121 0.489879 0.020249 0.040486
0 0.252336 0.726721 0.024922 0.076923
1 0.531153 0.556680 0.021807 0.040486
1 0.396417 0.615385 0.007788 0.024291
1 0.276480 0.123482 0.015576 0.048583
0 0.938474 0.738866 0.007788 0.020243
1 0.699377 0.568826 0.029595 0.085020
1 0.604361 0.352227 0.035826 0.105263
0 0.866822 0.479757 0.004673 0.012146
1 0.186916 0.331984 0.059190 0.117409
1 0.554517 0.659919 0.031153 0.052632
1 0.470405 0.293522 0.034268 0.076923
1 0.322430 0.439271 0.021807 0.060729
1 0.812305 0.738866 0.024922 0.085020
