1 0.498442 0.558704 0.026480 0.085020
1 0.080218 0.945344 0.032710 0.085020
0 0.328660 0.589069 0.048287 0.117409
0 0.651090 0.224696 0.074766 0.125506
0 0.264798 0.674089 0.021807 0.036437
1 0.377726 0.402834 0.087227 0.153846
1 0.196262 0.522267 0.038941 0.076923
0 0.621495 0.190283 0.046729 0.174089
1 0.833333 0.740891 0.095016 0.291498
1 0.433022 0.257085 0.049844 0.129555
1 0.766355 0.226721 0.015576 0.036437
1 0.472741 0.163968 0.046729 0.101215
0 0.528037 0.163968 0.007788 0.028340
0 0.387850 0.313765 0.049844 0.165992
0 0.151869 0.953441 0.024922 0.064777
1 0.421340 0.412955 0.068536 0.149798
0 0.114486 0.293522 0.024922 0.060729
1 0.620717 0.635628 0.049844 0.174089
0 0.408100 0.919028 0.046729 0.137652
1 0.554517 0.771255 0.023364 0.040486
1 0.580218 0.443320 0.059190 0.149798
0 0.559969 0.155870 0.031153 0.076923
0 0.420561 0.544534 0.028037 0.052632
1 0.788162 0.969636 0.018692 0.044534
1 0.305296 0.297571 0.068536 0.242915
1 0.798287 0.261134 0.024922 0.064777
0 0.904984 0.668016 0.010903 0.040486
0 0.554517 0.874494 0.074766 0.194332
0 0.171340 0.279352 0.009346 0.016194
1 0.707165 0.269231 0.015576 0.052632
0 0.683022 0.530364 0.032710 0.076923
0 0.850467 0.910931 0.038941 0.125506
1 0.176012 0.384615 0.023364 0.056680
0 0.899533 0.192308 0.045171 0.093117
1 0.249221 0.220648 0.037383 0.080972
1 0.747664 0.174089 0.026480 0.080972
0 0.654206 0.742915 0.057632 0.157895
1 0.848910 0.139676 0.020249 0.093117
1 0.480530 0.589069 0.017134 0.040486
0 0.268692 0.619433 0.040498 0.113360
1 0.472741 0.354251 0.009346 0.028340
1 0.937695 0.753036 0.024922 0.072874
1 0.342679 0.121457 0.012461 0.024291
1 0.383178 0.708502 0.062305 0.165992
0 0.936137 0.550607 0.026480 0.044534
1 0.401090 0.236842 0.034268 0.121457
1 0.803738 0.186235 0.006231 0.016194
1 0.531153 0.564777 0.035826 0.076923
0 0.517134 0.914980 0.052960 0.121457
0 0.065421 0.935223 0.023364 0.068826
1 0.647196 0.392713 0.038941 0.153846
0 0.834891 0.518219 0.018692 0.080972
0 0.205607 0.206478 0.012461 0.032389
