0 0.196262 0.633603 0.076324 0.153846
1 0.813084 0.896761 0.029595 0.080972
1 0.514798 0.649798 0.063863 0.153846
1 0.454829 0.267206 0.026480 0.052632
1 0.379283 0.354251 0.059190 0.125506
1 0.299844 0.803644 0.084112 0.299595
0 0.621495 0.621457 0.009346 0.040486
1 0.672897 0.813765 0.051402 0.105263
1 0.738318 0.546559 0.038941 0.068826
0 0.645639 0.641700 0.012461 0.028340
1 0.771807 0.751012 0.054517 0.125506
0 0.864486 0.607287 0.014019 0.048583
0 0.247664 0.317814 0.101246 0.214575
1 0.500779 0.755061 0.023364 0.109312
0 0.722741 0.500000 0.043614 0.113360
1 0.247664 0.180162 0.035826 0.113360
1 0.704050 0.923077 0.017134 0.036437
1 0.077103 0.809717 0.059190 0.117409
1 0.566199 0.437247 0.015576 0.032389
0 0.841900 0.439271 0.082555 0.198381
0 0.427570 0.817814 0.024922 0.060729
1 0.435358 0.890688 0.004673 0.008097
1 0.531153 0.923077 0.015576 0.028340
0 0.744548 0.208502 0.077882 0.153846
1 0.679907 0.621457 0.021807 0.052632
0 0.394860 0.635628 0.007788 0.016194
1 0.577103 0.807692 0.020249 0.052632
1 0.206386 0.744939 0.031153 0.076923
0 0.827882 0.265182 0.010903 0.028340
1 0.119938 0.214575 0.018692 0.076923
0 0.079439 0.603239 0.031153 0.080972
1 0.796729 0.872470 0.018692 0.040486
0 0.588785 0.510121 0.015576 0.056680
1 0.646417 0.321862 0.080997 0.198381
0 0.738318 0.957490 0.015576 0.036437
0 0.113707 0.890688 0.043614 0.157895
1 0.316199 0.587045 0.015576 0.085020
1 0.186916 0.257085 0.026480 0.068826
0 0.459502 0.637652 0.065421 0.165992
1 0.878505 0.896761 0.023364 0.056680
0 0.242212 0.473684 0.034268 0.052632
0 0.817757 0.726721 0.065421 0.165992
1 0.252336 0.923077 0.048287 0.129555
0 0.395639 0.550607 0.037383 0.089069
0 0.638629 0.775304 0.038941 0.117409
0 0.526480 0.481781 0.017134 0.064777
1 0.933022 0.858300 0.028037 0.072874
1 0.676791 0.708502 0.051402 0.097166
0 0.514798 0.878543 0.043614 0.060729
1 0.091121 0.157895 0.023364 0.056680
1 0.580997 0.200405 0.012461 0.040486
0 0.860592 0.732794 0.046729 0.097166
1 0.225857 0.562753 0.040498 0.145749
1 0.652648 0.469636 0.012461 0.024291
