1 0.169782 0.876518 0.043614 0.097166
0 0.756231 0.803644 0.049844 0.121457
1 0.477414 0.609312 0.045171 0.129555
1 0.433801 0.576923 0.035826 0.072874
0 0.476636 0.143725 0.028037 0.056680
1 0.788162 0.518219 0.062305 0.194332
1 0.403427 0.931174 0.024922 0.085020
1 0.187695 0.589069 0.014019 0.060729
1 0.161215 0.641700 0.043614 0.097166
1 0.278037 0.641700 0.032710 0.060729
1 0.346573 0.613360 0.032710 0.068826
0 0.879283 0.485830 0.034268 0.097166
0 0.564642 0.702429 0.023364 0.044534
0 0.321651 0.649798 0.031153 0.076923
0 0.726636 0.716599 0.057632 0.141700
0 0.468069 0.346154 0.012461 0.036437
1 0.823209 0.301619 0.054517 0.076923
0 0.747664 0.943320 0.028037 0.076923
1 0.305296 0.623482 0.042056 0.085020
0 0.103583 0.435223 0.018692 0.044534
1 0.691589 0.497976 0.059190 0.149798
0 0.776480 0.176113 0.031153 0.093117
1 0.728193 0.593117 0.015576 0.052632
0 0.443925 0.834008 0.018692 0.080972
0 0.936137 0.350202 0.037383 0.089069
1 0.095794 0.412955 0.023364 0.040486
1 0.679907 0.738866 0.014019 0.028340
1 0.200156 0.961538 0.010903 0.028340
1 0.586449 0.469636 0.023364 0.105263
1 0.410436 0.222672 0.046729 0.198381
1 0.505452 0.623482 0.018692 0.068826
