1 0.303738 0.678138 0.023364 0.093117
1 0.713396 0.801619 0.052960 0.129555
0 0.672897 0.404858 0.115265 0.295547
1 0.528816 0.921053 0.045171 0.109312
0 0.517913 0.815789 0.024922 0.060729
1 0.846573 0.287449 0.014019 0.056680
1 0.315421 0.305668 0.032710 0.129555
1 0.493769 0.394737 0.032710 0.080972
1 0.262461 0.852227 0.060748 0.129555
0 0.862150 0.301619 0.017134 0.044534
1 0.827882 0.896761 0.035826 0.076923
1 0.515576 0.279352 0.034268 0.105263
0 0.325545 0.781377 0.012461 0.040486
1 0.444704 0.473684 0.023364 0.044534
0 0.103583 0.914980 0.037383 0.113360
0 0.828660 0.619433 0.029595 0.060729
0 0.622274 0.690283 0.035826 0.129555
1 0.651869 0.862348 0.049844 0.097166
1 0.438474 0.364372 0.018692 0.056680
1 0.058411 0.544534 0.014019 0.036437
1 0.247664 0.639676 0.006231 0.024291
1 0.245327 0.690283 0.017134 0.036437
0 0.374611 0.491903 0.049844 0.089069
1 0.803738 0.159919 0.032710 0.089069
1 0.294393 0.323887 0.051402 0.121457
0 0.388629 0.623482 0.063863 0.161943
0 0.330218 0.495951 0.018692 0.056680
0 0.497664 0.787449 0.014019 0.028340
0 0.665109 0.550607 0.029595 0.097166
1 0.177570 0.769231 0.014019 0.036437
1 0.482087 0.206478 0.077882 0.137652
0 0.293614 0.139676 0.029595 0.064777
1 0.453271 0.303644 0.023364 0.040486
1 0.093458 0.319838 0.045171 0.129555
1 0.154206 0.485830 0.052960 0.165992
0 0.355140 0.641700 0.026480 0.068826
0 0.486760 0.645749 0.029595 0.085020
0 0.691589 0.251012 0.046729 0.133603
0 0.830997 0.370445 0.038941 0.080972
1 0.750000 0.898785 0.034268 0.133603
1 0.599688 0.785425 0.080997 0.206478
1 0.337227 0.927126 0.014019 0.028340
0 0.423676 0.647773 0.023364 0.060729
1 0.145639 0.674089 0.020249 0.060729
0 0.876168 0.912955 0.038941 0.085020
0 0.887850 0.755061 0.071651 0.170040
1 0.541277 0.475709 0.007788 0.028340
1 0.365265 0.184211 0.014019 0.044534
1 0.601246 0.617409 0.037383 0.105263
1 0.684579 0.674089 0.063863 0.141700
1 0.114486 0.617409 0.020249 0.036437
0 0.887072 0.902834 0.035826 0.080972
0 0.837227 0.763158 0.057632 0.165992
1 0.594237 0.402834 0.035826 0.153846
