0 0.174455 0.817814 0.012461 0.024291
0 0.683022 0.690283 0.035826 0.121457
1 0.414330 0.155870 0.015576 0.052632
1 0.535826 0.402834 0.023364 0.085020
1 0.922118 0.263158 0.021807 0.064777
0 0.761682 0.354251 0.062305 0.117409
1 0.582555 0.902834 0.062305 0.141700
1 0.918224 0.506073 0.010903 0.036437
0 0.875389 0.325911 0.020249 0.044534
1 0.889408 0.163968 0.029595 0.068826
1 0.430685 0.908907 0.018692 0.048583
1 0.550623 0.771255 0.006231 0.020243
1 0.603583 0.301619 0.079439 0.145749
0 0.116822 0.485830 0.034268 0.064777
1 0.394081 0.643725 0.032710 0.097166
0 0.778037 0.734818 0.026480 0.076923
1 0.356698 0.870445 0.009346 0.032389
1 0.264798 0.595142 0.054517 0.161943
0 0.482087 0.704453 0.009346 0.048583
0 0.478193 0.137652 0.032710 0.072874
1 0.736760 0.291498 0.023364 0.052632
1 0.923676 0.188259 0.051402 0.097166
1 0.680685 0.342105 0.009346 0.028340
1 0.312305 0.740891 0.037383 0.149798
1 0.657321 0.564777 0.024922 0.064777
1 0.888629 0.945344 0.007788 0.024291
1 0.213396 0.336032 0.009346 0.024291
0 0.648754 0.360324 0.038941 0.093117
1 0.400312 0.504049 0.010903 0.032389
1 0.357477 0.599190 0.032710 0.068826
1 0.896417 0.510121 0.012461 0.056680
0 0.852804 0.856275 0.010903 0.044534
1 0.300623 0.269231 0.017134 0.048583
0 0.286604 0.180162 0.043614 0.080972
1 0.621495 0.846154 0.028037 0.060729
0 0.500000 0.261134 0.024922 0.040486
1 0.345794 0.716599 0.012461 0.036437
0 0.126168 0.398785 0.020249 0.032389
0 0.089564 0.789474 0.035826 0.117409
0 0.898754 0.609312 0.018692 0.052632
0 0.211838 0.868421 0.023364 0.056680
1 0.713396 0.246964 0.012461 0.024291
0 0.444704 0.589069 0.052960 0.076923
1 0.642523 0.251012 0.048287 0.105263
1 0.755452 0.528340 0.010903 0.020243
