1 0.572430 0.441296 0.077882 0.174089
1 0.261682 0.718623 0.017134 0.032389
1 0.126168 0.599190 0.062305 0.137652
1 0.602804 0.767206 0.024922 0.056680
1 0.411994 0.443320 0.074766 0.234818
1 0.703271 0.354251 0.010903 0.024291
1 0.753894 0.799595 0.057632 0.093117
0 0.567757 0.892713 0.015576 0.032389
1 0.176012 0.854251 0.017134 0.052632
1 0.867601 0.678138 0.065421 0.125506
0 0.299065 0.874494 0.024922 0.068826
1 0.400312 0.773279 0.062305 0.157895
0 0.419782 0.315789 0.049844 0.137652
1 0.064642 0.174089 0.029595 0.064777
1 0.459502 0.807692 0.021807 0.052632
1 0.632399 0.653846 0.028037 0.072874
0 0.323209 0.949393 0.014019 0.036437
0 0.676791 0.334008 0.020249 0.044534
1 0.753894 0.471660 0.023364 0.101215
0 0.476636 0.607287 0.021807 0.052632
1 0.771807 0.676113 0.020249 0.056680
1 0.793614 0.396761 0.026480 0.052632
1 0.537383 0.955466 0.012461 0.024291
1 0.052181 0.838057 0.023364 0.056680
1 0.641745 0.769231 0.014019 0.040486
1 0.066978 0.246964 0.007788 0.040486
0 0.664330 0.836032 0.014019 0.028340
1 0.830997 0.277328 0.024922 0.052632
1 0.571651 0.688259 0.066978 0.186235
1 0.249221 0.617409 0.032710 0.089069
1 0.148754 0.744939 0.045171 0.157895
1 0.746885 0.552632 0.009346 0.028340
1 0.454050 0.902834 0.040498 0.153846
0 0.207944 0.840081 0.020249 0.048583
0 0.095794 0.161943 0.042056 0.113360
1 0.256231 0.180162 0.035826 0.109312
0 0.373053 0.273279 0.040498 0.133603
1 0.842679 0.941296 0.009346 0.020243
1 0.233645 0.844130 0.029595 0.093117
1 0.475078 0.554656 0.021807 0.068826
1 0.919003 0.216599 0.082555 0.178138
0 0.790498 0.647773 0.004673 0.016194
1 0.744548 0.194332 0.006231 0.016194
1 0.873832 0.425101 0.043614 0.133603
0 0.318536 0.538462 0.057632 0.121457
1 0.142523 0.417004 0.045171 0.085020
0 0.828660 0.184211 0.021807 0.093117
1 0.264019 0.512146 0.029595 0.060729
1 0.088785 0.572874 0.024922 0.076923
1 0.389408 0.589069 0.018692 0.036437
1 0.864486 0.562753 0.077882 0.178138
1 0.626168 0.425101 0.037383 0.089069
