1 0.489875 0.941296 0.031153 0.048583
1 0.772586 0.342105 0.017134 0.036437
1 0.110592 0.888664 0.038941 0.097166
1 0.156542 0.287449 0.049844 0.161943
1 0.177570 0.216599 0.045171 0.129555
1 0.086449 0.463563 0.024922 0.056680
1 0.155763 0.670040 0.087227 0.238866
1 0.703271 0.392713 0.029595 0.085020
1 0.854361 0.338057 0.096573 0.230769
1 0.848131 0.668016 0.023364 0.076923
0 0.820093 0.908907 0.007788 0.020243
0 0.552960 0.307692 0.031153 0.048583
0 0.264798 0.473684 0.073209 0.149798
1 0.927570 0.518219 0.052960 0.149798
1 0.487539 0.617409 0.090343 0.210526
1 0.631620 0.864372 0.032710 0.093117
0 0.403427 0.441296 0.021807 0.056680
1 0.195483 0.834008 0.034268 0.068826
1 0.119938 0.176113 0.018692 0.048583
1 0.926791 0.291498 0.056075 0.121457
1 0.091900 0.289474 0.018692 0.060729
1 0.202492 0.763158 0.052960 0.105263
0 0.882399 0.935223 0.042056 0.097166
1 0.643302 0.710526 0.037383 0.072874
0 0.570872 0.451417 0.020249 0.052632
1 0.928349 0.390688 0.042056 0.097166
0 0.299065 0.625506 0.071651 0.174089
1 0.176012 0.419028 0.068536 0.174089
0 0.792835 0.522267 0.021807 0.068826
1 0.239875 0.147773 0.024922 0.064777
1 0.478972 0.305668 0.063863 0.113360
1 0.823988 0.163968 0.032710 0.068826
1 0.127726 0.390688 0.038941 0.109312
0 0.556854 0.813765 0.043614 0.113360
1 0.329439 0.714575 0.070093 0.170040
1 0.464953 0.508097 0.020249 0.076923
0 0.426012 0.406883 0.017134 0.064777
1 0.870717 0.674089 0.015576 0.028340
1 0.773364 0.815789 0.032710 0.064777
1 0.878505 0.172065 0.043614 0.117409
0 0.056854 0.884615 0.035826 0.085020
0 0.566978 0.736842 0.006231 0.016194
0 0.091900 0.872470 0.040498 0.117409
1 0.351246 0.516194 0.024922 0.056680
0 0.250000 0.682186 0.014019 0.044534
0 0.763240 0.105263 0.009346 0.028340
0 0.789720 0.659919 0.017134 0.040486
0 0.376947 0.803644 0.060748 0.218623
1 0.693925 0.769231 0.024922 0.072874
0 0.466511 0.789474 0.037383 0.068826
