0 0.395639 0.259109 0.024922 0.064777
0 0.337227 0.309717 0.014019 0.036437
1 0.376947 0.481781 0.023364 0.056680
1 0.894860 0.388664 0.029595 0.085020
1 0.801402 0.410931 0.007788 0.028340
0 0.619938 0.943320 0.015576 0.040486
1 0.431464 0.599190 0.023364 0.052632
0 0.478972 0.801619 0.038941 0.105263
0 0.623053 0.331984 0.012461 0.040486
0 0.886293 0.842105 0.032710 0.089069
0 0.183022 0.372470 0.046729 0.109312
0 0.515576 0.447368 0.038941 0.121457
0 0.206386 0.779352 0.015576 0.040486
1 0.883956 0.493927 0.023364 0.113360
0 0.137850 0.785425 0.018692 0.048583
1 0.654984 0.783401 0.087227 0.133603
1 0.271028 0.635628 0.023364 0.056680
0 0.726636 0.168016 0.037383 0.093117
1 0.277259 0.147773 0.012461 0.060729
0 0.309190 0.712551 0.043614 0.105263
0 0.206386 0.536437 0.063863 0.153846
1 0.723520 0.805668 0.071651 0.251012
1 0.821651 0.159919 0.007788 0.032389
1 0.883956 0.580972 0.015576 0.016194
1 0.912773 0.170040 0.026480 0.060729
0 0.360592 0.767206 0.035826 0.093117
0 0.165888 0.317814 0.040498 0.125506
1 0.847352 0.232794 0.028037 0.068826
1 0.545950 0.746964 0.079439 0.186235
0 0.823988 0.902834 0.046729 0.097166
0 0.802960 0.661943 0.024922 0.064777
1 0.598131 0.323887 0.017134 0.040486
0 0.221963 0.435223 0.042056 0.105263
1 0.475857 0.522267 0.062305 0.149798
1 0.604361 0.188259 0.063863 0.165992
0 0.450156 0.813765 0.015576 0.044534
1 0.897196 0.959514 0.006231 0.028340
0 0.850467 0.878543 0.017134 0.036437
1 0.360592 0.184211 0.042056 0.121457
0 0.091121 0.751012 0.046729 0.141700
1 0.683801 0.281377 0.017134 0.064777
