1 0.852025 0.334008 0.035826 0.105263
0 0.045950 0.236842 0.007788 0.028340
0 0.763240 0.708502 0.045171 0.125506
1 0.102804 0.819838 0.037383 0.105263
0 0.333333 0.402834 0.007788 0.028340
0 0.668224 0.400810 0.043614 0.113360
0 0.163551 0.884615 0.014019 0.032389
1 0.308411 0.793522 0.015576 0.040486
0 0.814642 0.935223 0.012461 0.032389
1 0.320872 0.649798 0.018692 0.076923
1 0.612150 0.386640 0.063863 0.210526
1 0.386293 0.465587 0.012461 0.032389
1 0.335670 0.637652 0.012461 0.036437
1 0.154984 0.536437 0.006231 0.024291
1 0.200156 0.576923 0.024922 0.036437
0 0.889408 0.902834 0.018692 0.044534
1 0.880062 0.558704 0.079439 0.153846
0 0.793614 0.803644 0.020249 0.044534
1 0.527259 0.921053 0.054517 0.085020
1 0.066978 0.441296 0.037383 0.089069
1 0.552960 0.921053 0.018692 0.056680
0 0.525701 0.463563 0.032710 0.085020
1 0.105919 0.534413 0.056075 0.137652
0 0.380062 0.184211 0.020249 0.048583
0 0.584112 0.771255 0.074766 0.145749
0 0.908879 0.779352 0.032710 0.109312
1 0.574766 0.346154 0.021807 0.052632
1 0.073988 0.615385 0.035826 0.129555
0 0.587227 0.880567 0.052960 0.153846
1 0.636293 0.827935 0.012461 0.028340
1 0.201713 0.473684 0.065421 0.113360
1 0.513240 0.457490 0.032710 0.052632
1 0.522586 0.740891 0.021807 0.064777
0 0.477414 0.925101 0.032710 0.089069
0 0.950935 0.773279 0.017134 0.052632
0 0.725078 0.639676 0.054517 0.121457
0 0.721184 0.481781 0.043614 0.157895
0 0.577882 0.408907 0.029595 0.129555
0 0.218069 0.921053 0.037383 0.133603
1 0.114486 0.755061 0.046729 0.072874
1 0.302960 0.864372 0.035826 0.072874
1 0.439252 0.641700 0.052960 0.097166
1 0.489097 0.216599 0.060748 0.153846
1 0.695483 0.558704 0.065421 0.186235
0 0.097352 0.234818 0.035826 0.105263
0 0.252336 0.785425 0.032710 0.089069
1 0.622274 0.643725 0.021807 0.060729
