1 0.954829 0.959514 0.012461 0.028340
0 0.631620 0.240891 0.007788 0.024291
0 0.700156 0.702429 0.032710 0.093117
0 0.105140 0.781377 0.032710 0.060729
1 0.728972 0.202429 0.009346 0.020243
1 0.698598 0.815789 0.028037 0.048583
1 0.825545 0.336032 0.017134 0.064777
0 0.256231 0.538462 0.038941 0.133603
0 0.058411 0.151822 0.032710 0.089069
0 0.175234 0.532389 0.007788 0.028340
0 0.509346 0.688259 0.009346 0.032389
0 0.891745 0.338057 0.060748 0.170040
1 0.410436 0.291498 0.065421 0.133603
0 0.538162 0.317814 0.073209 0.153846
1 0.241433 0.222672 0.026480 0.097166
1 0.833333 0.623482 0.052960 0.125506
0 0.816978 0.882591 0.042056 0.097166
1 0.502336 0.344130 0.026480 0.068826
0 0.129283 0.676113 0.034268 0.076923
1 0.063863 0.451417 0.048287 0.085020
0 0.632399 0.736842 0.037383 0.072874
0 0.752336 0.726721 0.006231 0.020243
1 0.715732 0.202429 0.007788 0.020243
0 0.236760 0.619433 0.046729 0.161943
1 0.572430 0.574899 0.031153 0.101215
1 0.376947 0.431174 0.018692 0.048583
1 0.416667 0.386640 0.029595 0.076923
0 0.745327 0.238866 0.035826 0.056680
0 0.271028 0.321862 0.046729 0.165992
0 0.318536 0.748988 0.026480 0.044534
1 0.444704 0.746964 0.051402 0.117409
1 0.287383 0.230769 0.017134 0.072874
1 0.680685 0.554656 0.070093 0.218623
0 0.528816 0.746964 0.032710 0.068826
0 0.290498 0.485830 0.045171 0.093117
1 0.404206 0.696356 0.031153 0.093117
1 0.183801 0.864372 0.028037 0.056680
0 0.823988 0.240891 0.023364 0.056680
1 0.778037 0.269231 0.009346 0.036437
1 0.414330 0.487854 0.052960 0.117409
1 0.377726 0.866397 0.018692 0.048583
1 0.579439 0.226721 0.024922 0.056680
1 0.849688 0.224696 0.031153 0.089069
1 0.149533 0.453441 0.007788 0.020243
1 0.873832 0.182186 0.035826 0.133603
0 0.839564 0.149798 0.028037 0.076923
0 0.587227 0.734818 0.018692 0.040486
1 0.456386 0.412955 0.026480 0.060729
1 0.782710 0.821862 0.015576 0.036437
1 0.922897 0.516194 0.051402 0.121457
1 0.524143 0.493927 0.070093 0.174089
1 0.145639 0.753036 0.010903 0.024291
1 0.304517 0.526316 0.049844 0.117409
