1 0.620717 0.777328 0.043614 0.101215
1 0.175234 0.678138 0.060748 0.153846
0 0.076324 0.680162 0.052960 0.149798
1 0.722741 0.165992 0.024922 0.080972
0 0.672897 0.904858 0.014019 0.036437
1 0.450156 0.508097 0.023364 0.076923
0 0.602025 0.615385 0.012461 0.056680
1 0.737539 0.459514 0.048287 0.105263
0 0.257788 0.354251 0.051402 0.133603
1 0.065421 0.257085 0.009346 0.028340
0 0.181464 0.815789 0.017134 0.032389
1 0.812305 0.289474 0.020249 0.024291
0 0.299844 0.552632 0.079439 0.190283
1 0.738318 0.305668 0.070093 0.133603
1 0.824766 0.884615 0.024922 0.064777
1 0.453271 0.190283 0.048287 0.133603
1 0.496106 0.222672 0.007788 0.012146
0 0.126168 0.394737 0.051402 0.097166
1 0.753115 0.763158 0.031153 0.125506
1 0.652648 0.803644 0.052960 0.149798
0 0.192368 0.190283 0.043614 0.137652
1 0.105140 0.854251 0.054517 0.206478
1 0.735981 0.412955 0.042056 0.080972
1 0.702492 0.945344 0.007788 0.032389
1 0.781153 0.761134 0.014019 0.036437
1 0.563084 0.323887 0.045171 0.153846
0 0.947819 0.196356 0.024922 0.080972
1 0.913551 0.805668 0.014019 0.024291
1 0.843458 0.953441 0.012461 0.036437
1 0.868380 0.246964 0.023364 0.048583
0 0.206386 0.483806 0.017134 0.036437
0 0.843458 0.481781 0.032710 0.080972
0 0.383956 0.724696 0.060748 0.153846
1 0.323988 0.902834 0.028037 0.064777
0 0.635514 0.570850 0.043614 0.097166
1 0.289720 0.431174 0.028037 0.085020
1 0.568536 0.582996 0.021807 0.040486
1 0.894081 0.953441 0.018692 0.064777
0 0.811526 0.607287 0.043614 0.129555
0 0.666667 0.168016 0.023364 0.076923
1 0.665109 0.906883 0.017134 0.036437
0 0.161215 0.220648 0.032710 0.105263
0 0.958723 0.558704 0.007788 0.024291
1 0.602025 0.388664 0.052960 0.093117
0 0.067757 0.548583 0.040498 0.097166
1 0.344237 0.331984 0.010903 0.048583
1 0.126947 0.439271 0.046729 0.117409
1 0.404984 0.159919 0.012461 0.028340
0 0.934579 0.412955 0.028037 0.048583
0 0.231308 0.874494 0.077882 0.145749
1 0.536604 0.767206 0.063863 0.170040
0 0.855919 0.661943 0.032710 0.113360
0 0.161994 0.572874 0.018692 0.040486
1 0.401869 0.850202 0.015576 0.056680
0 0.080997 0.184211 0.032710 0.076923
1 0.538941 0.866397 0.026480 0.097166
0 0.369938 0.417004 0.020249 0.060729
1 0.399533 0.520243 0.063863 0.145749
