1 0.073988 0.510121 0.035826 0.133603
1 0.500779 0.564777 0.038941 0.125506
0 0.420561 0.437247 0.018692 0.044534
0 0.824766 0.412955 0.043614 0.080972
0 0.751558 0.902834 0.035826 0.117409
0 0.325545 0.827935 0.046729 0.093117
0 0.760903 0.311741 0.017134 0.044534
0 0.401869 0.680162 0.020249 0.040486
0 0.243769 0.364372 0.021807 0.056680
1 0.494548 0.692308 0.014019 0.036437
1 0.352025 0.489879 0.038941 0.093117
0 0.567757 0.137652 0.018692 0.048583
1 0.140187 0.578947 0.037383 0.080972
0 0.520249 0.860324 0.017134 0.068826
0 0.715732 0.127530 0.007788 0.020243
1 0.234424 0.279352 0.059190 0.109312
0 0.290498 0.888664 0.038941 0.076923
1 0.648754 0.303644 0.079439 0.170040
1 0.827103 0.647773 0.035826 0.137652
0 0.250000 0.447368 0.007788 0.020243
1 0.601246 0.165992 0.029595 0.068826
1 0.201713 0.678138 0.010903 0.028340
1 0.795171 0.520243 0.057632 0.186235
0 0.859034 0.500000 0.043614 0.129555
0 0.274143 0.625506 0.032710 0.076923
1 0.212617 0.216599 0.054517 0.141700
1 0.649533 0.617409 0.026480 0.072874
1 0.412773 0.392713 0.012461 0.024291
0 0.125389 0.502024 0.023364 0.064777
1 0.757009 0.190283 0.024922 0.064777
1 0.470405 0.898785 0.018692 0.064777
1 0.940810 0.433198 0.040498 0.121457
0 0.760903 0.269231 0.012461 0.056680
1 0.616822 0.680162 0.049844 0.157895
1 0.514798 0.910931 0.021807 0.048583
0 0.874611 0.210526 0.010903 0.040486
1 0.415109 0.502024 0.015576 0.040486
0 0.090343 0.163968 0.049844 0.141700
1 0.918224 0.439271 0.028037 0.068826
0 0.082555 0.226721 0.021807 0.048583
1 0.130841 0.313765 0.009346 0.012146
