1 0.397975 0.445344 0.079439 0.133603
1 0.742991 0.382591 0.062305 0.153846
1 0.645639 0.676113 0.051402 0.129555
1 0.319315 0.578947 0.034268 0.060729
0 0.674455 0.431174 0.012461 0.028340
1 0.299844 0.787449 0.021807 0.052632
0 0.470405 0.791498 0.040498 0.133603
0 0.182243 0.884615 0.031153 0.089069
0 0.538162 0.848178 0.021807 0.060729
1 0.632399 0.380567 0.015576 0.032389
0 0.350467 0.595142 0.020249 0.060729
0 0.253115 0.653846 0.048287 0.109312
1 0.544393 0.145749 0.023364 0.052632
0 0.467290 0.297571 0.032710 0.080972
1 0.379283 0.163968 0.007788 0.028340
0 0.355919 0.159919 0.038941 0.060729
1 0.044393 0.904858 0.017134 0.040486
1 0.068536 0.706478 0.038941 0.109312
1 0.661994 0.641700 0.052960 0.117409
1 0.537383 0.242915 0.059190 0.149798
1 0.697040 0.769231 0.024922 0.056680
0 0.383956 0.876518 0.018692 0.076923
1 0.508567 0.465587 0.018692 0.080972
0 0.077103 0.356275 0.012461 0.040486
1 0.413551 0.550607 0.021807 0.076923
0 0.068536 0.862348 0.020249 0.044534
0 0.528037 0.137652 0.035826 0.085020
1 0.469626 0.730769 0.042056 0.109312
0 0.330218 0.344130 0.032710 0.101215
1 0.213396 0.682186 0.037383 0.109312
1 0.154984 0.338057 0.049844 0.113360
1 0.184579 0.795547 0.051402 0.133603
0 0.051402 0.376518 0.017134 0.064777
0 0.157321 0.593117 0.051402 0.137652
1 0.712617 0.852227 0.043614 0.068826
1 0.214953 0.321862 0.054517 0.085020
1 0.588785 0.572874 0.026480 0.093117
1 0.915109 0.465587 0.032710 0.105263
1 0.394081 0.336032 0.012461 0.040486
1 0.215732 0.477733 0.065421 0.186235
1 0.462617 0.263158 0.028037 0.068826
1 0.280374 0.623482 0.051402 0.145749
1 0.511682 0.734818 0.007788 0.012146
0 0.789720 0.929150 0.012461 0.020243
0 0.822430 0.601215 0.049844 0.109312
1 0.742991 0.518219 0.018692 0.044534
1 0.443146 0.872470 0.048287 0.133603
0 0.791277 0.803644 0.031153 0.072874
1 0.629283 0.299595 0.024922 0.072874
1 0.676012 0.301619 0.070093 0.170040
1 0.599688 0.174089 0.010903 0.032389
0 0.858255 0.799595 0.006231 0.020243
1 0.253115 0.346154 0.026480 0.060729
1 0.884735 0.230769 0.009346 0.024291
0 0.877726 0.668016 0.038941 0.101215
1 0.774143 0.631579 0.066978 0.153846
1 0.092679 0.313765 0.034268 0.093117
1 0.436137 0.419028 0.062305 0.165992
