1 0.197040 0.761134 0.102804 0.194332
1 0.586449 0.694332 0.035826 0.113360
0 0.659657 0.692308 0.042056 0.097166
0 0.855140 0.514170 0.077882 0.174089
0 0.274922 0.556680 0.063863 0.178138
1 0.804517 0.198381 0.040498 0.080972
0 0.483645 0.937247 0.031153 0.056680
0 0.154206 0.331984 0.007788 0.020243
0 0.621495 0.392713 0.049844 0.072874
0 0.320093 0.742915 0.017134 0.040486
0 0.235202 0.390688 0.056075 0.165992
1 0.735202 0.670040 0.004673 0.020243
0 0.052960 0.708502 0.021807 0.056680
1 0.749221 0.204453 0.051402 0.101215
1 0.104361 0.674089 0.018692 0.032389
0 0.366044 0.396761 0.038941 0.064777
1 0.901869 0.854251 0.074766 0.194332
0 0.327103 0.850202 0.042056 0.105263
1 0.723520 0.398785 0.032710 0.060729
1 0.340343 0.275304 0.015576 0.052632
1 0.073988 0.894737 0.020249 0.052632
1 0.240654 0.491903 0.021807 0.040486
1 0.890187 0.366397 0.021807 0.060729
1 0.722741 0.967611 0.009346 0.024291
1 0.923676 0.637652 0.017134 0.097166
0 0.833333 0.382591 0.066978 0.170040
1 0.524922 0.516194 0.021807 0.028340
0 0.226636 0.552632 0.040498 0.093117
0 0.116044 0.455466 0.028037 0.072874
1 0.283489 0.906883 0.020249 0.048583
0 0.765576 0.447368 0.032710 0.109312
1 0.505452 0.765182 0.026480 0.085020
0 0.496885 0.552632 0.048287 0.129555
0 0.595016 0.336032 0.042056 0.085020
1 0.510125 0.412955 0.052960 0.145749
1 0.411994 0.921053 0.032710 0.080972
0 0.697040 0.443320 0.017134 0.040486
0 0.581776 0.145749 0.014019 0.032389
0 0.390966 0.805668 0.021807 0.064777
0 0.560748 0.773279 0.031153 0.080972
0 0.675234 0.155870 0.004673 0.020243
0 0.545950 0.378543 0.028037 0.101215
1 0.600467 0.257085 0.009346 0.028340
1 0.829439 0.854251 0.070093 0.242915
1 0.461838 0.350202 0.043614 0.153846
1 0.341121 0.495951 0.018692 0.036437
1 0.073209 0.510121 0.029595 0.068826
1 0.928349 0.572874 0.035826 0.076923
1 0.450156 0.585020 0.014019 0.040486
1 0.752336 0.595142 0.018692 0.032389
1 0.570872 0.497976 0.023364 0.048583
0 0.887072 0.542510 0.048287 0.141700
1 0.733645 0.702429 0.018692 0.040486
1 0.794393 0.277328 0.024922 0.085020
1 0.669782 0.896761 0.023364 0.048583
1 0.647196 0.479757 0.012461 0.052632
1 0.406542 0.184211 0.026480 0.089069
1 0.364486 0.145749 0.012461 0.028340
1 0.786604 0.244939 0.023364 0.076923
