0 0.720405 0.441296 0.021807 0.056680
1 0.436916 0.234818 0.046729 0.125506
1 0.814642 0.285425 0.056075 0.117409
1 0.665888 0.269231 0.010903 0.028340
0 0.510903 0.338057 0.091900 0.182186
0 0.220405 0.617409 0.023364 0.068826
1 0.392523 0.882591 0.024922 0.056680
1 0.280374 0.728745 0.080997 0.170040
1 0.141745 0.655870 0.007788 0.028340
1 0.443146 0.423077 0.063863 0.186235
1 0.790498 0.299595 0.062305 0.109312
0 0.521807 0.613360 0.028037 0.048583
1 0.771028 0.599190 0.015576 0.044534
1 0.478972 0.500000 0.054517 0.113360
1 0.935358 0.809717 0.009346 0.040486
1 0.343458 0.419028 0.035826 0.068826
1 0.471963 0.941296 0.018692 0.060729
1 0.172118 0.431174 0.062305 0.153846
1 0.274922 0.520243 0.073209 0.170040
1 0.868380 0.423077 0.045171 0.097166
0 0.200935 0.273279 0.015576 0.040486
1 0.947819 0.242915 0.021807 0.044534
1 0.357477 0.862348 0.040498 0.097166
1 0.907321 0.372470 0.014019 0.040486
0 0.128505 0.811741 0.056075 0.125506
1 0.545950 0.892713 0.006231 0.016194
1 0.266355 0.657895 0.085670 0.170040
1 0.327103 0.906883 0.009346 0.032389
0 0.050623 0.813765 0.017134 0.056680
1 0.880062 0.917004 0.052960 0.117409
1 0.675234 0.346154 0.057632 0.137652
0 0.269470 0.313765 0.088785 0.186235
0 0.115265 0.528340 0.049844 0.129555
1 0.898754 0.599190 0.049844 0.145749
0 0.461059 0.763158 0.014019 0.048583
1 0.585670 0.785425 0.021807 0.060729
1 0.671340 0.506073 0.015576 0.028340
0 0.161215 0.846154 0.007788 0.024291
1 0.166667 0.248988 0.010903 0.032389
1 0.669003 0.172065 0.007788 0.020243
1 0.890966 0.423077 0.028037 0.064777
0 0.340343 0.558704 0.035826 0.056680
1 0.273364 0.394737 0.090343 0.186235
1 0.592679 0.852227 0.024922 0.076923
1 0.542835 0.406883 0.034268 0.093117
1 0.370717 0.200405 0.028037 0.060729
