1 0.946262 0.350202 0.031153 0.048583
0 0.665109 0.665992 0.037383 0.097166
1 0.149533 0.576923 0.024922 0.076923
0 0.606698 0.876518 0.071651 0.198381
0 0.472741 0.803644 0.010903 0.036437
1 0.088006 0.698381 0.040498 0.089069
1 0.594237 0.692308 0.068536 0.170040
1 0.098910 0.653846 0.045171 0.141700
1 0.162773 0.427126 0.031153 0.080972
0 0.129283 0.791498 0.034268 0.109312
0 0.158100 0.746964 0.017134 0.048583
1 0.883956 0.497976 0.021807 0.064777
0 0.257788 0.222672 0.068536 0.182186
1 0.538941 0.801619 0.026480 0.113360
1 0.313084 0.574899 0.023364 0.068826
0 0.595794 0.445344 0.014019 0.044534
1 0.074766 0.825911 0.028037 0.076923
0 0.468069 0.437247 0.048287 0.109312
0 0.845016 0.670040 0.024922 0.060729
0 0.846573 0.356275 0.071651 0.157895
0 0.646417 0.350202 0.015576 0.044534
0 0.866822 0.200405 0.023364 0.076923
0 0.332555 0.609312 0.023364 0.060729
1 0.667445 0.595142 0.051402 0.097166
1 0.138629 0.441296 0.009346 0.024291
1 0.843458 0.133603 0.015576 0.040486
0 0.064642 0.497976 0.031153 0.093117
1 0.247664 0.876518 0.040498 0.121457
0 0.679128 0.267206 0.056075 0.182186
1 0.520249 0.157895 0.042056 0.056680
1 0.436916 0.765182 0.021807 0.089069
0 0.316199 0.704453 0.012461 0.036437
0 0.912773 0.319838 0.026480 0.060729
1 0.112928 0.378543 0.026480 0.028340
0 0.309969 0.870445 0.015576 0.036437
1 0.361371 0.487854 0.091900 0.198381
1 0.770249 0.882591 0.028037 0.093117
0 0.127726 0.516194 0.028037 0.060729
0 0.771807 0.939271 0.051402 0.080972
1 0.279595 0.400810 0.009346 0.036437
1 0.755452 0.441296 0.085670 0.194332
0 0.940031 0.508097 0.015576 0.036437
1 0.242991 0.643725 0.028037 0.076923
1 0.414330 0.293522 0.035826 0.072874
0 0.230530 0.753036 0.043614 0.178138
1 0.282710 0.700405 0.028037 0.085020
0 0.718847 0.785425 0.012461 0.024291
0 0.414330 0.593117 0.037383 0.101215
