1 0.049844 0.210526 0.021807 0.064777
1 0.292056 0.635628 0.062305 0.174089
0 0.220405 0.661943 0.034268 0.101215
1 0.774922 0.684211 0.130841 0.259109
0 0.845794 0.728745 0.021807 0.064777
1 0.464174 0.668016 0.074766 0.161943
1 0.821651 0.141700 0.023364 0.064777
0 0.890966 0.803644 0.018692 0.036437
0 0.846573 0.417004 0.026480 0.052632
1 0.414330 0.414980 0.032710 0.109312
1 0.862150 0.929150 0.023364 0.085020
0 0.626947 0.748988 0.017134 0.040486
0 0.510903 0.228745 0.021807 0.040486
1 0.256231 0.350202 0.031153 0.052632
0 0.905763 0.265182 0.038941 0.089069
1 0.683801 0.508097 0.037383 0.089069
1 0.369159 0.716599 0.017134 0.052632
1 0.049844 0.348178 0.024922 0.064777
1 0.413551 0.500000 0.037383 0.145749
1 0.553738 0.493927 0.077882 0.174089
1 0.697819 0.771255 0.060748 0.230769
1 0.867601 0.836032 0.043614 0.109312
0 0.371495 0.299595 0.010903 0.036437
1 0.161994 0.370445 0.037383 0.170040
1 0.849688 0.601215 0.032710 0.117409
1 0.143302 0.261134 0.084112 0.190283
0 0.524922 0.214575 0.012461 0.044534
1 0.379283 0.809717 0.024922 0.105263
0 0.907321 0.558704 0.020249 0.044534
0 0.073209 0.267206 0.017134 0.048583
1 0.655763 0.876518 0.037383 0.105263
1 0.210280 0.455466 0.024922 0.072874
1 0.691589 0.435223 0.020249 0.060729
1 0.628505 0.896761 0.007788 0.020243
0 0.668224 0.153846 0.035826 0.080972
1 0.859034 0.220648 0.054517 0.101215
1 0.831776 0.378543 0.017134 0.052632
0 0.616822 0.941296 0.023364 0.060729
0 0.160436 0.834008 0.057632 0.121457
0 0.558411 0.570850 0.052960 0.101215
1 0.464953 0.876518 0.048287 0.137652
1 0.651090 0.423077 0.082555 0.234818
