0 0.941589 0.307692 0.026480 0.064777
1 0.669003 0.431174 0.165109 0.376518
1 0.391745 0.672065 0.020249 0.032389
1 0.526480 0.244939 0.038941 0.072874
1 0.423676 0.878543 0.029595 0.044534
0 0.888629 0.445344 0.029595 0.064777
1 0.087227 0.441296 0.034268 0.080972
1 0.556075 0.769231 0.093458 0.178138
1 0.739097 0.777328 0.038941 0.089069
0 0.362150 0.297571 0.071651 0.214575
0 0.305296 0.473684 0.051402 0.113360
0 0.436916 0.546559 0.071651 0.174089
0 0.360592 0.174089 0.056075 0.153846
0 0.632399 0.957490 0.012461 0.020243
0 0.451713 0.180162 0.029595 0.093117
1 0.331776 0.914980 0.034268 0.149798
1 0.327882 0.558704 0.017134 0.040486
0 0.127726 0.803644 0.012461 0.028340
0 0.516355 0.360324 0.029595 0.080972
1 0.884735 0.615385 0.035826 0.121457
0 0.876947 0.550607 0.037383 0.137652
0 0.278816 0.281377 0.017134 0.028340
0 0.197819 0.574899 0.018692 0.048583
0 0.077882 0.208502 0.020249 0.044534
0 0.137850 0.580972 0.020249 0.048583
1 0.606698 0.143725 0.035826 0.080972
1 0.888629 0.137652 0.015576 0.032389
1 0.487539 0.246964 0.062305 0.153846
0 0.281931 0.226721 0.021807 0.060729
1 0.260903 0.724696 0.056075 0.101215
0 0.366044 0.787449 0.066978 0.129555
1 0.527259 0.872470 0.015576 0.040486
1 0.785826 0.548583 0.043614 0.085020
1 0.252336 0.459514 0.023364 0.080972
