0 0.640187 0.696356 0.031153 0.089069
1 0.342679 0.542510 0.062305 0.105263
1 0.478193 0.761134 0.059190 0.125506
1 0.106698 0.582996 0.037383 0.068826
1 0.105140 0.799595 0.060748 0.165992
1 0.903427 0.702429 0.021807 0.060729
1 0.089564 0.670040 0.054517 0.117409
1 0.795171 0.327935 0.007788 0.024291
0 0.910436 0.540486 0.017134 0.052632
0 0.714953 0.180162 0.021807 0.060729
0 0.188474 0.757085 0.031153 0.089069
1 0.151869 0.789474 0.049844 0.109312
1 0.369938 0.781377 0.024922 0.072874
0 0.126168 0.670040 0.014019 0.040486
1 0.228193 0.210526 0.042056 0.064777
1 0.426012 0.929150 0.007788 0.020243
1 0.735981 0.240891 0.038941 0.133603
1 0.509346 0.864372 0.037383 0.080972
1 0.401869 0.601215 0.052960 0.129555
1 0.656542 0.491903 0.017134 0.036437
1 0.152648 0.631579 0.035826 0.105263
1 0.688474 0.392713 0.032710 0.085020
1 0.328660 0.218623 0.029595 0.072874
1 0.275701 0.412955 0.077882 0.097166
1 0.523364 0.554656 0.052960 0.125506
0 0.533489 0.892713 0.038941 0.097166
1 0.063084 0.473684 0.031153 0.121457
0 0.586449 0.589069 0.062305 0.129555
1 0.210280 0.425101 0.020249 0.056680
1 0.315421 0.815789 0.040498 0.048583
0 0.323988 0.937247 0.020249 0.044534
1 0.461838 0.414980 0.010903 0.036437
1 0.399533 0.408907 0.052960 0.076923
1 0.236760 0.809717 0.049844 0.080972
1 0.442368 0.271255 0.031153 0.101215
0 0.161994 0.253036 0.029595 0.052632
1 0.936137 0.674089 0.014019 0.040486
1 0.630062 0.236842 0.045171 0.117409
1 0.154206 0.898785 0.010903 0.032389
1 0.250779 0.218623 0.014019 0.048583
0 0.598131 0.866397 0.017134 0.056680
0 0.850467 0.502024 0.038941 0.080972
1 0.545171 0.346154 0.045171 0.093117
1 0.158100 0.487854 0.059190 0.105263
1 0.061526 0.204453 0.004673 0.012146
1 0.914330 0.844130 0.071651 0.161943
0 0.419003 0.105263 0.010903 0.032389
1 0.855919 0.886640 0.048287 0.101215
0 0.683801 0.463563 0.020249 0.072874
1 0.563863 0.935223 0.028037 0.068826
0 0.700935 0.285425 0.079439 0.157895
1 0.228972 0.718623 0.043614 0.121457
1 0.392523 0.495951 0.034268 0.085020
0 0.838006 0.963563 0.015576 0.056680
1 0.904206 0.589069 0.015576 0.040486
0 0.742212 0.180162 0.031153 0.076923
0 0.676791 0.560729 0.007788 0.024291
1 0.389408 0.319838 0.024922 0.076923
