1 0.482087 0.761134 0.070093 0.161943
1 0.397196 0.510121 0.049844 0.157895
0 0.450156 0.370445 0.054517 0.161943
0 0.890966 0.775304 0.028037 0.080972
1 0.325545 0.477733 0.032710 0.064777
0 0.322430 0.781377 0.021807 0.048583
0 0.269470 0.447368 0.035826 0.101215
0 0.147196 0.139676 0.024922 0.060729
1 0.149533 0.457490 0.006231 0.028340
1 0.295950 0.386640 0.009346 0.028340
1 0.257788 0.431174 0.028037 0.101215
1 0.751558 0.767206 0.063863 0.129555
1 0.350467 0.550607 0.017134 0.052632
0 0.387072 0.338057 0.007788 0.028340
1 0.301402 0.925101 0.035826 0.052632
0 0.316199 0.846154 0.014019 0.036437
1 0.165109 0.263158 0.020249 0.044534
1 0.101246 0.763158 0.062305 0.149798
1 0.445483 0.514170 0.014019 0.024291
0 0.190031 0.846154 0.031153 0.076923
1 0.297508 0.159919 0.023364 0.056680
1 0.558411 0.417004 0.068536 0.121457
1 0.204829 0.728745 0.017134 0.040486
1 0.234424 0.748988 0.057632 0.125506
1 0.650312 0.639676 0.029595 0.072874
1 0.721184 0.313765 0.082555 0.238866
0 0.270249 0.344130 0.031153 0.076923
0 0.890966 0.500000 0.057632 0.157895
1 0.500779 0.384615 0.023364 0.101215
1 0.480530 0.866397 0.028037 0.056680
0 0.240654 0.246964 0.046729 0.125506
1 0.086449 0.352227 0.034268 0.089069
1 0.842679 0.184211 0.018692 0.101215
0 0.678349 0.564777 0.029595 0.072874
1 0.809969 0.364372 0.024922 0.076923
0 0.153427 0.908907 0.023364 0.080972
1 0.871495 0.129555 0.034268 0.060729
1 0.145639 0.566802 0.038941 0.089069
1 0.951713 0.554656 0.012461 0.028340
