0 0.728193 0.827935 0.034268 0.093117
0 0.886293 0.742915 0.012461 0.048583
0 0.316978 0.560729 0.021807 0.064777
1 0.352804 0.688259 0.046729 0.097166
0 0.592679 0.194332 0.051402 0.085020
0 0.065421 0.633603 0.028037 0.064777
1 0.098910 0.757085 0.007788 0.024291
1 0.838006 0.702429 0.031153 0.097166
0 0.894860 0.467611 0.021807 0.052632
0 0.566978 0.285425 0.032710 0.101215
1 0.627726 0.208502 0.074766 0.174089
1 0.535047 0.386640 0.028037 0.105263
1 0.705607 0.811741 0.018692 0.044534
1 0.053738 0.720648 0.015576 0.040486
1 0.255452 0.190283 0.035826 0.113360
1 0.241433 0.323887 0.017134 0.032389
0 0.129283 0.400810 0.010903 0.032389
0 0.407321 0.773279 0.010903 0.048583
0 0.762461 0.639676 0.063863 0.145749
1 0.776480 0.925101 0.048287 0.125506
1 0.556075 0.821862 0.009346 0.024291
1 0.334112 0.475709 0.026480 0.048583
0 0.345794 0.898785 0.054517 0.125506
1 0.610592 0.672065 0.037383 0.109312
1 0.889408 0.348178 0.057632 0.182186
1 0.415109 0.548583 0.043614 0.109312
1 0.855919 0.591093 0.046729 0.113360
1 0.104361 0.315789 0.028037 0.085020
0 0.916667 0.301619 0.060748 0.174089
1 0.261682 0.570850 0.021807 0.048583
1 0.170561 0.576923 0.073209 0.198381
0 0.506231 0.674089 0.023364 0.064777
0 0.826324 0.856275 0.017134 0.052632
1 0.525701 0.744939 0.028037 0.076923
0 0.618380 0.874494 0.063863 0.170040
0 0.288162 0.441296 0.040498 0.105263
1 0.425234 0.374494 0.043614 0.149798
0 0.188474 0.303644 0.040498 0.072874
1 0.144860 0.198381 0.006231 0.020243
1 0.470405 0.352227 0.076324 0.133603
1 0.654206 0.384615 0.015576 0.032389
0 0.546729 0.629555 0.018692 0.048583
0 0.380062 0.198381 0.003115 0.012146
1 0.565421 0.702429 0.034268 0.109312
0 0.302960 0.846154 0.010903 0.032389
1 0.587227 0.623482 0.043614 0.129555
