1 0.558411 0.619433 0.032710 0.133603
0 0.133178 0.232794 0.034268 0.174089
1 0.496885 0.222672 0.046729 0.072874
0 0.537383 0.576923 0.049844 0.170040
1 0.662773 0.518219 0.048287 0.161943
1 0.761682 0.190283 0.007788 0.020243
1 0.701713 0.807692 0.052960 0.089069
1 0.764019 0.836032 0.028037 0.129555
0 0.504673 0.287449 0.038941 0.064777
1 0.863707 0.303644 0.062305 0.174089
0 0.098910 0.504049 0.031153 0.133603
0 0.060748 0.678138 0.012461 0.028340
0 0.114486 0.344130 0.037383 0.085020
1 0.236760 0.943320 0.032710 0.064777
1 0.070093 0.939271 0.023364 0.064777
1 0.408100 0.554656 0.046729 0.141700
1 0.521807 0.457490 0.032710 0.097166
0 0.933801 0.890688 0.037383 0.089069
1 0.366044 0.536437 0.037383 0.076923
1 0.375389 0.785425 0.093458 0.214575
0 0.431464 0.963563 0.012461 0.040486
0 0.213396 0.248988 0.056075 0.089069
1 0.179128 0.933198 0.010903 0.028340
1 0.479751 0.358300 0.062305 0.145749
0 0.304517 0.910931 0.026480 0.052632
1 0.910436 0.884615 0.049844 0.117409
1 0.229751 0.635628 0.093458 0.174089
1 0.597352 0.718623 0.007788 0.020243
1 0.433022 0.530364 0.012461 0.052632
1 0.933801 0.319838 0.015576 0.080972
1 0.619159 0.461538 0.031153 0.060729
0 0.696262 0.655870 0.052960 0.113360
1 0.387850 0.435223 0.038941 0.060729
0 0.733645 0.603239 0.007788 0.012146
