0 0.438474 0.702429 0.026480 0.080972
1 0.922118 0.133603 0.024922 0.052632
1 0.480530 0.481781 0.090343 0.206478
1 0.064642 0.512146 0.037383 0.113360
1 0.223520 0.319838 0.026480 0.121457
1 0.858255 0.356275 0.024922 0.048583
1 0.222741 0.200405 0.076324 0.174089
1 0.919003 0.923077 0.034268 0.089069
1 0.295950 0.192308 0.048287 0.129555
0 0.263240 0.502024 0.051402 0.113360
1 0.383178 0.878543 0.046729 0.089069
1 0.553738 0.894737 0.037383 0.153846
1 0.728972 0.748988 0.116822 0.275304
1 0.825545 0.876518 0.026480 0.044534
1 0.614486 0.609312 0.043614 0.076923
1 0.531931 0.785425 0.012461 0.032389
1 0.263240 0.261134 0.017134 0.052632
1 0.463396 0.884615 0.082555 0.149798
1 0.374611 0.643725 0.010903 0.032389
0 0.681464 0.500000 0.026480 0.056680
1 0.542056 0.344130 0.040498 0.101215
0 0.807632 0.787449 0.010903 0.028340
1 0.475857 0.275304 0.042056 0.178138
1 0.872274 0.876518 0.031153 0.089069
1 0.173676 0.704453 0.068536 0.283401
0 0.657321 0.931174 0.017134 0.060729
0 0.690810 0.929150 0.026480 0.068826
1 0.369938 0.771255 0.066978 0.137652
1 0.371495 0.192308 0.028037 0.048583
1 0.882399 0.176113 0.012461 0.040486
1 0.408100 0.576923 0.028037 0.089069
0 0.601246 0.299595 0.037383 0.105263
1 0.430685 0.627530 0.010903 0.036437
0 0.731308 0.232794 0.026480 0.052632
1 0.929128 0.558704 0.032710 0.089069
0 0.627726 0.582996 0.038941 0.089069
1 0.413551 0.831984 0.032710 0.093117
0 0.356698 0.170040 0.012461 0.032389
0 0.352804 0.937247 0.017134 0.036437
0 0.049844 0.137652 0.006231 0.016194
0 0.414330 0.902834 0.026480 0.072874
1 0.852025 0.643725 0.090343 0.259109
0 0.383178 0.502024 0.049844 0.125506
0 0.684579 0.342105 0.007788 0.044534
0 0.544393 0.726721 0.007788 0.020243
0 0.583333 0.603239 0.029595 0.121457
1 0.450156 0.663968 0.032710 0.072874
1 0.271028 0.823887 0.006231 0.020243
1 0.271028 0.406883 0.020249 0.056680
1 0.507009 0.945344 0.012461 0.032389
1 0.155763 0.364372 0.045171 0.137652
1 0.520249 0.674089 0.015576 0.060729
0 0.140187 0.556680 0.045171 0.105263
1 0.120717 0.240891 0.029595 0.085020
1 0.773364 0.253036 0.060748 0.101215
0 0.246885 0.323887 0.024922 0.064777
1 0.802181 0.491903 0.060748 0.145749
0 0.619159 0.248988 0.051402 0.121457
