0 0.727414 0.556680 0.054517 0.085020
0 0.073988 0.578947 0.032710 0.068826
0 0.417445 0.431174 0.034268 0.076923
1 0.447819 0.558704 0.049844 0.161943
1 0.892523 0.878543 0.032710 0.113360
0 0.746885 0.528340 0.034268 0.097166
0 0.673676 0.894737 0.034268 0.113360
0 0.866044 0.255061 0.068536 0.170040
1 0.790498 0.170040 0.045171 0.125506
0 0.369159 0.728745 0.020249 0.052632
0 0.406542 0.534413 0.014019 0.036437
1 0.918224 0.844130 0.010903 0.028340
1 0.426791 0.305668 0.021807 0.068826
0 0.279595 0.374494 0.066978 0.141700
1 0.550623 0.319838 0.021807 0.040486
1 0.907321 0.728745 0.045171 0.113360
1 0.812305 0.495951 0.024922 0.080972
0 0.883956 0.463563 0.043614 0.101215
1 0.653427 0.145749 0.035826 0.052632
1 0.181464 0.153846 0.007788 0.036437
1 0.550623 0.489879 0.017134 0.056680
1 0.503115 0.730769 0.009346 0.036437
1 0.149533 0.639676 0.079439 0.210526
1 0.218847 0.884615 0.042056 0.133603
1 0.347352 0.840081 0.040498 0.182186
0 0.367601 0.829960 0.034268 0.093117
1 0.850467 0.781377 0.018692 0.052632
1 0.348131 0.188259 0.029595 0.048583
0 0.103583 0.495951 0.066978 0.157895
0 0.369159 0.285425 0.046729 0.113360
1 0.633956 0.510121 0.045171 0.161943
1 0.072430 0.238866 0.010903 0.032389
0 0.865265 0.663968 0.017134 0.048583
1 0.789720 0.394737 0.032710 0.093117
1 0.331776 0.380567 0.070093 0.234818
1 0.254673 0.724696 0.015576 0.044534
1 0.239097 0.329960 0.024922 0.060729
0 0.910436 0.544534 0.014019 0.044534
1 0.879283 0.791498 0.017134 0.076923
1 0.447819 0.852227 0.026480 0.076923
1 0.295171 0.876518 0.004673 0.020243
1 0.523364 0.696356 0.037383 0.089069
1 0.108255 0.253036 0.040498 0.121457
