1 0.074766 0.269231 0.031153 0.085020
1 0.380841 0.580972 0.087227 0.186235
1 0.933022 0.437247 0.009346 0.032389
1 0.901869 0.866397 0.029595 0.064777
1 0.234424 0.619433 0.040498 0.133603
1 0.563863 0.730769 0.020249 0.044534
1 0.801402 0.623482 0.017134 0.040486
1 0.430685 0.390688 0.062305 0.157895
1 0.923676 0.508097 0.048287 0.137652
1 0.623832 0.854251 0.040498 0.101215
0 0.802181 0.759109 0.038941 0.101215
1 0.500000 0.817814 0.021807 0.072874
0 0.273364 0.840081 0.073209 0.149798
0 0.929128 0.329960 0.052960 0.109312
1 0.563863 0.534413 0.070093 0.133603
1 0.385514 0.686235 0.052960 0.109312
0 0.459502 0.625506 0.052960 0.101215
0 0.376947 0.753036 0.034268 0.076923
0 0.140187 0.876518 0.009346 0.044534
0 0.502336 0.435223 0.018692 0.060729
0 0.679128 0.653846 0.043614 0.198381
1 0.849688 0.244939 0.070093 0.174089
1 0.888629 0.143725 0.017134 0.056680
1 0.368380 0.886640 0.007788 0.028340
0 0.443925 0.528340 0.021807 0.056680
1 0.123053 0.277328 0.020249 0.068826
1 0.799065 0.858300 0.063863 0.109312
0 0.341900 0.923077 0.051402 0.121457
0 0.109813 0.145749 0.017134 0.036437
1 0.684579 0.159919 0.032710 0.085020
1 0.612928 0.182186 0.070093 0.170040
0 0.792835 0.311741 0.073209 0.198381
1 0.911994 0.787449 0.012461 0.036437
1 0.886293 0.844130 0.020249 0.036437
1 0.866822 0.129555 0.018692 0.056680
1 0.874611 0.544534 0.060748 0.109312
0 0.530374 0.821862 0.038941 0.101215
1 0.477414 0.844130 0.043614 0.105263
1 0.735202 0.315789 0.038941 0.068826
1 0.708723 0.194332 0.012461 0.056680
0 0.383178 0.425101 0.059190 0.121457
1 0.056075 0.421053 0.021807 0.032389
0 0.496106 0.331984 0.028037 0.068826
1 0.449377 0.700405 0.051402 0.105263
1 0.725857 0.384615 0.043614 0.085020
0 0.135514 0.390688 0.018692 0.044534
0 0.572430 0.396761 0.026480 0.052632
1 0.710280 0.710526 0.031153 0.040486
1 0.051402 0.299595 0.009346 0.016194
0 0.398754 0.246964 0.040498 0.097166
1 0.261682 0.293522 0.059190 0.105263
1 0.323988 0.623482 0.052960 0.113360
0 0.621495 0.769231 0.014019 0.040486
1 0.274922 0.655870 0.045171 0.072874
1 0.797508 0.417004 0.101246 0.279352
0 0.307632 0.370445 0.063863 0.093117
1 0.604361 0.431174 0.018692 0.056680
