1 0.819315 0.809717 0.070093 0.186235
0 0.405763 0.508097 0.018692 0.048583
0 0.599688 0.362348 0.046729 0.129555
0 0.926791 0.495951 0.062305 0.129555
1 0.717290 0.757085 0.056075 0.105263
1 0.098910 0.872470 0.004673 0.012146
1 0.052181 0.186235 0.004673 0.016194
1 0.060748 0.892713 0.034268 0.097166
1 0.246106 0.846154 0.038941 0.093117
1 0.120717 0.273279 0.014019 0.036437
1 0.395639 0.309717 0.049844 0.089069
1 0.314642 0.663968 0.023364 0.064777
1 0.886293 0.765182 0.021807 0.052632
0 0.289720 0.947368 0.023364 0.048583
1 0.426791 0.724696 0.079439 0.251012
0 0.873053 0.242915 0.017134 0.068826
0 0.704050 0.303644 0.018692 0.048583
0 0.646417 0.321862 0.026480 0.040486
1 0.578660 0.807692 0.007788 0.020243
1 0.146417 0.868421 0.046729 0.101215
0 0.612928 0.635628 0.035826 0.056680
0 0.896417 0.890688 0.029595 0.072874
1 0.485981 0.637652 0.038941 0.105263
1 0.253115 0.672065 0.043614 0.149798
1 0.276480 0.827935 0.032710 0.089069
0 0.514019 0.568826 0.043614 0.101215
1 0.285047 0.297571 0.060748 0.161943
1 0.325545 0.902834 0.026480 0.105263
1 0.702492 0.823887 0.045171 0.141700
1 0.302181 0.388664 0.085670 0.121457
1 0.210280 0.562753 0.018692 0.072874
