0 0.345016 0.702429 0.020249 0.052632
1 0.792835 0.647773 0.070093 0.214575
0 0.434579 0.431174 0.020249 0.044534
1 0.336449 0.631579 0.028037 0.101215
1 0.154984 0.354251 0.038941 0.072874
1 0.103583 0.386640 0.032710 0.109312
0 0.135514 0.400810 0.032710 0.129555
1 0.424455 0.172065 0.020249 0.089069
1 0.255452 0.599190 0.020249 0.072874
1 0.407321 0.744939 0.024922 0.101215
1 0.490654 0.479757 0.042056 0.137652
0 0.708723 0.398785 0.032710 0.076923
1 0.790498 0.497976 0.017134 0.036437
1 0.679907 0.159919 0.035826 0.101215
1 0.263240 0.321862 0.021807 0.044534
0 0.219626 0.534413 0.018692 0.048583
0 0.743769 0.408907 0.014019 0.032389
1 0.823209 0.813765 0.082555 0.210526
1 0.718847 0.759109 0.042056 0.076923
1 0.104361 0.710526 0.040498 0.080972
1 0.576324 0.388664 0.037383 0.085020
0 0.308411 0.554656 0.009346 0.024291
1 0.589564 0.311741 0.049844 0.133603
1 0.610592 0.898785 0.052960 0.170040
1 0.454829 0.627530 0.049844 0.121457
1 0.166667 0.368421 0.037383 0.076923
1 0.490654 0.761134 0.012461 0.028340
0 0.616044 0.613360 0.079439 0.133603
1 0.612928 0.443320 0.035826 0.093117
1 0.369938 0.257085 0.046729 0.133603
1 0.109034 0.609312 0.031153 0.052632
1 0.666667 0.572874 0.060748 0.137652
1 0.211059 0.722672 0.028037 0.056680
1 0.292056 0.659919 0.010903 0.016194
1 0.071651 0.834008 0.052960 0.076923
0 0.793614 0.218623 0.032710 0.109312
