1 0.589564 0.627530 0.054517 0.105263
1 0.440810 0.641700 0.017134 0.052632
1 0.365265 0.603239 0.051402 0.149798
1 0.319315 0.275304 0.068536 0.202429
1 0.124611 0.198381 0.035826 0.109312
1 0.637072 0.933198 0.023364 0.048583
1 0.926012 0.582996 0.023364 0.080972
1 0.892523 0.350202 0.015576 0.028340
1 0.703271 0.346154 0.037383 0.141700
0 0.270249 0.568826 0.020249 0.044534
1 0.393302 0.542510 0.032710 0.093117
1 0.238318 0.781377 0.102804 0.234818
1 0.827882 0.613360 0.023364 0.048583
1 0.375389 0.246964 0.048287 0.141700
0 0.362150 0.473684 0.040498 0.072874
1 0.465732 0.819838 0.017134 0.048583
0 0.693925 0.688259 0.080997 0.186235
1 0.495327 0.712551 0.056075 0.121457
1 0.491433 0.327935 0.017134 0.056680
0 0.264019 0.392713 0.017134 0.036437
1 0.135514 0.884615 0.048287 0.113360
1 0.568536 0.605263 0.052960 0.141700
0 0.218847 0.619433 0.046729 0.105263
0 0.531153 0.344130 0.012461 0.036437
0 0.797508 0.587045 0.018692 0.040486
0 0.676012 0.755061 0.057632 0.194332
0 0.712617 0.872470 0.029595 0.068826
1 0.157321 0.493927 0.099688 0.251012
0 0.824766 0.451417 0.048287 0.133603
1 0.890187 0.870445 0.031153 0.068826
1 0.841121 0.236842 0.015576 0.044534
1 0.876168 0.210526 0.037383 0.076923
0 0.686916 0.157895 0.015576 0.040486
1 0.106698 0.848178 0.024922 0.064777
1 0.106698 0.805668 0.023364 0.080972
0 0.170561 0.145749 0.023364 0.052632
0 0.360592 0.757085 0.032710 0.121457
0 0.404206 0.255061 0.017134 0.056680
1 0.789720 0.487854 0.012461 0.028340
0 0.225857 0.309717 0.066978 0.149798
0 0.909657 0.825911 0.015576 0.052632
1 0.457944 0.408907 0.006231 0.020243
0 0.935358 0.937247 0.031153 0.085020
0 0.402648 0.394737 0.035826 0.129555
1 0.519470 0.224696 0.040498 0.089069
1 0.416667 0.665992 0.034268 0.080972
1 0.899533 0.556680 0.034268 0.125506
1 0.548287 0.473684 0.026480 0.048583
0 0.728972 0.900810 0.021807 0.064777
1 0.297508 0.400810 0.014019 0.024291
1 0.267913 0.168016 0.029595 0.068826
1 0.153427 0.317814 0.080997 0.186235
0 0.549065 0.690283 0.042056 0.125506
1 0.778816 0.722672 0.026480 0.060729
1 0.058411 0.202429 0.007788 0.028340
1 0.252336 0.623482 0.032710 0.052632
0 0.051402 0.518219 0.018692 0.060729
0 0.370717 0.842105 0.006231 0.016194
1 0.764019 0.461538 0.024922 0.117409
