0 0.535826 0.900810 0.015576 0.028340
0 0.904984 0.423077 0.009346 0.020243
1 0.047508 0.267206 0.010903 0.032389
1 0.802960 0.657895 0.010903 0.036437
1 0.457944 0.854251 0.063863 0.157895
1 0.264019 0.825911 0.024922 0.060729
0 0.360592 0.726721 0.035826 0.125506
1 0.409657 0.271255 0.043614 0.105263
1 0.503894 0.655870 0.020249 0.072874
1 0.915888 0.475709 0.017134 0.032389
1 0.909657 0.220648 0.079439 0.194332
1 0.141745 0.412955 0.012461 0.036437
1 0.496106 0.398785 0.023364 0.052632
1 0.554517 0.599190 0.028037 0.085020
1 0.436137 0.481781 0.043614 0.105263
0 0.567757 0.331984 0.060748 0.145749
1 0.684579 0.906883 0.015576 0.040486
1 0.112150 0.558704 0.065421 0.113360
1 0.138629 0.279352 0.082555 0.218623
1 0.775701 0.400810 0.024922 0.093117
1 0.789720 0.755061 0.028037 0.072874
0 0.786604 0.340081 0.023364 0.056680
1 0.715732 0.196356 0.026480 0.089069
1 0.693146 0.279352 0.054517 0.145749
1 0.237539 0.552632 0.028037 0.076923
0 0.170561 0.848178 0.048287 0.109312
0 0.208723 0.554656 0.029595 0.060729
0 0.624611 0.234818 0.029595 0.089069
1 0.528816 0.414980 0.020249 0.093117
1 0.948598 0.755061 0.018692 0.048583
0 0.253115 0.933198 0.012461 0.032389
0 0.336449 0.856275 0.043614 0.141700
0 0.307632 0.619433 0.014019 0.048583
0 0.186916 0.378543 0.034268 0.133603
0 0.063084 0.216599 0.035826 0.052632
1 0.645639 0.437247 0.031153 0.101215
0 0.080997 0.633603 0.062305 0.182186
0 0.469626 0.823887 0.066978 0.117409
1 0.529595 0.795547 0.021807 0.068826
1 0.102025 0.838057 0.028037 0.056680
1 0.095016 0.246964 0.012461 0.032389
