0 0.724299 0.566802 0.052960 0.170040
1 0.238318 0.757085 0.059190 0.113360
0 0.644860 0.283401 0.040498 0.117409
1 0.253894 0.285425 0.015576 0.036437
1 0.204829 0.159919 0.042056 0.117409
1 0.771807 0.655870 0.049844 0.137652
1 0.672118 0.190283 0.029595 0.068826
1 0.887072 0.421053 0.096573 0.194332
1 0.500000 0.564777 0.021807 0.068826
1 0.254673 0.603239 0.054517 0.089069
0 0.295950 0.757085 0.034268 0.076923
1 0.727414 0.427126 0.077882 0.105263
1 0.796729 0.238866 0.038941 0.170040
1 0.122274 0.344130 0.112150 0.307692
1 0.529595 0.850202 0.073209 0.153846
1 0.523364 0.736842 0.023364 0.060729
1 0.512461 0.329960 0.006231 0.012146
1 0.762461 0.522267 0.045171 0.080972
1 0.440031 0.904858 0.032710 0.105263
1 0.122274 0.817814 0.048287 0.145749
1 0.838785 0.738866 0.035826 0.097166
1 0.348131 0.139676 0.017134 0.060729
1 0.465732 0.344130 0.059190 0.170040
0 0.131620 0.888664 0.042056 0.141700
1 0.321651 0.856275 0.017134 0.064777
1 0.526480 0.133603 0.026480 0.052632
1 0.255452 0.530364 0.045171 0.125506
1 0.713396 0.253036 0.018692 0.040486
1 0.911215 0.510121 0.074766 0.161943
1 0.331776 0.706478 0.018692 0.064777
0 0.429128 0.220648 0.017134 0.024291
1 0.634735 0.518219 0.015576 0.032389
0 0.323209 0.281377 0.015576 0.052632
0 0.668224 0.783401 0.024922 0.056680
1 0.362928 0.870445 0.031153 0.080972
1 0.716511 0.898785 0.038941 0.101215
0 0.500779 0.663968 0.010903 0.032389
1 0.239875 0.874494 0.018692 0.048583
0 0.545950 0.224696 0.068536 0.089069
0 0.484424 0.461538 0.048287 0.105263
1 0.729751 0.763158 0.010903 0.028340
1 0.415888 0.840081 0.007788 0.020243
1 0.390187 0.619433 0.020249 0.036437
1 0.781153 0.149798 0.035826 0.056680
0 0.589564 0.781377 0.062305 0.145749
1 0.830997 0.188259 0.045171 0.105263
1 0.639408 0.803644 0.045171 0.085020
0 0.309969 0.516194 0.018692 0.028340
0 0.823209 0.562753 0.051402 0.117409
1 0.507009 0.710526 0.020249 0.048583
0 0.117601 0.740891 0.020249 0.056680
1 0.435358 0.168016 0.014019 0.044534
1 0.090343 0.829960 0.009346 0.020243
1 0.824766 0.672065 0.051402 0.109312
0 0.524143 0.483806 0.026480 0.060729
0 0.820093 0.937247 0.018692 0.052632
1 0.292835 0.471660 0.014019 0.048583
1 0.866822 0.852227 0.066978 0.198381
1 0.365265 0.157895 0.043614 0.089069
