0 0.793614 0.880567 0.007788 0.020243
1 0.625389 0.627530 0.074766 0.174089
0 0.894860 0.680162 0.091900 0.206478
1 0.373053 0.866397 0.074766 0.165992
1 0.637850 0.775304 0.014019 0.056680
1 0.683022 0.882591 0.048287 0.109312
1 0.566199 0.560729 0.023364 0.097166
1 0.113707 0.408907 0.042056 0.093117
1 0.253894 0.698381 0.046729 0.068826
1 0.635514 0.380567 0.037383 0.097166
0 0.754673 0.445344 0.040498 0.093117
0 0.746885 0.370445 0.032710 0.060729
1 0.443925 0.251012 0.032710 0.072874
1 0.394860 0.485830 0.042056 0.093117
0 0.842679 0.368421 0.018692 0.048583
1 0.272586 0.267206 0.024922 0.085020
0 0.228972 0.240891 0.060748 0.174089
1 0.133178 0.512146 0.021807 0.048583
0 0.263240 0.929150 0.026480 0.064777
1 0.457165 0.852227 0.023364 0.040486
1 0.807632 0.641700 0.062305 0.097166
0 0.691589 0.107287 0.009346 0.020243
1 0.325545 0.949393 0.012461 0.020243
1 0.635514 0.949393 0.014019 0.032389
1 0.561526 0.287449 0.035826 0.085020
0 0.051402 0.277328 0.021807 0.052632
0 0.844237 0.894737 0.017134 0.056680
1 0.686137 0.269231 0.014019 0.032389
1 0.125389 0.795547 0.032710 0.072874
0 0.820872 0.222672 0.021807 0.080972
0 0.524143 0.912955 0.043614 0.129555
1 0.161215 0.489879 0.043614 0.141700
1 0.120717 0.261134 0.035826 0.093117
0 0.538941 0.653846 0.049844 0.133603
0 0.352025 0.275304 0.017134 0.080972
0 0.250000 0.898785 0.026480 0.060729
0 0.081776 0.821862 0.020249 0.064777
