1 0.130841 0.635628 0.034268 0.089069
0 0.271807 0.623482 0.032710 0.080972
0 0.496106 0.459514 0.040498 0.101215
1 0.327103 0.323887 0.174455 0.429150
1 0.091900 0.949393 0.012461 0.036437
1 0.100467 0.676113 0.040498 0.085020
0 0.369938 0.668016 0.014019 0.032389
0 0.153427 0.439271 0.010903 0.028340
1 0.822430 0.801619 0.043614 0.093117
0 0.177570 0.904858 0.040498 0.105263
1 0.488318 0.220648 0.048287 0.137652
1 0.496885 0.350202 0.082555 0.161943
1 0.390966 0.736842 0.037383 0.109312
0 0.388629 0.874494 0.020249 0.056680
1 0.233645 0.623482 0.031153 0.097166
0 0.855919 0.712551 0.029595 0.076923
0 0.813084 0.253036 0.021807 0.064777
1 0.744548 0.435223 0.037383 0.161943
1 0.599688 0.281377 0.049844 0.117409
1 0.690031 0.783401 0.018692 0.052632
1 0.861371 0.548583 0.076324 0.161943
1 0.321651 0.931174 0.034268 0.089069
0 0.042835 0.117409 0.010903 0.032389
1 0.834112 0.370445 0.020249 0.056680
0 0.656542 0.313765 0.023364 0.060729
1 0.301402 0.524291 0.056075 0.125506
1 0.889408 0.206478 0.024922 0.056680
0 0.651869 0.807692 0.014019 0.052632
1 0.375389 0.941296 0.037383 0.093117
1 0.492991 0.556680 0.046729 0.117409
0 0.699377 0.447368 0.049844 0.109312
1 0.418224 0.451417 0.045171 0.129555
