1 0.349688 0.657895 0.063863 0.133603
0 0.324766 0.489879 0.003115 0.016194
1 0.576324 0.465587 0.049844 0.214575
1 0.112928 0.856275 0.017134 0.036437
1 0.702492 0.226721 0.057632 0.161943
1 0.330997 0.253036 0.090343 0.198381
1 0.292056 0.534413 0.046729 0.064777
1 0.300623 0.412955 0.031153 0.052632
1 0.112150 0.504049 0.028037 0.076923
1 0.548287 0.633603 0.018692 0.072874
1 0.220405 0.244939 0.014019 0.028340
1 0.506231 0.574899 0.021807 0.068826
0 0.515576 0.878543 0.024922 0.072874
1 0.159657 0.599190 0.066978 0.149798
1 0.120717 0.344130 0.015576 0.040486
0 0.535047 0.508097 0.029595 0.089069
0 0.407321 0.514170 0.038941 0.080972
1 0.636293 0.301619 0.026480 0.085020
0 0.208723 0.645749 0.018692 0.044534
1 0.591121 0.587045 0.051402 0.101215
1 0.644860 0.797571 0.066978 0.194332
0 0.941589 0.427126 0.015576 0.052632
1 0.258567 0.862348 0.060748 0.157895
1 0.760125 0.216599 0.029595 0.064777
1 0.516355 0.927126 0.028037 0.076923
1 0.710280 0.844130 0.051402 0.105263
1 0.845016 0.961538 0.010903 0.056680
0 0.426012 0.900810 0.015576 0.032389
1 0.319315 0.761134 0.010903 0.028340
1 0.689252 0.419028 0.023364 0.068826
0 0.696262 0.374494 0.009346 0.028340
1 0.704050 0.937247 0.018692 0.036437
0 0.460280 0.700405 0.014019 0.032389
1 0.351246 0.360324 0.059190 0.194332
0 0.731308 0.493927 0.056075 0.145749
1 0.841121 0.568826 0.018692 0.044534
0 0.323988 0.423077 0.028037 0.052632
1 0.554517 0.196356 0.042056 0.097166
1 0.806075 0.396761 0.028037 0.113360
1 0.140966 0.174089 0.045171 0.137652
1 0.900312 0.775304 0.096573 0.182186
1 0.721184 0.963563 0.012461 0.044534
1 0.789720 0.362348 0.024922 0.068826
1 0.203271 0.289474 0.023364 0.089069
1 0.386293 0.321862 0.014019 0.044534
1 0.416667 0.251012 0.048287 0.137652
1 0.084112 0.263158 0.043614 0.105263
1 0.467290 0.443320 0.048287 0.157895
1 0.595016 0.945344 0.012461 0.044534
0 0.161215 0.390688 0.048287 0.105263
1 0.274143 0.208502 0.049844 0.109312
1 0.196262 0.797571 0.052960 0.093117
1 0.735202 0.580972 0.051402 0.113360
