1 0.499221 0.941296 0.017134 0.048583
0 0.426012 0.360324 0.062305 0.157895
1 0.935358 0.230769 0.037383 0.072874
0 0.204050 0.554656 0.015576 0.040486
0 0.678349 0.269231 0.015576 0.076923
1 0.308411 0.825911 0.074766 0.210526
1 0.692368 0.208502 0.028037 0.076923
0 0.716511 0.376518 0.049844 0.170040
0 0.507788 0.781377 0.021807 0.056680
1 0.521807 0.336032 0.045171 0.145749
1 0.861371 0.542510 0.012461 0.028340
1 0.695483 0.291498 0.032710 0.076923
1 0.773364 0.931174 0.018692 0.056680
1 0.064642 0.773279 0.023364 0.060729
1 0.761682 0.882591 0.018692 0.064777
1 0.726636 0.580972 0.065421 0.145749
0 0.362928 0.726721 0.012461 0.028340
1 0.320872 0.663968 0.031153 0.105263
1 0.740654 0.267206 0.026480 0.068826
0 0.139408 0.872470 0.021807 0.064777
0 0.207165 0.676113 0.028037 0.072874
0 0.225078 0.483806 0.007788 0.020243
1 0.097352 0.728745 0.015576 0.028340
0 0.464174 0.475709 0.024922 0.064777
1 0.463396 0.214575 0.007788 0.016194
1 0.739875 0.884615 0.035826 0.068826
1 0.491433 0.194332 0.032710 0.076923
1 0.742212 0.704453 0.034268 0.089069
1 0.886293 0.704453 0.051402 0.202429
0 0.459502 0.526316 0.024922 0.056680
1 0.095794 0.578947 0.034268 0.089069
1 0.207944 0.773279 0.057632 0.137652
0 0.647196 0.714575 0.037383 0.085020
1 0.917445 0.572874 0.046729 0.080972
1 0.292056 0.558704 0.038941 0.129555
0 0.204050 0.925101 0.032710 0.072874
1 0.636293 0.378543 0.065421 0.149798
1 0.440031 0.655870 0.028037 0.080972
0 0.812305 0.680162 0.079439 0.226721
1 0.269470 0.439271 0.024922 0.101215
1 0.130062 0.242915 0.048287 0.097166
1 0.461059 0.890688 0.071651 0.178138
1 0.619159 0.283401 0.031153 0.093117
0 0.875389 0.817814 0.082555 0.202429
1 0.071651 0.226721 0.021807 0.048583
1 0.180685 0.821862 0.012461 0.064777
1 0.500779 0.445344 0.034268 0.089069
0 0.125389 0.307692 0.037383 0.093117
