0 0.397975 0.372470 0.018692 0.044534
1 0.581776 0.690283 0.010903 0.028340
0 0.222741 0.380567 0.010903 0.040486
1 0.161994 0.165992 0.012461 0.044534
1 0.749221 0.710526 0.032710 0.072874
1 0.277259 0.882591 0.017134 0.052632
1 0.070093 0.157895 0.026480 0.040486
1 0.662773 0.429150 0.021807 0.060729
0 0.771807 0.929150 0.020249 0.068826
0 0.261682 0.726721 0.015576 0.036437
1 0.404206 0.502024 0.031153 0.068826
1 0.591900 0.497976 0.034268 0.056680
0 0.945483 0.489879 0.015576 0.020243
0 0.309190 0.477733 0.037383 0.105263
1 0.319315 0.937247 0.021807 0.068826
1 0.908100 0.350202 0.065421 0.085020
0 0.721963 0.846154 0.043614 0.133603
1 0.510125 0.267206 0.021807 0.052632
0 0.732866 0.370445 0.014019 0.032389
1 0.513240 0.589069 0.015576 0.052632
0 0.894081 0.795547 0.012461 0.028340
1 0.271028 0.311741 0.009346 0.020243
0 0.421340 0.811741 0.017134 0.064777
1 0.818536 0.406883 0.056075 0.170040
1 0.699377 0.257085 0.028037 0.068826
1 0.584891 0.321862 0.018692 0.044534
0 0.623832 0.457490 0.029595 0.121457
0 0.196262 0.801619 0.004673 0.012146
0 0.473520 0.836032 0.023364 0.080972
0 0.556854 0.232794 0.023364 0.064777
