0 0.345016 0.115385 0.004673 0.020243
1 0.944704 0.809717 0.014019 0.036437
0 0.813084 0.795547 0.079439 0.198381
1 0.643302 0.704453 0.046729 0.125506
1 0.588006 0.159919 0.038941 0.101215
0 0.313084 0.366397 0.046729 0.141700
1 0.818536 0.453441 0.077882 0.190283
1 0.424455 0.151822 0.028037 0.048583
0 0.235202 0.904858 0.043614 0.117409
1 0.105140 0.554656 0.010903 0.028340
0 0.774922 0.161943 0.035826 0.101215
0 0.307632 0.550607 0.012461 0.040486
1 0.421340 0.619433 0.021807 0.072874
0 0.612928 0.163968 0.010903 0.020243
1 0.052960 0.850202 0.014019 0.040486
1 0.644081 0.382591 0.095016 0.222672
0 0.121495 0.380567 0.009346 0.028340
1 0.359813 0.506073 0.020249 0.024291
0 0.748442 0.781377 0.059190 0.117409
1 0.554517 0.941296 0.026480 0.076923
1 0.302960 0.696356 0.014019 0.032389
1 0.834112 0.273279 0.010903 0.028340
0 0.121495 0.973684 0.009346 0.020243
1 0.882399 0.801619 0.062305 0.222672
1 0.665888 0.686235 0.017134 0.052632
1 0.438474 0.267206 0.032710 0.125506
0 0.207944 0.544534 0.049844 0.178138
1 0.868380 0.528340 0.102804 0.182186
1 0.688474 0.827935 0.073209 0.210526
1 0.390187 0.789474 0.028037 0.072874
1 0.252336 0.653846 0.024922 0.076923
0 0.079439 0.607287 0.012461 0.036437
1 0.859813 0.184211 0.046729 0.133603
1 0.541277 0.738866 0.024922 0.085020
0 0.513240 0.759109 0.021807 0.052632
0 0.320093 0.234818 0.010903 0.040486
1 0.526480 0.346154 0.040498 0.093117
0 0.517134 0.688259 0.038941 0.072874
1 0.100467 0.445344 0.042056 0.080972
1 0.123832 0.550607 0.015576 0.064777
1 0.113707 0.653846 0.034268 0.085020
1 0.558411 0.228745 0.054517 0.105263
1 0.477414 0.546559 0.048287 0.113360
1 0.461838 0.854251 0.006231 0.016194
0 0.799844 0.641700 0.014019 0.040486
1 0.790498 0.354251 0.028037 0.060729
