0 0.384735 0.587045 0.015576 0.040486
0 0.588785 0.218623 0.024922 0.056680
1 0.645639 0.854251 0.052960 0.145749
0 0.263240 0.453441 0.026480 0.048583
1 0.079439 0.627530 0.071651 0.214575
1 0.628505 0.323887 0.023364 0.072874
0 0.423676 0.829960 0.060748 0.202429
1 0.888629 0.844130 0.009346 0.028340
1 0.827882 0.329960 0.018692 0.044534
0 0.781153 0.382591 0.056075 0.137652
1 0.519470 0.238866 0.012461 0.036437
1 0.862928 0.619433 0.032710 0.068826
0 0.592679 0.275304 0.029595 0.068826
1 0.901869 0.728745 0.056075 0.113360
1 0.603583 0.645749 0.017134 0.048583
0 0.624611 0.234818 0.032710 0.056680
0 0.731308 0.589069 0.104361 0.137652
1 0.593458 0.927126 0.015576 0.040486
1 0.475857 0.125506 0.010903 0.016194
1 0.088785 0.748988 0.076324 0.251012
1 0.098910 0.317814 0.020249 0.036437
1 0.795171 0.653846 0.034268 0.141700
1 0.862150 0.222672 0.068536 0.105263
1 0.883178 0.599190 0.021807 0.044534
1 0.823988 0.449393 0.068536 0.157895
1 0.070093 0.295547 0.018692 0.040486
1 0.617601 0.896761 0.026480 0.093117
1 0.425234 0.295547 0.031153 0.060729
1 0.663551 0.698381 0.017134 0.068826
0 0.702492 0.380567 0.026480 0.072874
1 0.312305 0.510121 0.012461 0.032389
1 0.333333 0.700405 0.059190 0.165992
1 0.375389 0.761134 0.052960 0.113360
1 0.462617 0.939271 0.021807 0.060729
0 0.705607 0.473684 0.006231 0.016194
1 0.253115 0.382591 0.026480 0.072874
0 0.242212 0.629555 0.057632 0.165992
0 0.172118 0.939271 0.007788 0.024291
0 0.411994 0.186235 0.042056 0.076923
1 0.341121 0.346154 0.045171 0.141700
1 0.139408 0.688259 0.049844 0.129555
0 0.716511 0.755061 0.059190 0.145749
0 0.204050 0.437247 0.051402 0.137652
0 0.363707 0.852227 0.017134 0.032389
1 0.158879 0.605263 0.068536 0.093117
1 0.920561 0.194332 0.028037 0.068826
1 0.935358 0.568826 0.023364 0.085020
0 0.474299 0.831984 0.073209 0.170040
1 0.221184 0.619433 0.068536 0.161943
1 0.311526 0.408907 0.077882 0.165992
0 0.538941 0.362348 0.024922 0.080972
0 0.591121 0.645749 0.020249 0.036437
