0 0.433022 0.410931 0.057632 0.149798
0 0.866822 0.692308 0.014019 0.032389
1 0.474299 0.520243 0.065421 0.149798
1 0.257788 0.238866 0.052960 0.145749
1 0.644081 0.188259 0.020249 0.032389
1 0.176012 0.892713 0.015576 0.040486
1 0.717290 0.176113 0.029595 0.080972
1 0.436916 0.740891 0.046729 0.129555
1 0.573988 0.639676 0.017134 0.036437
1 0.051402 0.522267 0.020249 0.044534
1 0.905763 0.352227 0.007788 0.032389
0 0.869938 0.917004 0.006231 0.012146
0 0.895639 0.965587 0.009346 0.036437
0 0.366822 0.840081 0.015576 0.040486
1 0.760125 0.560729 0.063863 0.117409
1 0.264019 0.131579 0.012461 0.036437
0 0.333333 0.765182 0.059190 0.129555
1 0.500000 0.198381 0.020249 0.056680
0 0.740654 0.356275 0.031153 0.105263
0 0.330218 0.829960 0.032710 0.089069
0 0.267134 0.965587 0.010903 0.020243
1 0.293614 0.473684 0.023364 0.048583
1 0.830218 0.657895 0.043614 0.101215
1 0.765576 0.884615 0.038941 0.105263
0 0.166667 0.394737 0.057632 0.178138
1 0.181464 0.542510 0.037383 0.093117
1 0.336449 0.645749 0.040498 0.089069
0 0.384735 0.902834 0.031153 0.085020
0 0.915109 0.943320 0.023364 0.044534
1 0.133178 0.265182 0.021807 0.040486
0 0.323209 0.408907 0.028037 0.060729
1 0.880062 0.809717 0.046729 0.194332
1 0.419782 0.880567 0.040498 0.113360
0 0.909657 0.406883 0.028037 0.072874
0 0.316978 0.143725 0.014019 0.040486
1 0.943925 0.925101 0.012461 0.024291
0 0.785047 0.402834 0.018692 0.060729
0 0.820872 0.593117 0.009346 0.028340
