1 0.596573 0.738866 0.026480 0.080972
1 0.197040 0.670040 0.090343 0.141700
0 0.065421 0.161943 0.004673 0.016194
0 0.148754 0.842105 0.017134 0.040486
1 0.172897 0.186235 0.045171 0.129555
1 0.905763 0.340081 0.023364 0.080972
1 0.590343 0.299595 0.029595 0.056680
1 0.429907 0.838057 0.031153 0.044534
1 0.753894 0.603239 0.012461 0.032389
1 0.168224 0.751012 0.057632 0.145749
1 0.606698 0.506073 0.102804 0.307692
1 0.823988 0.230769 0.071651 0.230769
0 0.268692 0.653846 0.029595 0.056680
1 0.956386 0.222672 0.006231 0.016194
1 0.827882 0.441296 0.071651 0.238866
0 0.598910 0.799595 0.017134 0.068826
0 0.721963 0.518219 0.021807 0.064777
0 0.742991 0.890688 0.037383 0.080972
1 0.707165 0.941296 0.034268 0.072874
1 0.128505 0.344130 0.059190 0.157895
1 0.355140 0.724696 0.026480 0.101215
0 0.154206 0.566802 0.049844 0.145749
0 0.237539 0.188259 0.014019 0.024291
1 0.462617 0.299595 0.029595 0.113360
1 0.220405 0.198381 0.014019 0.036437
1 0.864486 0.789474 0.023364 0.097166
0 0.254673 0.461538 0.012461 0.024291
1 0.436137 0.645749 0.059190 0.170040
0 0.578660 0.785425 0.009346 0.016194
0 0.605140 0.267206 0.051402 0.085020
1 0.495327 0.182186 0.024922 0.076923
0 0.763240 0.742915 0.057632 0.141700
0 0.846573 0.836032 0.043614 0.093117
1 0.058411 0.728745 0.018692 0.044534
0 0.707944 0.676113 0.021807 0.060729
0 0.417445 0.722672 0.057632 0.113360
1 0.728972 0.216599 0.071651 0.178138
0 0.116822 0.945344 0.015576 0.064777
1 0.683801 0.917004 0.037383 0.068826
0 0.176791 0.925101 0.034268 0.101215
0 0.328660 0.854251 0.015576 0.048583
1 0.254673 0.799595 0.009346 0.036437
0 0.090343 0.396761 0.026480 0.101215
1 0.901090 0.864372 0.079439 0.133603
0 0.757788 0.336032 0.045171 0.125506
