1 0.119938 0.651822 0.093458 0.170040
0 0.544393 0.757085 0.057632 0.157895
1 0.608255 0.159919 0.026480 0.064777
1 0.374611 0.546559 0.004673 0.016194
1 0.387850 0.698381 0.024922 0.044534
0 0.127726 0.329960 0.028037 0.076923
0 0.194704 0.823887 0.021807 0.036437
1 0.830997 0.831984 0.052960 0.121457
1 0.225857 0.342105 0.021807 0.052632
0 0.444704 0.605263 0.063863 0.190283
1 0.644081 0.566802 0.051402 0.113360
1 0.157321 0.123482 0.018692 0.060729
1 0.353583 0.419028 0.023364 0.072874
0 0.772586 0.912955 0.015576 0.036437
1 0.927570 0.188259 0.026480 0.076923
0 0.630062 0.220648 0.035826 0.052632
0 0.187695 0.390688 0.066978 0.157895
0 0.480530 0.327935 0.007788 0.016194
1 0.603583 0.495951 0.052960 0.097166
1 0.640966 0.740891 0.020249 0.052632
1 0.850467 0.495951 0.028037 0.052632
1 0.258567 0.805668 0.037383 0.105263
0 0.686916 0.398785 0.009346 0.028340
1 0.485981 0.838057 0.018692 0.040486
0 0.629283 0.740891 0.012461 0.048583
0 0.302181 0.467611 0.026480 0.080972
0 0.593458 0.360324 0.031153 0.089069
1 0.916667 0.694332 0.059190 0.121457
1 0.330218 0.429150 0.028037 0.060729
0 0.649533 0.182186 0.010903 0.032389
1 0.386293 0.929150 0.012461 0.028340
0 0.173676 0.202429 0.048287 0.170040
1 0.451713 0.781377 0.023364 0.040486
1 0.074766 0.248988 0.054517 0.089069
1 0.772586 0.248988 0.062305 0.141700
1 0.723520 0.856275 0.018692 0.052632
