1 0.251558 0.194332 0.004673 0.016194
1 0.066199 0.489879 0.018692 0.064777
1 0.127726 0.613360 0.045171 0.125506
1 0.250779 0.829960 0.057632 0.198381
0 0.161215 0.860324 0.042056 0.109312
0 0.356698 0.686235 0.017134 0.052632
1 0.225078 0.360324 0.017134 0.064777
0 0.387072 0.657895 0.018692 0.040486
0 0.954050 0.344130 0.014019 0.044534
0 0.375389 0.487854 0.015576 0.040486
1 0.775701 0.862348 0.006231 0.016194
0 0.612150 0.204453 0.007788 0.012146
1 0.176791 0.348178 0.028037 0.064777
0 0.243769 0.340081 0.017134 0.064777
0 0.742991 0.190283 0.018692 0.048583
0 0.683022 0.342105 0.014019 0.036437
1 0.299065 0.742915 0.028037 0.044534
0 0.829439 0.479757 0.004673 0.012146
1 0.640187 0.582996 0.018692 0.068826
1 0.207165 0.439271 0.040498 0.105263
1 0.610592 0.580972 0.043614 0.072874
1 0.848131 0.240891 0.020249 0.036437
1 0.939252 0.336032 0.021807 0.040486
1 0.394860 0.921053 0.023364 0.076923
1 0.201713 0.242915 0.040498 0.093117
0 0.809190 0.554656 0.018692 0.044534
1 0.312305 0.196356 0.038941 0.117409
1 0.549065 0.346154 0.051402 0.125506
0 0.566978 0.291498 0.051402 0.145749
1 0.438474 0.680162 0.076324 0.190283
1 0.733645 0.208502 0.018692 0.036437
0 0.348131 0.856275 0.024922 0.072874
1 0.745327 0.408907 0.026480 0.068826
1 0.692368 0.469636 0.038941 0.093117
0 0.471184 0.605263 0.062305 0.129555
1 0.374611 0.307692 0.028037 0.076923
1 0.369938 0.678138 0.020249 0.048583
1 0.539720 0.775304 0.052960 0.210526
1 0.299065 0.819838 0.060748 0.141700
1 0.223520 0.192308 0.038941 0.125506
1 0.836449 0.595142 0.038941 0.105263
1 0.891745 0.708502 0.034268 0.068826
1 0.619159 0.890688 0.010903 0.040486
0 0.590343 0.392713 0.076324 0.174089
1 0.336449 0.574899 0.021807 0.044534
0 0.119159 0.674089 0.034268 0.097166
1 0.458723 0.336032 0.060748 0.141700
1 0.080218 0.532389 0.026480 0.060729
0 0.317757 0.356275 0.043614 0.056680
1 0.883178 0.329960 0.014019 0.048583
1 0.711059 0.591093 0.024922 0.076923
1 0.528037 0.678138 0.056075 0.198381
1 0.123832 0.238866 0.017134 0.040486
0 0.818536 0.688259 0.051402 0.141700
0 0.057632 0.757085 0.012461 0.032389
0 0.543614 0.560729 0.026480 0.068826
0 0.724299 0.295547 0.037383 0.068826
0 0.267134 0.406883 0.004673 0.012146
1 0.815421 0.190283 0.012461 0.032389
