1 0.802960 0.242915 0.048287 0.137652
0 0.075545 0.230769 0.035826 0.093117
1 0.799844 0.700405 0.018692 0.040486
1 0.895639 0.643725 0.077882 0.170040
1 0.358255 0.864372 0.048287 0.101215
1 0.105919 0.734818 0.009346 0.024291
0 0.945483 0.530364 0.018692 0.072874
1 0.105140 0.917004 0.014019 0.044534
1 0.903427 0.287449 0.065421 0.157895
0 0.676012 0.554656 0.031153 0.097166
0 0.210280 0.263158 0.054517 0.113360
1 0.343458 0.710526 0.037383 0.101215
1 0.820872 0.350202 0.015576 0.044534
1 0.718847 0.856275 0.018692 0.048583
0 0.261682 0.123482 0.018692 0.052632
0 0.204050 0.433198 0.034268 0.097166
1 0.260125 0.734818 0.070093 0.178138
1 0.728193 0.370445 0.020249 0.060729
1 0.055296 0.238866 0.017134 0.056680
1 0.605919 0.728745 0.012461 0.040486
1 0.538941 0.236842 0.028037 0.040486
1 0.849688 0.716599 0.046729 0.121457
1 0.905763 0.528340 0.034268 0.129555
0 0.679128 0.222672 0.010903 0.032389
0 0.704050 0.394737 0.034268 0.125506
1 0.647975 0.544534 0.014019 0.040486
0 0.110592 0.277328 0.054517 0.165992
0 0.337227 0.578947 0.021807 0.064777
1 0.348131 0.457490 0.049844 0.089069
0 0.556854 0.674089 0.048287 0.157895
0 0.290498 0.238866 0.020249 0.056680
0 0.352804 0.937247 0.021807 0.044534
0 0.193925 0.184211 0.017134 0.044534
