1 0.550623 0.714575 0.065421 0.109312
1 0.160436 0.732794 0.037383 0.068826
1 0.133178 0.196356 0.037383 0.109312
1 0.358255 0.803644 0.028037 0.064777
1 0.168224 0.510121 0.104361 0.194332
1 0.613707 0.767206 0.063863 0.101215
1 0.235981 0.491903 0.014019 0.036437
1 0.246106 0.538462 0.012461 0.052632
0 0.239097 0.767206 0.014019 0.044534
1 0.052960 0.706478 0.023364 0.044534
1 0.926791 0.914980 0.031153 0.064777
0 0.540498 0.838057 0.024922 0.056680
0 0.287383 0.927126 0.023364 0.085020
1 0.324766 0.815789 0.049844 0.206478
0 0.232087 0.293522 0.009346 0.044534
1 0.627726 0.637652 0.028037 0.097166
1 0.290498 0.168016 0.014019 0.028340
1 0.658100 0.489879 0.066978 0.226721
1 0.581776 0.678138 0.023364 0.048583
1 0.266355 0.548583 0.015576 0.044534
1 0.184579 0.874494 0.051402 0.133603
1 0.244548 0.293522 0.015576 0.028340
0 0.582555 0.908907 0.010903 0.036437
0 0.241433 0.631579 0.021807 0.056680
1 0.186916 0.700405 0.045171 0.137652
1 0.382399 0.293522 0.031153 0.052632
1 0.757009 0.653846 0.035826 0.093117
1 0.623832 0.200405 0.024922 0.044534
1 0.442368 0.661943 0.079439 0.234818
1 0.748442 0.854251 0.040498 0.097166
0 0.126168 0.823887 0.045171 0.113360
1 0.751558 0.370445 0.048287 0.097166
1 0.277259 0.825911 0.021807 0.097166
1 0.879283 0.402834 0.038941 0.125506
0 0.279595 0.502024 0.037383 0.093117
0 0.309190 0.398785 0.014019 0.036437
1 0.806075 0.269231 0.073209 0.149798
0 0.571651 0.228745 0.045171 0.121457
1 0.242212 0.419028 0.010903 0.028340
0 0.609034 0.661943 0.035826 0.085020
