0 0.872274 0.222672 0.057632 0.141700
1 0.820093 0.576923 0.059190 0.170040
1 0.468069 0.364372 0.066978 0.182186
1 0.504673 0.504049 0.065421 0.085020
1 0.157321 0.815789 0.018692 0.044534
1 0.413551 0.530364 0.021807 0.044534
1 0.688474 0.293522 0.018692 0.032389
1 0.531931 0.163968 0.057632 0.133603
1 0.058411 0.212551 0.038941 0.068826
0 0.373053 0.775304 0.063863 0.149798
0 0.778816 0.408907 0.046729 0.210526
1 0.309190 0.690283 0.054517 0.125506
1 0.181464 0.734818 0.035826 0.093117
1 0.468847 0.676113 0.029595 0.072874
1 0.437695 0.251012 0.017134 0.044534
0 0.767134 0.690283 0.056075 0.165992
1 0.717290 0.649798 0.049844 0.109312
1 0.683801 0.560729 0.037383 0.080972
1 0.100467 0.631579 0.052960 0.141700
0 0.092679 0.840081 0.012461 0.036437
1 0.944704 0.795547 0.010903 0.020243
1 0.887072 0.534413 0.007788 0.032389
1 0.137072 0.289474 0.049844 0.161943
1 0.638629 0.129555 0.015576 0.044534
0 0.858255 0.408907 0.012461 0.028340
1 0.098910 0.931174 0.021807 0.068826
0 0.281931 0.587045 0.088785 0.238866
1 0.373053 0.200405 0.056075 0.113360
1 0.401090 0.576923 0.031153 0.064777
1 0.630062 0.872470 0.038941 0.109312
0 0.669782 0.188259 0.024922 0.056680
1 0.294393 0.884615 0.020249 0.060729
1 0.811526 0.467611 0.065421 0.133603
1 0.440031 0.850202 0.070093 0.251012
0 0.409657 0.441296 0.048287 0.153846
1 0.754673 0.208502 0.040498 0.117409
1 0.194704 0.451417 0.029595 0.109312
1 0.511682 0.607287 0.087227 0.242915
0 0.177570 0.226721 0.028037 0.060729
1 0.645639 0.512146 0.038941 0.117409
1 0.613707 0.793522 0.029595 0.093117
1 0.299065 0.815789 0.035826 0.105263
0 0.732087 0.906883 0.012461 0.032389
1 0.862150 0.542510 0.026480 0.080972
1 0.279595 0.257085 0.035826 0.125506
1 0.521028 0.293522 0.031153 0.129555
0 0.201713 0.323887 0.023364 0.060729
1 0.661994 0.789474 0.015576 0.032389
1 0.239875 0.799595 0.049844 0.101215
1 0.140966 0.892713 0.026480 0.064777
0 0.306854 0.443320 0.063863 0.129555
1 0.242991 0.334008 0.056075 0.145749
