0 0.759346 0.670040 0.093458 0.178138
0 0.599688 0.682186 0.029595 0.072874
1 0.639408 0.506073 0.028037 0.072874
1 0.276480 0.694332 0.054517 0.101215
0 0.711838 0.463563 0.018692 0.072874
0 0.113707 0.331984 0.042056 0.129555
1 0.803738 0.657895 0.040498 0.178138
1 0.140966 0.323887 0.018692 0.064777
1 0.106698 0.200405 0.040498 0.194332
0 0.380062 0.801619 0.018692 0.064777
1 0.736760 0.392713 0.018692 0.036437
1 0.157321 0.283401 0.038941 0.089069
0 0.610592 0.629555 0.012461 0.036437
1 0.304517 0.761134 0.045171 0.165992
0 0.130062 0.170040 0.015576 0.097166
1 0.206386 0.629555 0.029595 0.089069
0 0.099688 0.698381 0.026480 0.080972
0 0.393302 0.232794 0.082555 0.230769
0 0.606698 0.919028 0.038941 0.093117
0 0.288162 0.568826 0.052960 0.145749
0 0.780374 0.273279 0.015576 0.036437
1 0.783489 0.852227 0.054517 0.121457
1 0.473520 0.817814 0.034268 0.101215
1 0.575545 0.200405 0.031153 0.133603
0 0.646417 0.838057 0.018692 0.044534
1 0.681464 0.216599 0.049844 0.141700
1 0.320093 0.617409 0.065421 0.186235
0 0.676012 0.542510 0.040498 0.093117
1 0.351246 0.896761 0.017134 0.068826
1 0.649533 0.732794 0.063863 0.121457
