1 0.850467 0.777328 0.023364 0.052632
1 0.391745 0.172065 0.006231 0.012146
1 0.252336 0.862348 0.043614 0.097166
1 0.697819 0.346154 0.034268 0.105263
1 0.909657 0.151822 0.024922 0.056680
1 0.322430 0.595142 0.012461 0.052632
1 0.658879 0.730769 0.018692 0.048583
0 0.104361 0.919028 0.014019 0.048583
0 0.887072 0.382591 0.068536 0.206478
1 0.422118 0.340081 0.082555 0.198381
1 0.166667 0.186235 0.038941 0.145749
1 0.807632 0.587045 0.010903 0.032389
1 0.933801 0.364372 0.032710 0.076923
1 0.105919 0.613360 0.006231 0.028340
0 0.545171 0.797571 0.062305 0.157895
1 0.947040 0.712551 0.026480 0.076923
1 0.124611 0.342105 0.051402 0.174089
0 0.750000 0.530364 0.029595 0.064777
0 0.468847 0.303644 0.042056 0.097166
0 0.785826 0.846154 0.035826 0.101215
0 0.285047 0.530364 0.012461 0.056680
1 0.758567 0.639676 0.073209 0.153846
1 0.278816 0.388664 0.012461 0.032389
0 0.182243 0.560729 0.070093 0.161943
1 0.864486 0.214575 0.046729 0.149798
1 0.563863 0.712551 0.042056 0.121457
0 0.860592 0.516194 0.021807 0.060729
1 0.755452 0.210526 0.006231 0.016194
1 0.869938 0.852227 0.051402 0.141700
1 0.356698 0.230769 0.021807 0.064777
1 0.433801 0.787449 0.062305 0.097166
0 0.207944 0.404858 0.043614 0.145749
0 0.827882 0.900810 0.038941 0.105263
1 0.692368 0.937247 0.018692 0.048583
0 0.517134 0.487854 0.046729 0.214575
1 0.401090 0.771255 0.040498 0.076923
1 0.696262 0.631579 0.035826 0.121457
