1 0.511682 0.578947 0.015576 0.048583
0 0.310748 0.338057 0.009346 0.020243
1 0.566199 0.408907 0.017134 0.060729
0 0.154206 0.621457 0.076324 0.174089
0 0.915888 0.672065 0.012461 0.032389
1 0.620717 0.435223 0.048287 0.117409
1 0.567757 0.811741 0.038941 0.109312
1 0.686916 0.352227 0.029595 0.072874
0 0.748442 0.556680 0.017134 0.056680
0 0.151869 0.473684 0.048287 0.153846
1 0.341121 0.866397 0.017134 0.076923
1 0.795171 0.386640 0.015576 0.036437
0 0.427570 0.637652 0.073209 0.157895
1 0.511682 0.107287 0.014019 0.028340
0 0.648754 0.198381 0.046729 0.133603
1 0.816978 0.210526 0.015576 0.064777
1 0.450935 0.370445 0.049844 0.222672
0 0.742991 0.305668 0.024922 0.068826
1 0.661994 0.534413 0.009346 0.024291
1 0.904206 0.769231 0.038941 0.101215
1 0.108255 0.840081 0.020249 0.036437
1 0.384735 0.467611 0.021807 0.060729
1 0.401090 0.147773 0.021807 0.056680
1 0.523364 0.872470 0.034268 0.089069
0 0.600467 0.902834 0.034268 0.093117
1 0.852025 0.202429 0.028037 0.056680
1 0.372274 0.609312 0.017134 0.060729
1 0.217290 0.880567 0.051402 0.109312
1 0.194704 0.255061 0.074766 0.218623
1 0.108255 0.437247 0.009346 0.032389
0 0.669782 0.623482 0.007788 0.024291
1 0.684579 0.325911 0.031153 0.068826
1 0.300623 0.921053 0.029595 0.064777
1 0.255452 0.364372 0.098131 0.238866
0 0.411215 0.947368 0.017134 0.040486
0 0.624611 0.680162 0.020249 0.060729
1 0.330997 0.542510 0.080997 0.226721
0 0.542056 0.362348 0.045171 0.113360
1 0.103583 0.279352 0.020249 0.032389
1 0.675234 0.872470 0.048287 0.113360
0 0.549844 0.910931 0.020249 0.072874
1 0.799065 0.421053 0.012461 0.036437
1 0.907321 0.726721 0.051402 0.089069
0 0.173676 0.844130 0.038941 0.117409
1 0.071651 0.435223 0.010903 0.048583
1 0.158100 0.155870 0.032710 0.056680
1 0.442368 0.123482 0.017134 0.032389
0 0.853583 0.305668 0.038941 0.113360
1 0.142523 0.340081 0.029595 0.093117
