0 0.841121 0.532389 0.049844 0.101215
0 0.799065 0.463563 0.015576 0.028340
0 0.429907 0.263158 0.021807 0.060729
0 0.385514 0.785425 0.026480 0.064777
1 0.873053 0.781377 0.029595 0.117409
0 0.105919 0.720648 0.024922 0.076923
0 0.730530 0.275304 0.068536 0.170040
0 0.159657 0.192308 0.024922 0.064777
0 0.461838 0.182186 0.020249 0.064777
0 0.700935 0.475709 0.023364 0.064777
0 0.599688 0.200405 0.048287 0.101215
1 0.602804 0.493927 0.034268 0.089069
1 0.830997 0.143725 0.043614 0.089069
1 0.574766 0.344130 0.026480 0.109312
1 0.295950 0.281377 0.115265 0.271255
1 0.156542 0.404858 0.080997 0.206478
1 0.595794 0.457490 0.024922 0.113360
1 0.732087 0.704453 0.057632 0.121457
1 0.433801 0.516194 0.073209 0.182186
1 0.804517 0.346154 0.088785 0.222672
1 0.909657 0.657895 0.031153 0.036437
1 0.678349 0.838057 0.043614 0.133603
0 0.422118 0.184211 0.023364 0.048583
1 0.866044 0.350202 0.084112 0.230769
0 0.218847 0.714575 0.048287 0.113360
0 0.703271 0.570850 0.026480 0.097166
0 0.911994 0.271255 0.018692 0.052632
0 0.728972 0.795547 0.049844 0.097166
1 0.615265 0.825911 0.021807 0.072874
1 0.111371 0.433198 0.051402 0.109312
1 0.518692 0.609312 0.034268 0.105263
1 0.394081 0.657895 0.028037 0.068826
0 0.881620 0.550607 0.026480 0.060729
1 0.278816 0.678138 0.032710 0.064777
