1 0.549065 0.475709 0.023364 0.036437
1 0.897975 0.692308 0.071651 0.202429
1 0.687695 0.892713 0.021807 0.068826
1 0.212617 0.668016 0.079439 0.222672
1 0.611371 0.163968 0.020249 0.048583
1 0.792835 0.876518 0.051402 0.170040
1 0.404206 0.301619 0.054517 0.194332
1 0.693925 0.576923 0.077882 0.275304
0 0.300623 0.437247 0.021807 0.056680
0 0.749221 0.253036 0.014019 0.072874
0 0.416667 0.645749 0.082555 0.425101
0 0.252336 0.892713 0.012461 0.036437
1 0.740654 0.356275 0.063863 0.206478
0 0.869938 0.593117 0.020249 0.052632
0 0.106698 0.910931 0.032710 0.056680
1 0.580997 0.459514 0.034268 0.052632
1 0.077103 0.497976 0.012461 0.032389
1 0.745327 0.159919 0.014019 0.048583
0 0.470405 0.935223 0.034268 0.089069
0 0.870717 0.325911 0.080997 0.238866
0 0.685358 0.315789 0.006231 0.016194
1 0.440810 0.253036 0.099688 0.190283
1 0.158100 0.716599 0.035826 0.149798
0 0.789720 0.400810 0.009346 0.032389
0 0.489875 0.346154 0.035826 0.149798
1 0.885514 0.797571 0.031153 0.068826
1 0.332555 0.287449 0.038941 0.101215
0 0.340343 0.542510 0.031153 0.113360
1 0.259346 0.289474 0.029595 0.060729
1 0.778816 0.674089 0.105919 0.384615
1 0.093458 0.902834 0.021807 0.089069
1 0.347352 0.663968 0.102804 0.137652
1 0.565421 0.151822 0.032710 0.085020
1 0.059190 0.362348 0.012461 0.060729
0 0.921340 0.593117 0.038941 0.165992
0 0.088785 0.680162 0.045171 0.129555
1 0.407321 0.868421 0.035826 0.064777
0 0.546729 0.155870 0.037383 0.093117
1 0.055296 0.465587 0.018692 0.080972
1 0.623832 0.151822 0.021807 0.064777
1 0.570093 0.807692 0.009346 0.020243
1 0.155763 0.145749 0.023364 0.052632
1 0.791277 0.437247 0.010903 0.044534
1 0.179128 0.836032 0.017134 0.044534
0 0.860592 0.888664 0.048287 0.113360
1 0.217290 0.817814 0.015576 0.044534
