0 0.081776 0.512146 0.034268 0.101215
1 0.882399 0.682186 0.038941 0.117409
0 0.544393 0.659919 0.017134 0.044534
1 0.456386 0.186235 0.029595 0.080972
1 0.434579 0.465587 0.040498 0.133603
1 0.087227 0.182186 0.059190 0.125506
0 0.566978 0.374494 0.015576 0.036437
1 0.411994 0.133603 0.014019 0.044534
1 0.252336 0.937247 0.028037 0.072874
0 0.464174 0.775304 0.063863 0.226721
0 0.181464 0.726721 0.102804 0.238866
1 0.418224 0.234818 0.042056 0.129555
1 0.726636 0.530364 0.063863 0.182186
0 0.670561 0.354251 0.023364 0.068826
1 0.830997 0.840081 0.060748 0.186235
1 0.413551 0.759109 0.020249 0.044534
1 0.775701 0.797571 0.024922 0.068826
1 0.478972 0.554656 0.024922 0.044534
1 0.609813 0.827935 0.062305 0.198381
1 0.111371 0.868421 0.034268 0.044534
1 0.526480 0.799595 0.018692 0.040486
0 0.828660 0.240891 0.093458 0.202429
0 0.732087 0.773279 0.051402 0.089069
0 0.179907 0.483806 0.009346 0.052632
1 0.317757 0.251012 0.043614 0.093117
1 0.068536 0.139676 0.032710 0.064777
1 0.433801 0.631579 0.076324 0.165992
1 0.311526 0.417004 0.040498 0.105263
1 0.847352 0.334008 0.057632 0.174089
1 0.767913 0.629555 0.034268 0.060729
0 0.525701 0.370445 0.074766 0.214575
0 0.306075 0.925101 0.029595 0.048583
0 0.337227 0.194332 0.048287 0.089069
0 0.835670 0.692308 0.063863 0.153846
1 0.165888 0.923077 0.026480 0.064777
0 0.619938 0.574899 0.018692 0.048583
1 0.204829 0.202429 0.006231 0.024291
0 0.487539 0.257085 0.028037 0.076923
1 0.697040 0.338057 0.018692 0.056680
1 0.239097 0.866397 0.042056 0.085020
0 0.307632 0.878543 0.035826 0.089069
1 0.787383 0.447368 0.043614 0.161943
1 0.293614 0.732794 0.057632 0.113360
0 0.924455 0.674089 0.031153 0.113360
