1 0.276480 0.218623 0.052960 0.178138
0 0.935358 0.530364 0.015576 0.032389
0 0.850467 0.576923 0.045171 0.133603
1 0.447040 0.194332 0.014019 0.040486
1 0.112928 0.168016 0.034268 0.076923
1 0.436916 0.609312 0.048287 0.101215
1 0.042835 0.263158 0.010903 0.024291
1 0.509346 0.336032 0.018692 0.040486
0 0.863707 0.309717 0.015576 0.052632
0 0.917445 0.803644 0.028037 0.048583
0 0.933801 0.398785 0.051402 0.113360
1 0.635514 0.374494 0.023364 0.060729
1 0.326324 0.168016 0.017134 0.040486
1 0.908100 0.305668 0.018692 0.052632
0 0.952492 0.799595 0.015576 0.036437
1 0.489875 0.196356 0.007788 0.020243
1 0.309190 0.479757 0.038941 0.101215
1 0.517913 0.469636 0.046729 0.125506
1 0.344237 0.748988 0.024922 0.072874
1 0.356698 0.593117 0.031153 0.080972
1 0.165888 0.919028 0.012461 0.048583
0 0.223520 0.844130 0.029595 0.093117
1 0.702492 0.491903 0.006231 0.028340
0 0.903427 0.526316 0.021807 0.076923
1 0.239097 0.947368 0.017134 0.056680
1 0.073988 0.817814 0.010903 0.036437
1 0.527259 0.813765 0.109034 0.291498
0 0.461838 0.862348 0.020249 0.040486
1 0.647975 0.844130 0.049844 0.109312
0 0.532710 0.392713 0.029595 0.068826
0 0.088006 0.613360 0.032710 0.085020
1 0.826324 0.435223 0.068536 0.182186
0 0.750000 0.803644 0.018692 0.044534
1 0.406542 0.510121 0.037383 0.129555
1 0.311526 0.912955 0.017134 0.048583
1 0.440810 0.489879 0.037383 0.121457
1 0.403427 0.680162 0.054517 0.121457
