0 0.869938 0.704453 0.037383 0.068826
1 0.120717 0.358300 0.004673 0.012146
1 0.646417 0.892713 0.042056 0.097166
1 0.185358 0.587045 0.051402 0.149798
1 0.097352 0.408907 0.023364 0.044534
1 0.415888 0.609312 0.057632 0.085020
1 0.105919 0.261134 0.021807 0.097166
1 0.447819 0.378543 0.026480 0.109312
1 0.651090 0.730769 0.031153 0.036437
0 0.366822 0.607287 0.077882 0.206478
0 0.063863 0.789474 0.034268 0.105263
1 0.904206 0.813765 0.090343 0.218623
0 0.840343 0.548583 0.066978 0.125506
1 0.316978 0.471660 0.038941 0.093117
1 0.296729 0.914980 0.031153 0.133603
0 0.907321 0.945344 0.032710 0.085020
0 0.186916 0.340081 0.015576 0.040486
1 0.731308 0.263158 0.009346 0.040486
1 0.593458 0.912955 0.028037 0.097166
0 0.231308 0.811741 0.020249 0.044534
1 0.285826 0.740891 0.007788 0.024291
1 0.612928 0.702429 0.028037 0.080972
1 0.550623 0.854251 0.021807 0.064777
0 0.427570 0.261134 0.062305 0.186235
0 0.676791 0.653846 0.010903 0.028340
1 0.733645 0.850202 0.009346 0.020243
1 0.847352 0.257085 0.021807 0.056680
1 0.887850 0.544534 0.034268 0.093117
0 0.781931 0.799595 0.017134 0.052632
1 0.334112 0.178138 0.052960 0.097166
0 0.388629 0.797571 0.035826 0.125506
1 0.267134 0.338057 0.031153 0.076923
1 0.078660 0.500000 0.034268 0.117409
1 0.317757 0.348178 0.026480 0.072874
1 0.890187 0.159919 0.046729 0.121457
1 0.660436 0.238866 0.017134 0.064777
1 0.755452 0.137652 0.006231 0.016194
1 0.110592 0.947368 0.021807 0.060729
1 0.204050 0.352227 0.028037 0.080972
1 0.218847 0.550607 0.063863 0.161943
1 0.898754 0.617409 0.040498 0.064777
1 0.471963 0.625506 0.024922 0.052632
1 0.931464 0.153846 0.034268 0.080972
1 0.573209 0.809717 0.056075 0.072874
1 0.336449 0.807692 0.037383 0.064777
1 0.519470 0.364372 0.085670 0.174089
1 0.584112 0.214575 0.031153 0.080972
1 0.565421 0.323887 0.021807 0.097166
0 0.941589 0.273279 0.020249 0.060729
0 0.923676 0.423077 0.023364 0.068826
