0 0.636293 0.710526 0.010903 0.020243
1 0.338006 0.629555 0.035826 0.109312
0 0.249221 0.362348 0.017134 0.032389
1 0.902648 0.149798 0.012461 0.016194
1 0.727414 0.336032 0.028037 0.080972
1 0.401090 0.886640 0.014019 0.028340
0 0.077103 0.722672 0.023364 0.068826
1 0.169003 0.844130 0.042056 0.109312
1 0.573209 0.674089 0.014019 0.036437
1 0.455607 0.643725 0.032710 0.109312
0 0.359034 0.394737 0.012461 0.036437
0 0.120717 0.338057 0.035826 0.137652
1 0.849688 0.327935 0.012461 0.020243
1 0.879283 0.228745 0.046729 0.125506
1 0.153427 0.718623 0.057632 0.174089
0 0.220405 0.755061 0.006231 0.020243
0 0.398754 0.352227 0.038941 0.109312
0 0.408879 0.534413 0.010903 0.020243
0 0.665109 0.437247 0.038941 0.117409
0 0.228193 0.445344 0.038941 0.137652
1 0.253894 0.864372 0.035826 0.133603
1 0.373053 0.226721 0.014019 0.056680
1 0.809969 0.840081 0.056075 0.149798
0 0.274143 0.315789 0.009346 0.020243
0 0.149533 0.898785 0.015576 0.040486
0 0.456386 0.198381 0.012461 0.032389
1 0.576324 0.825911 0.009346 0.024291
0 0.285826 0.479757 0.032710 0.064777
1 0.528816 0.429150 0.077882 0.307692
0 0.195483 0.568826 0.051402 0.080972
1 0.528037 0.615385 0.032710 0.121457
1 0.604361 0.234818 0.049844 0.202429
1 0.236760 0.273279 0.015576 0.032389
0 0.290498 0.406883 0.049844 0.101215
1 0.610592 0.872470 0.009346 0.028340
0 0.123053 0.917004 0.034268 0.085020
0 0.144081 0.429150 0.034268 0.101215
1 0.706386 0.712551 0.023364 0.080972
0 0.102804 0.659919 0.046729 0.129555
1 0.426012 0.378543 0.040498 0.101215
0 0.602804 0.350202 0.059190 0.190283
1 0.754673 0.919028 0.018692 0.064777
1 0.593458 0.744939 0.026480 0.060729
1 0.688474 0.827935 0.031153 0.080972
1 0.890966 0.740891 0.074766 0.117409
1 0.633178 0.477733 0.046729 0.133603
1 0.535047 0.860324 0.076324 0.178138
1 0.046729 0.919028 0.009346 0.028340
1 0.163551 0.186235 0.018692 0.048583
0 0.064642 0.825911 0.049844 0.109312
0 0.950935 0.748988 0.017134 0.040486
1 0.052181 0.352227 0.017134 0.052632
0 0.723520 0.884615 0.037383 0.097166
1 0.920561 0.283401 0.009346 0.032389
0 0.716511 0.933198 0.040498 0.113360
0 0.221184 0.214575 0.018692 0.036437
1 0.289720 0.192308 0.037383 0.089069
0 0.097352 0.184211 0.043614 0.137652
1 0.828660 0.198381 0.028037 0.072874
