1 0.537383 0.888664 0.014019 0.044534
0 0.345016 0.562753 0.035826 0.097166
1 0.453271 0.271255 0.071651 0.141700
0 0.563084 0.455466 0.065421 0.194332
1 0.809969 0.516194 0.149533 0.356275
0 0.859813 0.858300 0.035826 0.113360
0 0.256231 0.769231 0.154206 0.226721
1 0.633956 0.846154 0.046729 0.137652
1 0.788162 0.242915 0.057632 0.206478
0 0.263240 0.338057 0.028037 0.072874
1 0.063084 0.455466 0.023364 0.072874
0 0.904206 0.212551 0.049844 0.153846
1 0.830997 0.785425 0.020249 0.060729
1 0.392523 0.714575 0.059190 0.113360
1 0.619938 0.746964 0.024922 0.064777
1 0.303738 0.206478 0.074766 0.157895
1 0.421340 0.680162 0.076324 0.153846
1 0.415888 0.210526 0.026480 0.080972
0 0.397975 0.570850 0.037383 0.113360
1 0.943925 0.558704 0.014019 0.020243
1 0.087227 0.639676 0.021807 0.076923
1 0.537383 0.730769 0.021807 0.060729
1 0.584891 0.694332 0.029595 0.080972
1 0.573209 0.892713 0.049844 0.125506
1 0.844237 0.149798 0.006231 0.008097
1 0.084112 0.145749 0.024922 0.048583
0 0.319315 0.445344 0.057632 0.178138
0 0.697819 0.534413 0.043614 0.064777
1 0.531931 0.471660 0.080997 0.178138
1 0.630062 0.485830 0.065421 0.165992
0 0.183022 0.840081 0.079439 0.198381
1 0.792835 0.842105 0.029595 0.080972
1 0.176012 0.168016 0.054517 0.145749
1 0.235202 0.364372 0.032710 0.076923
1 0.720405 0.263158 0.052960 0.178138
0 0.215732 0.939271 0.040498 0.093117
0 0.215732 0.457490 0.007788 0.016194
1 0.891745 0.663968 0.037383 0.080972
1 0.877726 0.823887 0.023364 0.101215
0 0.293614 0.838057 0.091900 0.129555
1 0.839564 0.216599 0.037383 0.072874
0 0.593458 0.591093 0.056075 0.125506
1 0.939252 0.500000 0.026480 0.048583
1 0.651869 0.771255 0.049844 0.089069
1 0.697040 0.414980 0.046729 0.068826
0 0.925234 0.309717 0.021807 0.064777
1 0.209502 0.611336 0.052960 0.101215
1 0.472741 0.659919 0.017134 0.040486
0 0.158100 0.475709 0.021807 0.052632
1 0.092679 0.722672 0.007788 0.028340
0 0.834112 0.281377 0.021807 0.056680
1 0.138629 0.388664 0.037383 0.064777
0 0.640966 0.625506 0.024922 0.064777
0 0.486760 0.742915 0.010903 0.024291
0 0.632399 0.230769 0.015576 0.048583
1 0.698598 0.917004 0.051402 0.097166
0 0.265576 0.487854 0.007788 0.020243
1 0.134735 0.848178 0.056075 0.105263
