1 0.376168 0.702429 0.017134 0.032389
0 0.658100 0.544534 0.032710 0.097166
0 0.313084 0.896761 0.014019 0.020243
1 0.806075 0.558704 0.026480 0.052632
0 0.880841 0.176113 0.029595 0.064777
1 0.914330 0.538462 0.062305 0.206478
1 0.459502 0.601215 0.028037 0.052632
0 0.584891 0.303644 0.017134 0.048583
1 0.756231 0.168016 0.023364 0.085020
1 0.168224 0.481781 0.028037 0.076923
1 0.468847 0.844130 0.021807 0.028340
0 0.455607 0.269231 0.028037 0.048583
1 0.774922 0.582996 0.038941 0.097166
1 0.789720 0.876518 0.028037 0.068826
1 0.883956 0.827935 0.026480 0.028340
1 0.290498 0.576923 0.009346 0.036437
1 0.865265 0.291498 0.056075 0.133603
1 0.683801 0.236842 0.020249 0.093117
1 0.663551 0.299595 0.026480 0.072874
1 0.182243 0.890688 0.042056 0.153846
1 0.358255 0.137652 0.026480 0.072874
0 0.302960 0.491903 0.029595 0.085020
0 0.090343 0.180162 0.026480 0.068826
1 0.407321 0.797571 0.040498 0.133603
0 0.301402 0.279352 0.045171 0.117409
0 0.326324 0.374494 0.004673 0.016194
1 0.689252 0.663968 0.020249 0.056680
0 0.854361 0.945344 0.020249 0.024291
0 0.462617 0.344130 0.007788 0.024291
1 0.334891 0.423077 0.009346 0.028340
1 0.798287 0.388664 0.020249 0.044534
1 0.795171 0.293522 0.037383 0.093117
1 0.686916 0.765182 0.015576 0.032389
0 0.772586 0.356275 0.009346 0.024291
1 0.253894 0.188259 0.040498 0.161943
1 0.934579 0.692308 0.015576 0.040486
1 0.348131 0.823887 0.034268 0.097166
0 0.296729 0.356275 0.035826 0.109312
0 0.929128 0.370445 0.020249 0.036437
1 0.866822 0.651822 0.057632 0.182186
1 0.778816 0.463563 0.009346 0.024291
1 0.845016 0.390688 0.017134 0.028340
1 0.933022 0.838057 0.040498 0.072874
1 0.119938 0.977733 0.009346 0.032389
1 0.531153 0.706478 0.015576 0.032389
1 0.524143 0.133603 0.026480 0.060729
1 0.621495 0.720648 0.046729 0.157895
1 0.722741 0.487854 0.071651 0.255061
1 0.829439 0.815789 0.042056 0.137652
0 0.498442 0.787449 0.018692 0.040486
1 0.742212 0.809717 0.031153 0.080972
0 0.574766 0.856275 0.024922 0.072874
1 0.405763 0.931174 0.020249 0.068826
1 0.789720 0.453441 0.018692 0.032389
