0 0.676791 0.313765 0.020249 0.052632
1 0.832555 0.226721 0.042056 0.097166
1 0.814642 0.917004 0.017134 0.032389
0 0.594237 0.655870 0.010903 0.020243
0 0.836449 0.380567 0.009346 0.024291
1 0.270249 0.184211 0.023364 0.060729
1 0.585670 0.611336 0.017134 0.044534
1 0.111371 0.631579 0.029595 0.080972
1 0.521028 0.325911 0.012461 0.028340
1 0.409657 0.327935 0.060748 0.121457
1 0.152648 0.384615 0.045171 0.121457
1 0.515576 0.520243 0.014019 0.032389
1 0.341900 0.198381 0.014019 0.032389
1 0.219626 0.445344 0.040498 0.117409
0 0.648754 0.493927 0.066978 0.137652
1 0.863707 0.740891 0.045171 0.117409
1 0.645639 0.155870 0.045171 0.076923
0 0.567757 0.742915 0.023364 0.076923
1 0.588006 0.882591 0.043614 0.157895
0 0.794393 0.712551 0.043614 0.093117
0 0.948598 0.362348 0.006231 0.012146
1 0.383178 0.672065 0.045171 0.060729
0 0.064642 0.293522 0.042056 0.076923
1 0.397975 0.222672 0.021807 0.040486
1 0.866044 0.516194 0.087227 0.182186
0 0.344237 0.570850 0.063863 0.117409
1 0.669003 0.748988 0.060748 0.129555
1 0.086449 0.212551 0.017134 0.040486
0 0.140966 0.627530 0.043614 0.141700
0 0.654206 0.615385 0.010903 0.040486
1 0.150312 0.236842 0.014019 0.032389
0 0.287383 0.771255 0.035826 0.085020
0 0.230530 0.141700 0.023364 0.040486
0 0.240654 0.746964 0.032710 0.093117
0 0.592679 0.190283 0.014019 0.044534
0 0.431464 0.228745 0.007788 0.032389
1 0.126168 0.236842 0.023364 0.036437
1 0.904206 0.813765 0.031153 0.089069
1 0.785826 0.647773 0.049844 0.076923
0 0.594237 0.285425 0.062305 0.174089
0 0.175234 0.700405 0.029595 0.076923
1 0.751558 0.580972 0.017134 0.040486
0 0.322430 0.410931 0.074766 0.190283
1 0.204050 0.578947 0.054517 0.170040
0 0.590343 0.404858 0.021807 0.064777
0 0.636293 0.809717 0.006231 0.016194
0 0.810748 0.941296 0.004673 0.020243
0 0.144081 0.155870 0.032710 0.085020
0 0.467290 0.287449 0.040498 0.149798
0 0.140187 0.473684 0.018692 0.044534
1 0.904206 0.374494 0.049844 0.149798
1 0.394081 0.821862 0.070093 0.283401
1 0.492212 0.791498 0.045171 0.117409
0 0.065421 0.135628 0.010903 0.044534
1 0.161994 0.827935 0.031153 0.170040
