1 0.556854 0.305668 0.004673 0.012146
0 0.812305 0.556680 0.021807 0.064777
1 0.217290 0.168016 0.031153 0.125506
1 0.809969 0.813765 0.018692 0.044534
0 0.352804 0.706478 0.035826 0.093117
1 0.617601 0.722672 0.038941 0.117409
1 0.789720 0.226721 0.042056 0.113360
1 0.447040 0.684211 0.066978 0.194332
1 0.698598 0.609312 0.012461 0.040486
0 0.771028 0.293522 0.012461 0.044534
0 0.642523 0.370445 0.020249 0.068826
0 0.086449 0.159919 0.018692 0.048583
1 0.374611 0.485830 0.026480 0.060729
1 0.725078 0.481781 0.029595 0.085020
0 0.842679 0.388664 0.028037 0.064777
0 0.683022 0.228745 0.024922 0.056680
1 0.238318 0.844130 0.034268 0.060729
0 0.573209 0.702429 0.035826 0.101215
1 0.649533 0.291498 0.023364 0.056680
0 0.271028 0.572874 0.021807 0.052632
0 0.608255 0.623482 0.014019 0.048583
0 0.179128 0.129555 0.024922 0.064777
1 0.603583 0.937247 0.015576 0.052632
1 0.867601 0.574899 0.054517 0.113360
1 0.119159 0.230769 0.017134 0.040486
1 0.510903 0.937247 0.028037 0.089069
1 0.204829 0.455466 0.060748 0.153846
0 0.780374 0.761134 0.015576 0.024291
0 0.476636 0.368421 0.024922 0.089069
1 0.365265 0.267206 0.054517 0.182186
1 0.186916 0.534413 0.024922 0.072874
0 0.915109 0.629555 0.018692 0.048583
1 0.919003 0.261134 0.077882 0.327935
1 0.405763 0.137652 0.029595 0.072874
1 0.640966 0.633603 0.043614 0.101215
0 0.696262 0.809717 0.010903 0.028340
1 0.337227 0.378543 0.004673 0.012146
1 0.172118 0.898785 0.017134 0.032389
0 0.492991 0.599190 0.026480 0.068826
1 0.234424 0.370445 0.040498 0.076923
0 0.562305 0.186235 0.020249 0.085020
1 0.890966 0.412955 0.021807 0.068826
1 0.322430 0.688259 0.056075 0.145749
0 0.528037 0.576923 0.031153 0.060729
1 0.479751 0.842105 0.070093 0.174089
1 0.936137 0.769231 0.032710 0.101215
1 0.076324 0.251012 0.028037 0.068826
1 0.419782 0.176113 0.010903 0.028340
0 0.584112 0.504049 0.037383 0.133603
