0 0.351246 0.208502 0.017134 0.036437
0 0.522586 0.815789 0.042056 0.137652
1 0.521028 0.607287 0.024922 0.052632
1 0.624611 0.854251 0.052960 0.149798
0 0.519470 0.289474 0.024922 0.076923
1 0.897975 0.787449 0.088785 0.182186
0 0.192368 0.730769 0.026480 0.048583
1 0.462617 0.817814 0.059190 0.145749
0 0.218847 0.291498 0.038941 0.072874
1 0.882399 0.973684 0.010903 0.028340
1 0.309969 0.615385 0.018692 0.056680
1 0.064642 0.856275 0.038941 0.097166
1 0.304517 0.829960 0.012461 0.036437
1 0.367601 0.372470 0.042056 0.080972
1 0.658879 0.293522 0.032710 0.076923
1 0.066978 0.751012 0.009346 0.028340
1 0.345794 0.506073 0.012461 0.036437
1 0.771807 0.848178 0.017134 0.060729
1 0.427570 0.123482 0.017134 0.044534
0 0.954829 0.487854 0.009346 0.024291
0 0.275701 0.623482 0.006231 0.020243
0 0.471963 0.744939 0.062305 0.161943
0 0.112150 0.178138 0.018692 0.032389
0 0.745327 0.508097 0.007788 0.020243
0 0.452492 0.429150 0.032710 0.076923
1 0.682243 0.390688 0.042056 0.109312
1 0.720405 0.672065 0.035826 0.048583
1 0.561526 0.283401 0.028037 0.064777
0 0.524922 0.497976 0.031153 0.060729
1 0.123053 0.935223 0.021807 0.052632
0 0.439252 0.370445 0.009346 0.012146
0 0.544393 0.904858 0.007788 0.020243
0 0.373053 0.977733 0.010903 0.028340
1 0.694704 0.860324 0.017134 0.036437
0 0.845794 0.313765 0.014019 0.032389
1 0.792056 0.172065 0.048287 0.117409
1 0.129283 0.374494 0.021807 0.068826
0 0.830997 0.645749 0.066978 0.157895
1 0.697040 0.738866 0.021807 0.068826
1 0.385514 0.242915 0.029595 0.101215
1 0.641745 0.329960 0.024922 0.056680
1 0.389408 0.888664 0.026480 0.044534
1 0.707165 0.139676 0.006231 0.020243
1 0.278816 0.900810 0.023364 0.056680
0 0.207165 0.364372 0.045171 0.105263
0 0.118380 0.805668 0.024922 0.060729
0 0.722741 0.791498 0.024922 0.052632
1 0.937695 0.157895 0.012461 0.040486
0 0.815421 0.548583 0.037383 0.133603
0 0.208723 0.805668 0.038941 0.117409
1 0.258567 0.504049 0.070093 0.174089
1 0.327103 0.759109 0.031153 0.068826
1 0.376947 0.906883 0.010903 0.028340
0 0.697040 0.528340 0.007788 0.028340
0 0.900312 0.285425 0.024922 0.076923
1 0.783489 0.761134 0.079439 0.121457
1 0.658879 0.866397 0.049844 0.141700
