0 0.766355 0.384615 0.029595 0.080972
1 0.793614 0.228745 0.057632 0.170040
1 0.588785 0.572874 0.054517 0.186235
1 0.808411 0.566802 0.049844 0.149798
1 0.314642 0.668016 0.007788 0.024291
0 0.249221 0.289474 0.024922 0.056680
0 0.680685 0.854251 0.051402 0.133603
1 0.075545 0.425101 0.038941 0.161943
0 0.367601 0.497976 0.006231 0.012146
1 0.837227 0.825911 0.035826 0.113360
1 0.521028 0.455466 0.042056 0.101215
1 0.453271 0.151822 0.035826 0.056680
1 0.218069 0.939271 0.029595 0.093117
1 0.773364 0.135628 0.020249 0.064777
0 0.172118 0.261134 0.029595 0.105263
1 0.404206 0.283401 0.042056 0.089069
0 0.693925 0.971660 0.014019 0.040486
1 0.278037 0.698381 0.018692 0.068826
0 0.208723 0.558704 0.043614 0.153846
0 0.786604 0.933198 0.021807 0.052632
0 0.619938 0.894737 0.017134 0.052632
1 0.091900 0.127530 0.009346 0.016194
0 0.844237 0.623482 0.006231 0.016194
1 0.622274 0.334008 0.015576 0.044534
0 0.184579 0.914980 0.006231 0.024291
1 0.417445 0.874494 0.031153 0.072874
1 0.728193 0.273279 0.017134 0.056680
0 0.309969 0.453441 0.014019 0.044534
1 0.293614 0.269231 0.054517 0.194332
0 0.934579 0.435223 0.032710 0.105263
1 0.181464 0.206478 0.021807 0.040486
0 0.667445 0.769231 0.056075 0.121457
0 0.597352 0.663968 0.063863 0.149798
1 0.693146 0.435223 0.026480 0.060729
0 0.908100 0.574899 0.063863 0.149798
1 0.519470 0.722672 0.079439 0.222672
0 0.758567 0.514170 0.049844 0.093117
1 0.707944 0.331984 0.046729 0.117409
1 0.915109 0.376518 0.028037 0.076923
1 0.785047 0.898785 0.014019 0.056680
1 0.889408 0.904858 0.035826 0.085020
1 0.845794 0.244939 0.010903 0.036437
0 0.476636 0.386640 0.043614 0.085020
1 0.225857 0.651822 0.034268 0.068826
0 0.447040 0.576923 0.026480 0.137652
1 0.102025 0.554656 0.020249 0.060729
1 0.110592 0.690283 0.043614 0.085020
0 0.808411 0.323887 0.043614 0.129555
1 0.182243 0.570850 0.038941 0.093117
0 0.166667 0.765182 0.051402 0.129555
1 0.050623 0.455466 0.023364 0.068826
0 0.423676 0.473684 0.021807 0.060729
1 0.254673 0.236842 0.035826 0.060729
0 0.728972 0.605263 0.035826 0.113360
1 0.526480 0.540486 0.009346 0.036437
1 0.215732 0.372470 0.031153 0.101215
0 0.591121 0.301619 0.026480 0.076923
