1 0.504673 0.532389 0.015576 0.076923
0 0.536604 0.285425 0.010903 0.044534
1 0.193146 0.925101 0.012461 0.028340
1 0.329439 0.342105 0.045171 0.109312
0 0.663551 0.706478 0.052960 0.129555
0 0.869938 0.599190 0.032710 0.113360
1 0.057632 0.283401 0.020249 0.080972
1 0.424455 0.643725 0.049844 0.170040
1 0.191589 0.706478 0.070093 0.170040
0 0.147196 0.831984 0.035826 0.105263
1 0.728972 0.894737 0.037383 0.117409
1 0.830218 0.309717 0.029595 0.076923
1 0.179128 0.153846 0.024922 0.048583
1 0.204050 0.364372 0.015576 0.052632
0 0.737539 0.192308 0.045171 0.121457
1 0.740654 0.465587 0.018692 0.080972
0 0.777259 0.226721 0.068536 0.129555
0 0.791277 0.759109 0.017134 0.040486
1 0.288941 0.633603 0.020249 0.060729
1 0.904984 0.251012 0.059190 0.113360
1 0.533489 0.220648 0.031153 0.064777
0 0.398754 0.840081 0.006231 0.012146
1 0.622274 0.182186 0.051402 0.141700
1 0.808411 0.874494 0.023364 0.085020
1 0.827882 0.599190 0.046729 0.170040
1 0.240654 0.623482 0.057632 0.117409
0 0.141745 0.315789 0.038941 0.080972
0 0.384735 0.502024 0.012461 0.048583
0 0.179907 0.912955 0.024922 0.044534
1 0.690810 0.123482 0.010903 0.032389
