0 0.760125 0.591093 0.029595 0.064777
0 0.341121 0.793522 0.135514 0.271255
1 0.203271 0.623482 0.029595 0.113360
1 0.088785 0.257085 0.017134 0.040486
1 0.478193 0.933198 0.015576 0.044534
1 0.691589 0.384615 0.104361 0.161943
0 0.437695 0.479757 0.029595 0.072874
1 0.883178 0.870445 0.032710 0.089069
0 0.485202 0.668016 0.035826 0.097166
0 0.383178 0.518219 0.031153 0.076923
1 0.908879 0.785425 0.042056 0.076923
1 0.718847 0.682186 0.034268 0.125506
1 0.441589 0.659919 0.046729 0.121457
0 0.781931 0.200405 0.012461 0.020243
1 0.507009 0.236842 0.068536 0.153846
1 0.793614 0.587045 0.060748 0.141700
0 0.938474 0.765182 0.024922 0.060729
0 0.823988 0.370445 0.077882 0.222672
1 0.266355 0.267206 0.018692 0.048583
1 0.370717 0.487854 0.034268 0.064777
0 0.609813 0.540486 0.046729 0.145749
1 0.661994 0.653846 0.052960 0.186235
1 0.067757 0.829960 0.020249 0.072874
1 0.148754 0.218623 0.024922 0.056680
1 0.299844 0.493927 0.015576 0.044534
1 0.950156 0.285425 0.012461 0.044534
1 0.587227 0.659919 0.029595 0.080972
1 0.425234 0.190283 0.020249 0.048583
1 0.064642 0.461538 0.029595 0.072874
0 0.320093 0.204453 0.048287 0.089069
0 0.878505 0.823887 0.032710 0.068826
1 0.852804 0.868421 0.014019 0.036437
1 0.066978 0.277328 0.038941 0.068826
0 0.427570 0.821862 0.009346 0.024291
1 0.620717 0.593117 0.048287 0.141700
1 0.150312 0.757085 0.045171 0.105263
1 0.922118 0.546559 0.007788 0.040486
0 0.078660 0.510121 0.028037 0.080972
0 0.365265 0.356275 0.020249 0.040486
1 0.804517 0.732794 0.009346 0.020243
0 0.660436 0.477733 0.017134 0.040486
