1 0.605140 0.718623 0.054517 0.085020
1 0.451713 0.773279 0.059190 0.194332
0 0.849688 0.838057 0.032710 0.068826
0 0.318536 0.370445 0.014019 0.036437
1 0.114486 0.682186 0.015576 0.028340
0 0.283489 0.506073 0.037383 0.121457
0 0.941589 0.639676 0.029595 0.076923
0 0.380841 0.542510 0.088785 0.210526
1 0.502336 0.890688 0.032710 0.080972
1 0.667445 0.257085 0.048287 0.133603
1 0.489875 0.358300 0.043614 0.117409
1 0.479751 0.710526 0.062305 0.145749
1 0.937695 0.921053 0.018692 0.052632
1 0.701713 0.716599 0.059190 0.133603
1 0.390187 0.208502 0.020249 0.048583
1 0.394860 0.384615 0.071651 0.149798
1 0.549844 0.771255 0.035826 0.097166
1 0.884735 0.751012 0.032710 0.101215
1 0.643302 0.453441 0.062305 0.133603
0 0.623053 0.208502 0.017134 0.040486
0 0.358255 0.228745 0.015576 0.032389
0 0.304517 0.647773 0.012461 0.032389
1 0.070872 0.224696 0.034268 0.109312
0 0.410436 0.706478 0.070093 0.141700
0 0.206386 0.305668 0.014019 0.044534
0 0.698598 0.599190 0.024922 0.060729
0 0.596573 0.176113 0.018692 0.052632
0 0.759346 0.580972 0.045171 0.157895
0 0.950156 0.532389 0.018692 0.044534
1 0.289720 0.732794 0.017134 0.044534
1 0.843458 0.801619 0.031153 0.052632
0 0.712617 0.489879 0.077882 0.210526
1 0.761682 0.939271 0.032710 0.064777
0 0.165109 0.736842 0.024922 0.117409
1 0.130062 0.477733 0.123053 0.360324
0 0.721184 0.364372 0.023364 0.056680
0 0.100467 0.196356 0.045171 0.093117
0 0.899533 0.390688 0.007788 0.028340
1 0.260903 0.451417 0.029595 0.060729
1 0.362928 0.251012 0.009346 0.028340
0 0.428349 0.947368 0.028037 0.072874
0 0.926012 0.572874 0.021807 0.056680
0 0.788162 0.653846 0.037383 0.097166
1 0.741433 0.261134 0.024922 0.052632
1 0.775701 0.510121 0.052960 0.170040
1 0.245327 0.639676 0.048287 0.089069
1 0.644081 0.674089 0.045171 0.097166
