1 0.138629 0.637652 0.099688 0.275304
1 0.425234 0.504049 0.045171 0.105263
1 0.238318 0.218623 0.057632 0.170040
0 0.227414 0.819838 0.024922 0.076923
0 0.728193 0.740891 0.029595 0.072874
0 0.179907 0.216599 0.029595 0.064777
0 0.450935 0.888664 0.035826 0.080972
1 0.666667 0.392713 0.034268 0.129555
1 0.638629 0.722672 0.056075 0.165992
1 0.534268 0.522267 0.021807 0.068826
1 0.522586 0.364372 0.034268 0.105263
1 0.423676 0.376518 0.006231 0.016194
1 0.387850 0.672065 0.056075 0.186235
0 0.734424 0.603239 0.045171 0.149798
1 0.201713 0.508097 0.087227 0.125506
1 0.084112 0.862348 0.031153 0.072874
0 0.292056 0.809717 0.028037 0.072874
0 0.073209 0.643725 0.020249 0.056680
0 0.159657 0.350202 0.031153 0.080972
1 0.863707 0.593117 0.059190 0.141700
0 0.914330 0.443320 0.010903 0.028340
0 0.896417 0.265182 0.017134 0.036437
1 0.873053 0.738866 0.009346 0.028340
1 0.323209 0.248988 0.062305 0.202429
0 0.436916 0.929150 0.015576 0.036437
1 0.507788 0.631579 0.037383 0.076923
1 0.444704 0.629555 0.014019 0.044534
1 0.419003 0.617409 0.045171 0.072874
1 0.786604 0.265182 0.014019 0.044534
1 0.334112 0.467611 0.018692 0.068826
1 0.599688 0.548583 0.015576 0.032389
1 0.774143 0.530364 0.020249 0.068826
1 0.812305 0.631579 0.010903 0.024291
1 0.061526 0.951417 0.020249 0.056680
1 0.496106 0.275304 0.068536 0.145749
1 0.644081 0.354251 0.004673 0.012146
