1 0.116044 0.417004 0.071651 0.263158
1 0.137072 0.765182 0.020249 0.060729
0 0.683022 0.251012 0.029595 0.056680
0 0.545171 0.751012 0.012461 0.036437
1 0.842679 0.435223 0.060748 0.210526
1 0.294393 0.174089 0.009346 0.020243
1 0.338006 0.846154 0.015576 0.032389
0 0.327103 0.344130 0.059190 0.165992
0 0.891745 0.500000 0.014019 0.024291
0 0.607477 0.168016 0.034268 0.105263
0 0.505452 0.327935 0.009346 0.036437
0 0.520249 0.473684 0.049844 0.157895
0 0.757009 0.864372 0.024922 0.060729
1 0.247664 0.168016 0.009346 0.032389
1 0.056075 0.323887 0.035826 0.052632
0 0.588006 0.236842 0.014019 0.036437
1 0.750779 0.475709 0.034268 0.105263
1 0.752336 0.157895 0.026480 0.072874
1 0.262461 0.821862 0.015576 0.040486
0 0.062305 0.678138 0.009346 0.016194
0 0.196262 0.842105 0.049844 0.068826
1 0.707165 0.109312 0.007788 0.024291
1 0.916667 0.803644 0.038941 0.089069
1 0.549844 0.890688 0.021807 0.060729
0 0.294393 0.611336 0.037383 0.060729
1 0.557632 0.121457 0.015576 0.048583
1 0.399533 0.388664 0.095016 0.234818
0 0.566199 0.540486 0.012461 0.028340
1 0.151869 0.508097 0.079439 0.145749
1 0.309190 0.925101 0.021807 0.040486
1 0.192368 0.659919 0.029595 0.064777
1 0.479751 0.781377 0.031153 0.085020
1 0.563863 0.834008 0.015576 0.056680
0 0.642523 0.378543 0.057632 0.141700
0 0.422897 0.803644 0.059190 0.117409
1 0.364486 0.139676 0.023364 0.060729
1 0.670561 0.157895 0.032710 0.052632
1 0.270249 0.585020 0.014019 0.032389
1 0.583333 0.504049 0.023364 0.052632
1 0.757009 0.595142 0.060748 0.174089
0 0.444704 0.334008 0.071651 0.246964
0 0.724299 0.257085 0.045171 0.133603
1 0.876947 0.170040 0.020249 0.048583
1 0.282710 0.856275 0.023364 0.060729
1 0.611371 0.688259 0.095016 0.198381
1 0.834891 0.850202 0.062305 0.174089
1 0.150312 0.184211 0.010903 0.036437
0 0.429907 0.923077 0.042056 0.105263
1 0.531153 0.305668 0.026480 0.064777
1 0.306854 0.530364 0.012461 0.024291
0 0.244548 0.392713 0.023364 0.056680
0 0.474299 0.599190 0.021807 0.052632
0 0.559969 0.433198 0.010903 0.024291
1 0.179907 0.216599 0.028037 0.052632
0 0.411215 0.163968 0.024922 0.072874
0 0.798287 0.178138 0.023364 0.068826
1 0.524143 0.621457 0.040498 0.089069
0 0.830218 0.746964 0.015576 0.032389
1 0.633178 0.528340 0.026480 0.052632
