0 0.095016 0.886640 0.034268 0.105263
1 0.602804 0.797571 0.026480 0.076923
1 0.658879 0.261134 0.042056 0.113360
1 0.482087 0.228745 0.060748 0.141700
1 0.256231 0.578947 0.034268 0.109312
1 0.528816 0.813765 0.059190 0.222672
1 0.408879 0.394737 0.024922 0.056680
1 0.826324 0.694332 0.018692 0.068826
1 0.408100 0.234818 0.034268 0.085020
1 0.661215 0.755061 0.037383 0.097166
1 0.359034 0.663968 0.049844 0.153846
1 0.211059 0.344130 0.017134 0.040486
1 0.391745 0.340081 0.014019 0.048583
1 0.760903 0.554656 0.024922 0.072874
1 0.506231 0.358300 0.009346 0.036437
1 0.525701 0.688259 0.034268 0.117409
0 0.515576 0.449393 0.015576 0.056680
1 0.226636 0.955466 0.024922 0.044534
0 0.767134 0.906883 0.048287 0.125506
0 0.545950 0.210526 0.048287 0.117409
0 0.408100 0.870445 0.074766 0.157895
0 0.714953 0.613360 0.012461 0.024291
1 0.286604 0.287449 0.034268 0.040486
1 0.343458 0.716599 0.045171 0.113360
1 0.575545 0.576923 0.074766 0.186235
1 0.851246 0.443320 0.026480 0.064777
1 0.242212 0.520243 0.029595 0.085020
1 0.120717 0.736842 0.032710 0.056680
0 0.724299 0.522267 0.012461 0.040486
0 0.749221 0.512146 0.015576 0.028340
0 0.072430 0.429150 0.038941 0.072874
