0 0.156542 0.502024 0.017134 0.024291
0 0.466511 0.176113 0.048287 0.117409
1 0.599688 0.884615 0.010903 0.036437
1 0.395639 0.354251 0.051402 0.194332
1 0.781931 0.558704 0.045171 0.101215
1 0.347352 0.145749 0.012461 0.036437
0 0.658100 0.684211 0.020249 0.048583
0 0.694704 0.534413 0.056075 0.161943
1 0.230530 0.123482 0.018692 0.052632
0 0.797508 0.196356 0.035826 0.093117
1 0.506231 0.346154 0.038941 0.052632
1 0.383178 0.548583 0.034268 0.105263
0 0.253894 0.477733 0.014019 0.036437
1 0.278037 0.771255 0.012461 0.036437
1 0.638629 0.279352 0.088785 0.206478
0 0.492212 0.495951 0.035826 0.093117
1 0.868380 0.285425 0.048287 0.157895
1 0.863707 0.690283 0.038941 0.117409
1 0.214953 0.862348 0.076324 0.186235
0 0.843458 0.402834 0.023364 0.036437
1 0.485202 0.534413 0.020249 0.060729
1 0.627726 0.603239 0.012461 0.024291
1 0.295171 0.591093 0.029595 0.056680
0 0.829439 0.694332 0.031153 0.109312
1 0.369938 0.279352 0.014019 0.020243
0 0.608255 0.789474 0.015576 0.048583
1 0.599688 0.593117 0.031153 0.080972
1 0.489875 0.852227 0.028037 0.056680
1 0.315421 0.783401 0.021807 0.068826
1 0.271028 0.200405 0.060748 0.097166
0 0.216511 0.297571 0.071651 0.178138
1 0.101246 0.380567 0.062305 0.157895
1 0.776480 0.726721 0.029595 0.085020
1 0.612150 0.704453 0.023364 0.085020
0 0.221963 0.419028 0.045171 0.125506
1 0.424455 0.564777 0.024922 0.089069
1 0.137072 0.502024 0.031153 0.101215
1 0.652648 0.137652 0.031153 0.068826
1 0.756231 0.544534 0.052960 0.064777
1 0.596573 0.629555 0.024922 0.044534
1 0.380062 0.710526 0.060748 0.117409
1 0.711059 0.637652 0.012461 0.036437
1 0.609813 0.388664 0.043614 0.101215
1 0.890966 0.619433 0.042056 0.125506
1 0.401090 0.281377 0.042056 0.097166
1 0.102025 0.933198 0.015576 0.024291
1 0.146417 0.297571 0.079439 0.194332
1 0.396417 0.773279 0.060748 0.149798
0 0.771807 0.319838 0.045171 0.153846
1 0.121495 0.176113 0.046729 0.129555
