0 0.391745 0.471660 0.017134 0.032389
0 0.795171 0.546559 0.014019 0.040486
1 0.253894 0.939271 0.020249 0.068826
0 0.415888 0.226721 0.045171 0.125506
0 0.676791 0.214575 0.054517 0.129555
1 0.874611 0.473684 0.088785 0.206478
1 0.598910 0.457490 0.045171 0.125506
0 0.569315 0.951417 0.010903 0.032389
1 0.446262 0.406883 0.017134 0.036437
1 0.262461 0.570850 0.057632 0.198381
0 0.484424 0.751012 0.010903 0.044534
1 0.194704 0.838057 0.029595 0.101215
0 0.910436 0.884615 0.032710 0.076923
1 0.805296 0.174089 0.087227 0.145749
1 0.530374 0.222672 0.031153 0.089069
1 0.933022 0.398785 0.034268 0.113360
1 0.884735 0.789474 0.035826 0.064777
1 0.130841 0.688259 0.024922 0.072874
0 0.299065 0.552632 0.051402 0.113360
1 0.447040 0.864372 0.049844 0.129555
0 0.556075 0.368421 0.049844 0.113360
0 0.386293 0.696356 0.037383 0.080972
1 0.192368 0.271255 0.010903 0.024291
1 0.605140 0.900810 0.028037 0.076923
1 0.208723 0.404858 0.010903 0.032389
1 0.253894 0.659919 0.040498 0.097166
0 0.658879 0.609312 0.017134 0.040486
0 0.228193 0.858300 0.054517 0.133603
1 0.508567 0.257085 0.056075 0.105263
1 0.911994 0.174089 0.014019 0.048583
