0 0.478193 0.287449 0.024922 0.064777
1 0.137850 0.698381 0.014019 0.032389
0 0.239875 0.321862 0.015576 0.028340
0 0.518692 0.850202 0.032710 0.072874
1 0.411994 0.327935 0.014019 0.036437
0 0.590343 0.842105 0.045171 0.080972
1 0.565421 0.331984 0.017134 0.085020
1 0.841121 0.882591 0.023364 0.048583
0 0.884735 0.742915 0.068536 0.153846
1 0.141745 0.309717 0.052960 0.145749
1 0.941589 0.779352 0.007788 0.028340
1 0.714953 0.384615 0.032710 0.085020
0 0.358255 0.277328 0.068536 0.121457
0 0.309969 0.163968 0.034268 0.097166
1 0.543614 0.364372 0.017134 0.056680
1 0.661215 0.289474 0.028037 0.076923
1 0.722741 0.787449 0.045171 0.145749
1 0.900312 0.540486 0.023364 0.056680
0 0.408879 0.406883 0.029595 0.064777
1 0.697819 0.479757 0.018692 0.052632
0 0.523364 0.548583 0.037383 0.093117
1 0.725078 0.283401 0.010903 0.048583
0 0.274143 0.176113 0.009346 0.024291
0 0.241433 0.659919 0.012461 0.028340
0 0.222741 0.700405 0.023364 0.072874
0 0.246106 0.307692 0.014019 0.044534
1 0.854361 0.271255 0.062305 0.198381
1 0.450935 0.287449 0.032710 0.080972
1 0.349688 0.929150 0.023364 0.052632
1 0.299844 0.787449 0.056075 0.145749
1 0.610592 0.562753 0.015576 0.032389
0 0.792835 0.799595 0.062305 0.178138
1 0.240654 0.787449 0.038941 0.101215
1 0.795950 0.273279 0.063863 0.174089
1 0.781153 0.390688 0.015576 0.044534
0 0.746106 0.313765 0.017134 0.060729
1 0.075545 0.582996 0.026480 0.089069
1 0.422118 0.321862 0.010903 0.024291
1 0.422897 0.374494 0.014019 0.020243
1 0.081776 0.761134 0.007788 0.020243
0 0.433801 0.819838 0.060748 0.145749
1 0.586449 0.647773 0.035826 0.085020
1 0.570093 0.570850 0.012461 0.032389
1 0.929128 0.388664 0.014019 0.032389
1 0.614486 0.340081 0.045171 0.133603
1 0.735981 0.834008 0.042056 0.129555
0 0.827103 0.406883 0.009346 0.036437
1 0.076324 0.471660 0.049844 0.080972
0 0.622274 0.564777 0.023364 0.052632
0 0.260125 0.670040 0.021807 0.072874
1 0.737539 0.149798 0.018692 0.044534
1 0.937695 0.864372 0.046729 0.125506
1 0.386293 0.807692 0.026480 0.076923
1 0.515576 0.253036 0.065421 0.161943
0 0.538941 0.396761 0.026480 0.052632
