1 0.758567 0.358300 0.054517 0.157895
1 0.888629 0.319838 0.018692 0.056680
1 0.362150 0.236842 0.010903 0.040486
1 0.387850 0.773279 0.014019 0.036437
1 0.517134 0.459514 0.018692 0.048583
0 0.318536 0.755061 0.060748 0.182186
1 0.415109 0.475709 0.035826 0.085020
1 0.580218 0.362348 0.073209 0.117409
0 0.764019 0.831984 0.037383 0.129555
0 0.737539 0.619433 0.063863 0.178138
1 0.539720 0.297571 0.048287 0.097166
0 0.223520 0.566802 0.045171 0.202429
0 0.909657 0.825911 0.037383 0.093117
1 0.112150 0.289474 0.101246 0.109312
0 0.288162 0.303644 0.038941 0.113360
1 0.753115 0.196356 0.045171 0.174089
1 0.820093 0.726721 0.021807 0.068826
1 0.771807 0.518219 0.009346 0.020243
1 0.437695 0.194332 0.014019 0.028340
1 0.153427 0.775304 0.096573 0.255061
0 0.923676 0.643725 0.018692 0.048583
0 0.890187 0.748988 0.048287 0.076923
0 0.080997 0.902834 0.021807 0.064777
0 0.833333 0.850202 0.015576 0.048583
1 0.611371 0.809717 0.042056 0.125506
0 0.305296 0.643725 0.020249 0.052632
1 0.455607 0.344130 0.014019 0.064777
0 0.887850 0.261134 0.009346 0.028340
0 0.541277 0.155870 0.021807 0.044534
1 0.164330 0.287449 0.031153 0.068826
1 0.272586 0.178138 0.021807 0.085020
1 0.204829 0.386640 0.014019 0.036437
0 0.379283 0.706478 0.015576 0.056680
1 0.254673 0.560729 0.045171 0.101215
1 0.442368 0.963563 0.018692 0.028340
1 0.605140 0.261134 0.040498 0.137652
1 0.441589 0.676113 0.012461 0.028340
0 0.566978 0.912955 0.031153 0.076923
1 0.341900 0.275304 0.012461 0.020243
1 0.704829 0.301619 0.048287 0.085020
0 0.052960 0.214575 0.018692 0.044534
0 0.685358 0.329960 0.034268 0.093117
1 0.351246 0.763158 0.012461 0.028340
0 0.709502 0.147773 0.020249 0.060729
1 0.922118 0.917004 0.024922 0.076923
0 0.842679 0.923077 0.017134 0.060729
0 0.433801 0.528340 0.056075 0.149798
1 0.071651 0.368421 0.062305 0.178138
1 0.595794 0.443320 0.042056 0.109312
0 0.365265 0.560729 0.014019 0.036437
1 0.713396 0.799595 0.037383 0.080972
1 0.866044 0.823887 0.049844 0.145749
1 0.319315 0.548583 0.017134 0.056680
1 0.796729 0.708502 0.017134 0.076923
1 0.859813 0.313765 0.043614 0.137652
1 0.897196 0.497976 0.015576 0.052632
1 0.806075 0.176113 0.038941 0.085020
0 0.124611 0.465587 0.043614 0.105263
1 0.365265 0.838057 0.028037 0.097166
