1 0.901090 0.176113 0.028037 0.068826
1 0.801402 0.892713 0.014019 0.032389
1 0.247664 0.283401 0.104361 0.311741
0 0.383178 0.206478 0.026480 0.072874
1 0.154984 0.261134 0.026480 0.085020
1 0.722741 0.230769 0.012461 0.036437
0 0.496885 0.661943 0.006231 0.020243
1 0.434579 0.641700 0.010903 0.028340
1 0.916667 0.147773 0.023364 0.052632
1 0.563084 0.261134 0.096573 0.218623
1 0.079439 0.212551 0.063863 0.141700
1 0.184579 0.198381 0.046729 0.089069
1 0.531931 0.427126 0.034268 0.076923
1 0.718847 0.340081 0.054517 0.121457
1 0.489097 0.564777 0.032710 0.089069
1 0.154206 0.663968 0.012461 0.036437
1 0.896417 0.556680 0.029595 0.068826
0 0.690031 0.172065 0.045171 0.105263
0 0.408100 0.825911 0.018692 0.044534
1 0.732087 0.712551 0.023364 0.064777
1 0.254673 0.653846 0.015576 0.044534
0 0.947040 0.159919 0.024922 0.068826
1 0.103583 0.360324 0.063863 0.165992
1 0.895639 0.370445 0.077882 0.129555
0 0.251558 0.562753 0.048287 0.089069
0 0.904206 0.617409 0.032710 0.089069
0 0.578660 0.821862 0.017134 0.040486
0 0.669003 0.244939 0.052960 0.141700
1 0.461838 0.617409 0.020249 0.072874
1 0.327882 0.550607 0.054517 0.117409
1 0.931464 0.714575 0.038941 0.097166
1 0.929128 0.933198 0.014019 0.028340
0 0.394860 0.684211 0.017134 0.048583
1 0.501558 0.402834 0.028037 0.109312
0 0.092679 0.593117 0.029595 0.072874
1 0.295950 0.844130 0.010903 0.024291
0 0.105140 0.923077 0.017134 0.040486
1 0.383956 0.599190 0.009346 0.032389
1 0.884735 0.566802 0.023364 0.056680
0 0.815421 0.301619 0.029595 0.085020
0 0.838785 0.829960 0.018692 0.040486
1 0.595794 0.647773 0.020249 0.044534
1 0.387850 0.775304 0.028037 0.068826
1 0.575545 0.894737 0.026480 0.048583
1 0.509346 0.453441 0.012461 0.028340
1 0.626947 0.127530 0.020249 0.028340
1 0.508567 0.856275 0.020249 0.052632
1 0.808411 0.204453 0.014019 0.032389
0 0.760125 0.419028 0.010903 0.028340
1 0.816978 0.748988 0.048287 0.097166
0 0.211059 0.564777 0.052960 0.113360
1 0.503894 0.912955 0.007788 0.020243
0 0.847352 0.384615 0.034268 0.085020
1 0.175234 0.404858 0.021807 0.060729
1 0.675234 0.293522 0.042056 0.157895
1 0.574766 0.746964 0.034268 0.113360
