1 0.524922 0.661943 0.017134 0.052632
0 0.342679 0.232794 0.007788 0.028340
1 0.724299 0.340081 0.065421 0.214575
1 0.428349 0.726721 0.024922 0.040486
1 0.123053 0.121457 0.015576 0.040486
1 0.306075 0.289474 0.024922 0.052632
0 0.862928 0.748988 0.079439 0.194332
0 0.492212 0.740891 0.015576 0.028340
1 0.531153 0.307692 0.071651 0.190283
0 0.744548 0.813765 0.017134 0.044534
1 0.178349 0.514170 0.020249 0.060729
1 0.155763 0.338057 0.088785 0.194332
0 0.494548 0.406883 0.009346 0.024291
0 0.750000 0.210526 0.015576 0.080972
1 0.451713 0.765182 0.031153 0.072874
0 0.679128 0.273279 0.082555 0.194332
1 0.562305 0.890688 0.029595 0.064777
1 0.683022 0.917004 0.035826 0.089069
0 0.609813 0.633603 0.032710 0.080972
1 0.570872 0.408907 0.010903 0.028340
1 0.499221 0.613360 0.028037 0.064777
1 0.587227 0.303644 0.032710 0.093117
1 0.355919 0.746964 0.020249 0.040486
0 0.554517 0.815789 0.012461 0.044534
1 0.839564 0.793522 0.063863 0.226721
1 0.577103 0.502024 0.070093 0.194332
1 0.344237 0.396761 0.015576 0.036437
0 0.075545 0.585020 0.014019 0.052632
1 0.242212 0.959514 0.017134 0.048583
0 0.194704 0.129555 0.015576 0.032389
1 0.356698 0.692308 0.015576 0.028340
0 0.240654 0.437247 0.029595 0.080972
1 0.859034 0.556680 0.048287 0.101215
