1 0.280374 0.593117 0.024922 0.113360
1 0.635514 0.631579 0.021807 0.052632
1 0.694704 0.597166 0.009346 0.020243
1 0.786604 0.437247 0.073209 0.161943
1 0.273364 0.350202 0.028037 0.060729
1 0.151090 0.528340 0.007788 0.036437
0 0.767134 0.953441 0.014019 0.048583
1 0.190031 0.524291 0.040498 0.121457
1 0.753894 0.261134 0.017134 0.036437
0 0.464953 0.491903 0.028037 0.072874
1 0.837227 0.210526 0.077882 0.174089
1 0.530374 0.149798 0.032710 0.101215
0 0.733645 0.194332 0.052960 0.129555
1 0.450935 0.408907 0.012461 0.040486
1 0.583333 0.872470 0.028037 0.080972
1 0.900312 0.722672 0.034268 0.076923
0 0.146417 0.854251 0.009346 0.024291
1 0.202492 0.321862 0.040498 0.076923
0 0.884735 0.504049 0.006231 0.012146
1 0.122274 0.603239 0.035826 0.121457
1 0.165888 0.868421 0.023364 0.052632
1 0.503115 0.904858 0.045171 0.153846
1 0.392523 0.888664 0.018692 0.048583
1 0.310748 0.352227 0.049844 0.137652
1 0.650312 0.281377 0.074766 0.182186
0 0.141745 0.740891 0.029595 0.072874
0 0.251558 0.390688 0.020249 0.052632
0 0.526480 0.295547 0.021807 0.064777
1 0.738318 0.665992 0.060748 0.133603
0 0.518692 0.491903 0.015576 0.036437
1 0.404206 0.619433 0.051402 0.210526
1 0.745327 0.489879 0.057632 0.113360
1 0.421340 0.182186 0.042056 0.133603
1 0.232866 0.779352 0.026480 0.093117
