1 0.643302 0.313765 0.045171 0.202429
1 0.547508 0.487854 0.035826 0.093117
0 0.573209 0.736842 0.032710 0.093117
0 0.918224 0.655870 0.037383 0.089069
1 0.105140 0.313765 0.065421 0.202429
1 0.271028 0.856275 0.031153 0.097166
1 0.109034 0.495951 0.012461 0.036437
0 0.219626 0.255061 0.068536 0.190283
1 0.233645 0.536437 0.015576 0.028340
0 0.676012 0.477733 0.028037 0.076923
1 0.250779 0.451417 0.037383 0.133603
0 0.098131 0.248988 0.059190 0.190283
0 0.647196 0.888664 0.012461 0.052632
0 0.887072 0.892713 0.020249 0.052632
1 0.698598 0.317814 0.035826 0.137652
1 0.147196 0.131579 0.017134 0.048583
0 0.517134 0.382591 0.065421 0.145749
1 0.426012 0.682186 0.017134 0.072874
1 0.069315 0.777328 0.052960 0.141700
0 0.933801 0.840081 0.032710 0.085020
0 0.683022 0.443320 0.028037 0.080972
1 0.366822 0.267206 0.017134 0.060729
0 0.847352 0.406883 0.051402 0.125506
1 0.658100 0.694332 0.014019 0.020243
1 0.739097 0.779352 0.065421 0.178138
1 0.102025 0.530364 0.006231 0.024291
0 0.463396 0.710526 0.017134 0.048583
1 0.695483 0.882591 0.021807 0.068826
1 0.830218 0.218623 0.051402 0.101215
1 0.182243 0.647773 0.007788 0.024291
1 0.457165 0.481781 0.007788 0.016194
1 0.509346 0.587045 0.049844 0.222672
1 0.862150 0.560729 0.020249 0.109312
1 0.352804 0.645749 0.040498 0.097166
1 0.562305 0.311741 0.023364 0.052632
0 0.123053 0.623482 0.052960 0.129555
1 0.563863 0.880567 0.032710 0.085020
1 0.254673 0.736842 0.060748 0.202429
1 0.677570 0.917004 0.014019 0.052632
1 0.187695 0.386640 0.007788 0.016194
1 0.773364 0.544534 0.045171 0.109312
0 0.110592 0.880567 0.059190 0.141700
1 0.578660 0.315789 0.034268 0.093117
1 0.357477 0.471660 0.062305 0.101215
1 0.721963 0.530364 0.020249 0.056680
1 0.935358 0.348178 0.042056 0.141700
0 0.471963 0.902834 0.059190 0.153846
1 0.365265 0.771255 0.038941 0.101215
1 0.164330 0.864372 0.057632 0.145749
0 0.241433 0.951417 0.023364 0.048583
1 0.871495 0.585020 0.015576 0.064777
