0 0.904206 0.508097 0.049844 0.157895
1 0.793614 0.455466 0.073209 0.214575
1 0.650312 0.621457 0.018692 0.032389
1 0.820093 0.791498 0.045171 0.117409
1 0.623053 0.163968 0.017134 0.056680
0 0.669003 0.941296 0.014019 0.036437
0 0.372274 0.621457 0.020249 0.040486
0 0.606698 0.702429 0.049844 0.109312
0 0.094237 0.244939 0.028037 0.072874
1 0.897196 0.643725 0.040498 0.109312
1 0.241433 0.708502 0.012461 0.032389
1 0.465732 0.392713 0.026480 0.137652
0 0.932243 0.580972 0.040498 0.121457
0 0.160436 0.153846 0.032710 0.089069
0 0.429907 0.495951 0.021807 0.064777
1 0.498442 0.334008 0.018692 0.044534
1 0.575545 0.726721 0.038941 0.093117
1 0.500779 0.755061 0.029595 0.060729
0 0.856698 0.558704 0.014019 0.036437
1 0.368380 0.902834 0.037383 0.125506
0 0.584891 0.601215 0.021807 0.060729
1 0.149533 0.358300 0.051402 0.125506
1 0.908879 0.386640 0.045171 0.109312
0 0.707165 0.560729 0.026480 0.068826
1 0.106698 0.570850 0.079439 0.117409
0 0.264798 0.192308 0.040498 0.105263
1 0.795950 0.593117 0.057632 0.113360
1 0.600467 0.803644 0.045171 0.137652
1 0.174455 0.912955 0.031153 0.085020
1 0.292056 0.838057 0.014019 0.024291
1 0.704829 0.672065 0.054517 0.085020
1 0.548287 0.133603 0.024922 0.064777
0 0.404984 0.382591 0.009346 0.020243
0 0.568536 0.317814 0.046729 0.105263
0 0.326324 0.730769 0.035826 0.085020
