0 0.286604 0.461538 0.014019 0.040486
1 0.133956 0.311741 0.020249 0.048583
1 0.819315 0.601215 0.060748 0.121457
1 0.322430 0.827935 0.060748 0.170040
1 0.672118 0.542510 0.032710 0.093117
1 0.721184 0.663968 0.021807 0.056680
0 0.463396 0.605263 0.010903 0.028340
0 0.496106 0.611336 0.014019 0.040486
1 0.246106 0.265182 0.046729 0.101215
1 0.563084 0.471660 0.090343 0.263158
1 0.395639 0.872470 0.006231 0.024291
1 0.193925 0.534413 0.028037 0.076923
1 0.128505 0.876518 0.021807 0.056680
1 0.729751 0.206478 0.045171 0.089069
1 0.489097 0.765182 0.066978 0.251012
1 0.237539 0.459514 0.026480 0.093117
1 0.082555 0.688259 0.088785 0.255061
1 0.920561 0.451417 0.046729 0.125506
1 0.764798 0.933198 0.018692 0.036437
0 0.513240 0.180162 0.023364 0.064777
1 0.193146 0.793522 0.035826 0.109312
1 0.744548 0.657895 0.007788 0.028340
0 0.246885 0.570850 0.017134 0.056680
1 0.226636 0.404858 0.018692 0.064777
1 0.730530 0.443320 0.006231 0.028340
1 0.144860 0.554656 0.012461 0.024291
1 0.189252 0.133603 0.017134 0.052632
0 0.083333 0.449393 0.023364 0.076923
0 0.179128 0.392713 0.026480 0.060729
1 0.359813 0.668016 0.043614 0.101215
0 0.126168 0.947368 0.012461 0.040486
1 0.179128 0.238866 0.010903 0.032389
1 0.124611 0.449393 0.007788 0.016194
1 0.360592 0.121457 0.007788 0.032389
1 0.860592 0.852227 0.031153 0.072874
0 0.753115 0.975709 0.012461 0.024291
0 0.716511 0.364372 0.032710 0.068826
1 0.577103 0.925101 0.020249 0.040486
1 0.794393 0.558704 0.034268 0.056680
1 0.349688 0.866397 0.049844 0.190283
0 0.445483 0.190283 0.003115 0.016194
1 0.370717 0.463563 0.049844 0.157895
1 0.517134 0.259109 0.040498 0.121457
1 0.180685 0.325911 0.026480 0.056680
1 0.711838 0.518219 0.024922 0.072874
1 0.749221 0.633603 0.009346 0.024291
1 0.285047 0.589069 0.029595 0.076923
0 0.666667 0.720648 0.020249 0.064777
1 0.870717 0.289474 0.018692 0.036437
0 0.450156 0.829960 0.012461 0.024291
1 0.562305 0.740891 0.032710 0.076923
1 0.091900 0.880567 0.043614 0.113360
1 0.651090 0.708502 0.026480 0.052632
0 0.096573 0.218623 0.012461 0.028340
0 0.900312 0.267206 0.009346 0.024291
0 0.363707 0.599190 0.023364 0.044534
1 0.242212 0.621457 0.024922 0.048583
1 0.149533 0.143725 0.034268 0.060729
