1 0.386293 0.487854 0.059190 0.178138
1 0.441589 0.404858 0.017134 0.044534
0 0.862928 0.325911 0.076324 0.202429
1 0.267913 0.366397 0.046729 0.141700
1 0.078660 0.894737 0.032710 0.072874
1 0.503894 0.789474 0.057632 0.157895
1 0.249221 0.204453 0.063863 0.129555
1 0.239875 0.429150 0.024922 0.060729
1 0.530374 0.370445 0.146417 0.291498
0 0.305296 0.338057 0.009346 0.028340
1 0.634735 0.819838 0.042056 0.129555
0 0.130841 0.672065 0.018692 0.040486
0 0.783489 0.597166 0.031153 0.060729
1 0.332555 0.500000 0.031153 0.117409
0 0.757788 0.117409 0.014019 0.040486
1 0.722741 0.356275 0.040498 0.072874
1 0.189252 0.906883 0.040498 0.101215
1 0.926012 0.854251 0.004673 0.020243
1 0.454829 0.180162 0.038941 0.133603
0 0.715732 0.437247 0.007788 0.024291
1 0.120717 0.465587 0.031153 0.060729
0 0.242991 0.878543 0.021807 0.044534
1 0.111371 0.350202 0.054517 0.174089
0 0.393302 0.840081 0.032710 0.165992
0 0.766355 0.785425 0.014019 0.048583
0 0.758567 0.429150 0.046729 0.121457
1 0.809190 0.489879 0.015576 0.048583
1 0.349688 0.265182 0.020249 0.044534
0 0.873832 0.720648 0.012461 0.036437
1 0.285826 0.625506 0.051402 0.117409
1 0.154984 0.188259 0.024922 0.072874
1 0.739875 0.791498 0.034268 0.072874
1 0.524143 0.222672 0.074766 0.145749
1 0.573209 0.538462 0.037383 0.089069
1 0.890966 0.587045 0.038941 0.105263
1 0.770249 0.232794 0.023364 0.060729
1 0.704829 0.155870 0.042056 0.068826
0 0.346573 0.334008 0.038941 0.089069
1 0.201713 0.485830 0.054517 0.149798
1 0.661215 0.801619 0.020249 0.044534
0 0.446262 0.574899 0.035826 0.097166
0 0.672897 0.388664 0.040498 0.105263
1 0.367601 0.354251 0.014019 0.040486
1 0.316978 0.352227 0.018692 0.060729
1 0.185358 0.740891 0.057632 0.153846
