1 0.213396 0.759109 0.051402 0.190283
1 0.839564 0.408907 0.026480 0.093117
0 0.592679 0.910931 0.021807 0.085020
1 0.133956 0.334008 0.017134 0.052632
0 0.263240 0.647773 0.038941 0.109312
1 0.345794 0.939271 0.006231 0.024291
0 0.538941 0.864372 0.085670 0.214575
1 0.264019 0.933198 0.012461 0.052632
1 0.121495 0.657895 0.034268 0.072874
1 0.220405 0.453441 0.010903 0.016194
0 0.563863 0.447368 0.057632 0.113360
1 0.183022 0.556680 0.042056 0.093117
0 0.424455 0.621457 0.006231 0.020243
0 0.619159 0.542510 0.063863 0.170040
1 0.795171 0.682186 0.079439 0.161943
0 0.605140 0.801619 0.042056 0.117409
1 0.648754 0.655870 0.026480 0.080972
1 0.455607 0.283401 0.054517 0.149798
0 0.448598 0.619433 0.015576 0.048583
1 0.438474 0.860324 0.014019 0.028340
0 0.472741 0.439271 0.065421 0.165992
1 0.357477 0.763158 0.054517 0.141700
0 0.172118 0.651822 0.037383 0.125506
1 0.780374 0.137652 0.009346 0.032389
1 0.834112 0.738866 0.084112 0.174089
0 0.371495 0.722672 0.070093 0.125506
1 0.142523 0.771255 0.021807 0.052632
1 0.419003 0.327935 0.031153 0.080972
1 0.839564 0.625506 0.056075 0.198381
0 0.721963 0.809717 0.026480 0.060729
0 0.642523 0.439271 0.031153 0.089069
1 0.199377 0.295547 0.071651 0.218623
1 0.182243 0.967611 0.007788 0.016194
1 0.750000 0.441296 0.017134 0.064777
0 0.092679 0.767206 0.023364 0.060729
0 0.936916 0.366397 0.023364 0.048583
0 0.342679 0.378543 0.034268 0.068826
0 0.363707 0.137652 0.017134 0.048583
1 0.518692 0.344130 0.009346 0.020243
0 0.075545 0.232794 0.038941 0.105263
1 0.763240 0.194332 0.037383 0.105263
0 0.132399 0.530364 0.065421 0.117409
0 0.876168 0.238866 0.026480 0.064777
0 0.750779 0.477733 0.010903 0.028340
