1 0.327882 0.477733 0.042056 0.089069
0 0.668224 0.641700 0.045171 0.068826
1 0.564642 0.514170 0.015576 0.032389
1 0.699377 0.267206 0.021807 0.032389
1 0.801402 0.396761 0.112150 0.331984
0 0.404206 0.657895 0.038941 0.093117
1 0.266355 0.757085 0.015576 0.032389
1 0.714174 0.967611 0.007788 0.016194
1 0.675234 0.410931 0.080997 0.182186
1 0.098910 0.670040 0.010903 0.028340
0 0.889408 0.793522 0.024922 0.064777
1 0.179907 0.457490 0.063863 0.141700
1 0.088006 0.155870 0.017134 0.040486
0 0.850467 0.809717 0.038941 0.133603
0 0.845794 0.682186 0.031153 0.076923
1 0.308411 0.435223 0.040498 0.105263
0 0.640966 0.182186 0.029595 0.048583
1 0.494548 0.570850 0.063863 0.117409
1 0.831776 0.823887 0.035826 0.085020
1 0.454050 0.255061 0.049844 0.129555
1 0.566978 0.220648 0.009346 0.044534
1 0.934579 0.287449 0.021807 0.064777
1 0.406542 0.226721 0.038941 0.137652
1 0.050623 0.781377 0.012461 0.040486
1 0.088785 0.451417 0.038941 0.161943
1 0.577882 0.732794 0.026480 0.076923
0 0.376168 0.445344 0.062305 0.145749
1 0.203271 0.206478 0.066978 0.129555
0 0.672118 0.570850 0.014019 0.032389
1 0.299844 0.204453 0.014019 0.044534
1 0.580218 0.848178 0.035826 0.121457
1 0.145639 0.755061 0.021807 0.064777
1 0.265576 0.342105 0.007788 0.020243
1 0.606698 0.617409 0.045171 0.117409
1 0.577882 0.688259 0.040498 0.097166
1 0.928349 0.595142 0.021807 0.076923
