0 0.415888 0.232794 0.020249 0.060729
0 0.299844 0.659919 0.023364 0.105263
1 0.267913 0.226721 0.007788 0.024291
1 0.785826 0.263158 0.020249 0.036437
1 0.501558 0.740891 0.010903 0.044534
0 0.193146 0.844130 0.031153 0.068826
1 0.328660 0.734818 0.029595 0.060729
1 0.845016 0.514170 0.035826 0.141700
1 0.531931 0.560729 0.046729 0.121457
0 0.600467 0.801619 0.048287 0.210526
1 0.404984 0.801619 0.056075 0.145749
1 0.549065 0.429150 0.071651 0.218623
1 0.375389 0.690283 0.032710 0.072874
0 0.491433 0.633603 0.012461 0.040486
1 0.077103 0.459514 0.031153 0.085020
1 0.223520 0.257085 0.017134 0.028340
0 0.190810 0.246964 0.023364 0.129555
0 0.131620 0.670040 0.093458 0.255061
1 0.348910 0.218623 0.026480 0.044534
0 0.461838 0.346154 0.026480 0.076923
0 0.545171 0.793522 0.020249 0.048583
1 0.647196 0.817814 0.056075 0.186235
0 0.479751 0.585020 0.034268 0.085020
0 0.802960 0.846154 0.048287 0.101215
0 0.739875 0.356275 0.028037 0.076923
1 0.433801 0.617409 0.071651 0.153846
1 0.799844 0.682186 0.023364 0.036437
1 0.627726 0.657895 0.056075 0.101215
0 0.831776 0.927126 0.018692 0.052632
1 0.086449 0.846154 0.032710 0.097166
1 0.778037 0.921053 0.010903 0.044534
0 0.639408 0.127530 0.014019 0.040486
0 0.202492 0.724696 0.009346 0.020243
1 0.630841 0.508097 0.051402 0.178138
1 0.481308 0.485830 0.056075 0.145749
1 0.784268 0.459514 0.017134 0.040486
0 0.378505 0.491903 0.087227 0.149798
1 0.215732 0.382591 0.037383 0.133603
0 0.160436 0.376518 0.045171 0.076923
1 0.431464 0.475709 0.021807 0.060729
0 0.647196 0.714575 0.051402 0.153846
1 0.830997 0.429150 0.046729 0.109312
0 0.334112 0.336032 0.077882 0.186235
0 0.912773 0.587045 0.029595 0.097166
1 0.749221 0.753036 0.068536 0.109312
