1 0.555296 0.795547 0.110592 0.238866
1 0.131620 0.123482 0.010903 0.032389
0 0.667445 0.200405 0.018692 0.052632
1 0.345016 0.617409 0.032710 0.060729
0 0.784268 0.973684 0.010903 0.028340
1 0.651869 0.639676 0.085670 0.226721
1 0.855919 0.706478 0.012461 0.036437
0 0.325545 0.473684 0.037383 0.056680
0 0.295950 0.348178 0.038941 0.137652
1 0.396417 0.819838 0.035826 0.076923
0 0.504673 0.204453 0.023364 0.060729
0 0.209502 0.659919 0.014019 0.036437
0 0.485981 0.457490 0.014019 0.040486
1 0.492212 0.665992 0.028037 0.076923
0 0.858255 0.900810 0.043614 0.101215
0 0.241433 0.437247 0.020249 0.076923
0 0.805296 0.214575 0.052960 0.097166
1 0.348910 0.740891 0.034268 0.097166
1 0.877726 0.331984 0.007788 0.020243
1 0.358255 0.196356 0.066978 0.182186
1 0.876168 0.386640 0.026480 0.105263
0 0.390187 0.329960 0.031153 0.093117
1 0.050623 0.653846 0.015576 0.060729
0 0.235202 0.151822 0.023364 0.040486
1 0.220405 0.281377 0.024922 0.072874
0 0.595016 0.572874 0.034268 0.105263
0 0.135514 0.846154 0.029595 0.072874
1 0.793614 0.823887 0.015576 0.068826
0 0.133956 0.910931 0.015576 0.040486
0 0.362150 0.941296 0.024922 0.060729
1 0.484424 0.578947 0.028037 0.060729
1 0.585670 0.269231 0.015576 0.044534
1 0.096573 0.803644 0.035826 0.089069
1 0.497664 0.603239 0.017134 0.056680
1 0.555296 0.945344 0.021807 0.076923
1 0.327103 0.813765 0.021807 0.044534
