0 0.914330 0.740891 0.010903 0.040486
1 0.937695 0.888664 0.038941 0.076923
1 0.246106 0.143725 0.028037 0.097166
0 0.766355 0.425101 0.020249 0.056680
0 0.253115 0.406883 0.015576 0.052632
1 0.630062 0.327935 0.051402 0.113360
1 0.154206 0.528340 0.049844 0.165992
1 0.769470 0.831984 0.042056 0.121457
0 0.187695 0.836032 0.021807 0.072874
1 0.739097 0.253036 0.037383 0.093117
0 0.320093 0.949393 0.021807 0.068826
1 0.939252 0.406883 0.015576 0.028340
0 0.323209 0.303644 0.048287 0.149798
0 0.546729 0.263158 0.062305 0.137652
0 0.271028 0.518219 0.024922 0.076923
1 0.633178 0.718623 0.020249 0.052632
1 0.239097 0.593117 0.054517 0.121457
0 0.931464 0.668016 0.043614 0.145749
1 0.129283 0.263158 0.026480 0.064777
1 0.609034 0.655870 0.032710 0.080972
0 0.942368 0.208502 0.009346 0.032389
1 0.467290 0.821862 0.024922 0.068826
0 0.159657 0.206478 0.054517 0.174089
0 0.112150 0.248988 0.012461 0.028340
1 0.894860 0.396761 0.042056 0.080972
0 0.316978 0.714575 0.035826 0.064777
1 0.623832 0.174089 0.038941 0.105263
1 0.422897 0.329960 0.020249 0.060729
1 0.199377 0.467611 0.014019 0.052632
0 0.559190 0.133603 0.024922 0.064777
1 0.521028 0.133603 0.015576 0.036437
0 0.365265 0.556680 0.014019 0.028340
1 0.760125 0.619433 0.054517 0.170040
1 0.674455 0.176113 0.018692 0.044534
0 0.380062 0.641700 0.037383 0.076923
1 0.094237 0.805668 0.007788 0.032389
0 0.651869 0.945344 0.012461 0.028340
1 0.112928 0.564777 0.037383 0.097166
0 0.332555 0.836032 0.017134 0.028340
1 0.218069 0.301619 0.020249 0.048583
1 0.553738 0.759109 0.043614 0.165992
1 0.310748 0.137652 0.037383 0.085020
0 0.467290 0.358300 0.034268 0.085020
0 0.223520 0.734818 0.020249 0.064777
1 0.202492 0.210526 0.032710 0.089069
0 0.857477 0.765182 0.056075 0.161943
0 0.887072 0.910931 0.009346 0.024291
1 0.792835 0.329960 0.028037 0.048583
1 0.225078 0.451417 0.021807 0.036437
0 0.782710 0.441296 0.020249 0.044534
0 0.237539 0.208502 0.021807 0.052632
1 0.501558 0.208502 0.049844 0.133603
1 0.321651 0.544534 0.007788 0.028340
1 0.397975 0.665992 0.032710 0.044534
