1 0.828660 0.702429 0.040498 0.121457
1 0.090343 0.649798 0.007788 0.032389
1 0.939252 0.384615 0.020249 0.060729
1 0.250000 0.358300 0.045171 0.093117
1 0.517134 0.364372 0.051402 0.145749
1 0.175234 0.516194 0.065421 0.129555
1 0.362928 0.927126 0.012461 0.032389
1 0.844237 0.242915 0.012461 0.028340
0 0.576324 0.502024 0.014019 0.044534
0 0.672897 0.224696 0.031153 0.133603
1 0.782710 0.497976 0.031153 0.052632
1 0.054517 0.738866 0.024922 0.076923
0 0.832555 0.510121 0.015576 0.032389
1 0.919782 0.404858 0.010903 0.040486
1 0.119159 0.244939 0.023364 0.056680
1 0.121495 0.151822 0.020249 0.036437
1 0.774922 0.230769 0.065421 0.174089
1 0.931464 0.623482 0.034268 0.089069
0 0.668224 0.518219 0.048287 0.149798
1 0.656542 0.206478 0.062305 0.145749
0 0.530374 0.295547 0.018692 0.068826
0 0.104361 0.929150 0.012461 0.036437
1 0.588006 0.621457 0.017134 0.076923
1 0.679128 0.362348 0.037383 0.113360
1 0.272586 0.874494 0.021807 0.060729
1 0.131620 0.876518 0.004673 0.012146
0 0.557632 0.325911 0.021807 0.056680
0 0.607477 0.888664 0.049844 0.125506
1 0.423676 0.364372 0.060748 0.161943
0 0.482866 0.809717 0.018692 0.097166
1 0.122274 0.670040 0.007788 0.028340
1 0.298287 0.716599 0.049844 0.125506
0 0.890187 0.512146 0.029595 0.089069
1 0.675234 0.811741 0.034268 0.109312
1 0.213396 0.878543 0.057632 0.117409
0 0.911994 0.657895 0.007788 0.024291
1 0.830218 0.910931 0.020249 0.068826
1 0.623053 0.542510 0.040498 0.117409
0 0.881620 0.242915 0.024922 0.068826
0 0.226636 0.508097 0.024922 0.072874
0 0.202492 0.945344 0.028037 0.064777
0 0.246885 0.684211 0.017134 0.064777
