1 0.709502 0.902834 0.051402 0.060729
1 0.461059 0.753036 0.012461 0.048583
1 0.049065 0.461538 0.023364 0.048583
0 0.308411 0.433198 0.034268 0.064777
1 0.605919 0.374494 0.045171 0.153846
1 0.393302 0.435223 0.038941 0.117409
1 0.566978 0.649798 0.020249 0.093117
1 0.202492 0.200405 0.031153 0.060729
0 0.092679 0.647773 0.059190 0.097166
1 0.264798 0.736842 0.010903 0.036437
1 0.909657 0.629555 0.043614 0.153846
1 0.661215 0.406883 0.084112 0.230769
0 0.390966 0.870445 0.049844 0.105263
1 0.246106 0.216599 0.040498 0.182186
0 0.917445 0.317814 0.012461 0.052632
0 0.394860 0.232794 0.028037 0.080972
0 0.931464 0.417004 0.049844 0.105263
1 0.109813 0.210526 0.048287 0.174089
1 0.858255 0.552632 0.018692 0.048583
1 0.815421 0.265182 0.035826 0.072874
0 0.795950 0.307692 0.007788 0.016194
1 0.247664 0.858300 0.038941 0.101215
0 0.787383 0.216599 0.032710 0.137652
0 0.414330 0.165992 0.024922 0.064777
0 0.866822 0.544534 0.017134 0.044534
0 0.630841 0.793522 0.026480 0.076923
0 0.437695 0.724696 0.010903 0.032389
1 0.727414 0.299595 0.031153 0.097166
0 0.822430 0.149798 0.012461 0.032389
1 0.196262 0.520243 0.045171 0.097166
