0 0.169782 0.659919 0.040498 0.080972
0 0.049844 0.514170 0.009346 0.020243
0 0.898754 0.819838 0.060748 0.137652
1 0.552960 0.605263 0.076324 0.242915
1 0.185358 0.777328 0.021807 0.056680
0 0.640966 0.809717 0.046729 0.133603
0 0.075545 0.740891 0.051402 0.137652
0 0.313084 0.244939 0.056075 0.129555
1 0.394081 0.744939 0.028037 0.072874
0 0.096573 0.283401 0.029595 0.064777
1 0.131620 0.597166 0.020249 0.044534
1 0.747664 0.390688 0.045171 0.093117
1 0.283489 0.906883 0.037383 0.089069
1 0.346573 0.888664 0.031153 0.093117
1 0.488318 0.269231 0.020249 0.056680
1 0.876168 0.495951 0.051402 0.101215
0 0.355919 0.208502 0.020249 0.044534
1 0.723520 0.615385 0.057632 0.080972
0 0.232866 0.568826 0.049844 0.161943
1 0.365265 0.526316 0.023364 0.097166
0 0.944704 0.461538 0.004673 0.016194
0 0.860592 0.742915 0.034268 0.101215
0 0.401090 0.759109 0.029595 0.068826
0 0.394081 0.226721 0.015576 0.040486
0 0.169782 0.303644 0.012461 0.024291
1 0.088006 0.536437 0.006231 0.020243
0 0.586449 0.485830 0.074766 0.161943
1 0.470405 0.319838 0.014019 0.056680
1 0.516355 0.842105 0.066978 0.178138
0 0.672897 0.858300 0.032710 0.105263
1 0.754673 0.451417 0.052960 0.137652
1 0.396417 0.463563 0.020249 0.040486
0 0.829439 0.439271 0.051402 0.117409
0 0.711059 0.313765 0.009346 0.028340
0 0.490654 0.471660 0.052960 0.121457
1 0.781931 0.852227 0.084112 0.206478
1 0.259346 0.710526 0.046729 0.113360
1 0.932243 0.380567 0.018692 0.044534
0 0.534268 0.489879 0.059190 0.145749
1 0.221184 0.457490 0.074766 0.234818
1 0.426791 0.724696 0.037383 0.072874
1 0.146417 0.520243 0.028037 0.068826
1 0.652648 0.483806 0.032710 0.097166
0 0.701713 0.467611 0.049844 0.117409
1 0.551402 0.269231 0.065421 0.141700
1 0.392523 0.635628 0.010903 0.024291
