0 0.925234 0.352227 0.024922 0.056680
1 0.239875 0.449393 0.015576 0.048583
0 0.662773 0.564777 0.004673 0.012146
1 0.554517 0.742915 0.028037 0.068826
1 0.646417 0.232794 0.066978 0.182186
1 0.455607 0.346154 0.018692 0.064777
0 0.895639 0.295547 0.026480 0.052632
1 0.229751 0.497976 0.020249 0.048583
1 0.307632 0.564777 0.020249 0.040486
1 0.501558 0.821862 0.028037 0.064777
1 0.093458 0.425101 0.076324 0.113360
0 0.158100 0.665992 0.010903 0.040486
1 0.725078 0.453441 0.010903 0.032389
0 0.465732 0.469636 0.035826 0.101215
0 0.723520 0.678138 0.010903 0.028340
1 0.670561 0.329960 0.043614 0.141700
0 0.804517 0.319838 0.035826 0.080972
1 0.208723 0.582996 0.012461 0.032389
1 0.850467 0.133603 0.014019 0.040486
1 0.598910 0.313765 0.073209 0.170040
0 0.399533 0.261134 0.026480 0.056680
1 0.203271 0.129555 0.026480 0.060729
0 0.071651 0.536437 0.020249 0.060729
1 0.349688 0.949393 0.018692 0.048583
1 0.130841 0.886640 0.028037 0.060729
0 0.691589 0.712551 0.015576 0.040486
1 0.799844 0.787449 0.028037 0.089069
1 0.828660 0.491903 0.032710 0.089069
0 0.593458 0.532389 0.040498 0.089069
1 0.887072 0.402834 0.040498 0.093117
1 0.323209 0.301619 0.026480 0.072874
1 0.547508 0.230769 0.035826 0.125506
0 0.171340 0.690283 0.006231 0.020243
0 0.292056 0.815789 0.088785 0.246964
1 0.904984 0.742915 0.035826 0.109312
1 0.373053 0.497976 0.023364 0.085020
0 0.678349 0.159919 0.059190 0.101215
1 0.783489 0.763158 0.018692 0.044534
0 0.650312 0.716599 0.020249 0.036437
1 0.818536 0.797571 0.017134 0.036437
1 0.341121 0.680162 0.024922 0.101215
1 0.731308 0.805668 0.034268 0.085020
1 0.221184 0.273279 0.062305 0.238866
1 0.911994 0.597166 0.012461 0.048583
1 0.387850 0.795547 0.024922 0.076923
0 0.131620 0.641700 0.004673 0.012146
1 0.380841 0.914980 0.024922 0.089069
1 0.354361 0.153846 0.029595 0.068826
1 0.156542 0.860324 0.026480 0.089069
1 0.728972 0.214575 0.034268 0.149798
0 0.861371 0.696356 0.006231 0.016194
0 0.591900 0.153846 0.018692 0.052632
1 0.930685 0.742915 0.010903 0.020243
1 0.843458 0.917004 0.062305 0.121457
1 0.512461 0.921053 0.028037 0.080972
1 0.305296 0.216599 0.014019 0.036437
1 0.280374 0.690283 0.079439 0.190283
1 0.569315 0.548583 0.023364 0.060729
1 0.475857 0.538462 0.031153 0.121457
