0 0.848910 0.546559 0.038941 0.076923
0 0.897975 0.297571 0.009346 0.028340
1 0.059190 0.530364 0.037383 0.105263
0 0.407321 0.613360 0.029595 0.085020
1 0.582555 0.131579 0.024922 0.068826
1 0.588785 0.222672 0.038941 0.105263
1 0.055296 0.248988 0.020249 0.056680
0 0.728972 0.297571 0.065421 0.182186
1 0.366044 0.137652 0.024922 0.044534
0 0.158879 0.281377 0.038941 0.101215
1 0.295171 0.834008 0.118380 0.295547
1 0.059969 0.445344 0.024922 0.052632
0 0.680685 0.862348 0.024922 0.076923
1 0.769470 0.309717 0.009346 0.036437
0 0.917445 0.297571 0.021807 0.060729
1 0.130062 0.248988 0.038941 0.109312
1 0.577882 0.518219 0.024922 0.064777
0 0.184579 0.366397 0.017134 0.048583
1 0.661994 0.925101 0.026480 0.060729
1 0.651869 0.370445 0.042056 0.072874
1 0.387850 0.698381 0.017134 0.060729
1 0.070872 0.564777 0.049844 0.089069
1 0.117601 0.825911 0.006231 0.024291
1 0.557632 0.222672 0.023364 0.072874
0 0.224299 0.364372 0.018692 0.048583
0 0.624611 0.319838 0.024922 0.056680
1 0.869938 0.338057 0.042056 0.097166
0 0.719626 0.536437 0.003115 0.020243
0 0.048287 0.676113 0.009346 0.024291
0 0.160436 0.607287 0.021807 0.089069
0 0.232087 0.419028 0.028037 0.068826
1 0.214174 0.815789 0.060748 0.178138
0 0.067757 0.657895 0.010903 0.028340
1 0.420561 0.528340 0.035826 0.121457
1 0.357477 0.803644 0.038941 0.093117
1 0.866822 0.196356 0.031153 0.076923
