1 0.443925 0.799595 0.018692 0.060729
1 0.785047 0.643725 0.043614 0.125506
0 0.125389 0.576923 0.070093 0.190283
0 0.400312 0.619433 0.009346 0.020243
1 0.197040 0.761134 0.010903 0.024291
1 0.316199 0.267206 0.012461 0.040486
1 0.626947 0.890688 0.070093 0.141700
0 0.529595 0.540486 0.034268 0.093117
0 0.610592 0.163968 0.015576 0.052632
1 0.400312 0.518219 0.012461 0.032389
1 0.650312 0.467611 0.026480 0.097166
1 0.437695 0.400810 0.021807 0.052632
0 0.658100 0.168016 0.023364 0.056680
0 0.323209 0.283401 0.009346 0.032389
1 0.744548 0.809717 0.045171 0.113360
0 0.811526 0.870445 0.032710 0.072874
0 0.413551 0.524291 0.015576 0.064777
0 0.675234 0.676113 0.029595 0.113360
0 0.537383 0.738866 0.079439 0.194332
1 0.235981 0.459514 0.056075 0.149798
1 0.224299 0.378543 0.037383 0.101215
1 0.278037 0.238866 0.040498 0.072874
0 0.304517 0.728745 0.045171 0.097166
0 0.068536 0.141700 0.004673 0.008097
1 0.866044 0.289474 0.028037 0.064777
1 0.672897 0.121457 0.018692 0.052632
0 0.357477 0.925101 0.042056 0.093117
1 0.232866 0.172065 0.020249 0.133603
1 0.361371 0.214575 0.065421 0.113360
1 0.737539 0.354251 0.035826 0.105263
0 0.214953 0.645749 0.066978 0.190283
0 0.331776 0.834008 0.062305 0.153846
1 0.813084 0.558704 0.023364 0.089069
1 0.578660 0.694332 0.040498 0.101215
0 0.249221 0.914980 0.015576 0.040486
1 0.825545 0.619433 0.056075 0.121457
1 0.764019 0.340081 0.040498 0.113360
1 0.623832 0.220648 0.028037 0.056680
0 0.820872 0.518219 0.024922 0.072874
1 0.644081 0.738866 0.032710 0.093117
1 0.711838 0.536437 0.032710 0.089069
1 0.767913 0.846154 0.040498 0.064777
1 0.584891 0.325911 0.029595 0.072874
1 0.253894 0.761134 0.071651 0.178138
0 0.547508 0.506073 0.045171 0.109312
0 0.155763 0.287449 0.032710 0.085020
1 0.475857 0.761134 0.037383 0.085020
1 0.251558 0.358300 0.043614 0.109312
1 0.514798 0.850202 0.029595 0.093117
1 0.634735 0.781377 0.042056 0.089069
0 0.795950 0.224696 0.059190 0.202429
0 0.334112 0.463563 0.076324 0.230769
0 0.466511 0.819838 0.010903 0.028340
