0 0.291277 0.601215 0.046729 0.089069
0 0.773364 0.522267 0.024922 0.052632
1 0.489875 0.281377 0.046729 0.113360
1 0.169003 0.364372 0.035826 0.076923
1 0.208723 0.718623 0.017134 0.044534
0 0.608255 0.623482 0.032710 0.097166
0 0.735981 0.281377 0.024922 0.052632
1 0.052960 0.817814 0.026480 0.064777
0 0.096573 0.779352 0.021807 0.056680
1 0.315421 0.230769 0.056075 0.242915
1 0.401869 0.564777 0.032710 0.117409
0 0.728193 0.127530 0.012461 0.028340
1 0.189252 0.609312 0.077882 0.145749
1 0.552181 0.495951 0.028037 0.064777
0 0.879283 0.378543 0.023364 0.048583
0 0.154206 0.226721 0.063863 0.117409
1 0.110592 0.257085 0.017134 0.060729
1 0.137850 0.607287 0.038941 0.137652
0 0.795171 0.734818 0.017134 0.056680
1 0.327103 0.388664 0.037383 0.093117
1 0.452492 0.174089 0.040498 0.109312
0 0.120717 0.111336 0.010903 0.028340
0 0.489097 0.789474 0.079439 0.226721
1 0.529595 0.453441 0.023364 0.056680
1 0.501558 0.878543 0.054517 0.125506
0 0.747664 0.817814 0.028037 0.076923
1 0.696262 0.236842 0.065421 0.157895
1 0.826324 0.821862 0.023364 0.048583
1 0.565421 0.305668 0.028037 0.068826
0 0.251558 0.364372 0.037383 0.080972
1 0.557632 0.734818 0.029595 0.101215
1 0.742212 0.876518 0.020249 0.040486
1 0.075545 0.293522 0.052960 0.129555
0 0.866044 0.880567 0.006231 0.016194
1 0.297508 0.801619 0.020249 0.048583
1 0.225857 0.248988 0.046729 0.145749
0 0.165888 0.734818 0.017134 0.044534
1 0.301402 0.953441 0.024922 0.060729
1 0.721963 0.576923 0.049844 0.117409
1 0.541277 0.912955 0.014019 0.040486
0 0.876168 0.795547 0.035826 0.105263
1 0.444704 0.668016 0.090343 0.327935
1 0.818536 0.619433 0.029595 0.072874
0 0.640187 0.532389 0.045171 0.117409
1 0.134735 0.502024 0.035826 0.089069
0 0.296729 0.419028 0.004673 0.012146
0 0.626168 0.390688 0.034268 0.113360
0 0.354361 0.726721 0.004673 0.016194
1 0.636293 0.222672 0.012461 0.024291
1 0.689252 0.338057 0.015576 0.048583
0 0.443146 0.356275 0.045171 0.133603
1 0.923676 0.829960 0.026480 0.072874
