0 0.558411 0.858300 0.024922 0.064777
0 0.369938 0.619433 0.015576 0.044534
1 0.241433 0.605263 0.034268 0.093117
1 0.423676 0.303644 0.003115 0.008097
1 0.945483 0.285425 0.026480 0.060729
1 0.814642 0.366397 0.021807 0.048583
0 0.908879 0.921053 0.007788 0.016194
1 0.387850 0.194332 0.037383 0.101215
0 0.666667 0.404858 0.031153 0.056680
0 0.894860 0.188259 0.007788 0.020243
1 0.157321 0.275304 0.045171 0.113360
0 0.176012 0.538462 0.015576 0.040486
0 0.647975 0.257085 0.029595 0.080972
1 0.561526 0.785425 0.021807 0.060729
1 0.285047 0.182186 0.020249 0.060729
1 0.736760 0.724696 0.006231 0.024291
1 0.531153 0.186235 0.042056 0.097166
0 0.757009 0.718623 0.023364 0.101215
1 0.422118 0.530364 0.031153 0.093117
1 0.503894 0.202429 0.056075 0.133603
0 0.708723 0.570850 0.009346 0.032389
1 0.834891 0.840081 0.026480 0.076923
1 0.404206 0.844130 0.032710 0.060729
1 0.461838 0.161943 0.038941 0.080972
1 0.159657 0.623482 0.046729 0.125506
1 0.773364 0.621457 0.023364 0.109312
0 0.172118 0.838057 0.017134 0.036437
1 0.828660 0.629555 0.073209 0.137652
1 0.295950 0.340081 0.031153 0.080972
0 0.749221 0.323887 0.037383 0.109312
1 0.930685 0.358300 0.010903 0.024291
1 0.550623 0.682186 0.043614 0.113360
0 0.201713 0.321862 0.060748 0.097166
0 0.325545 0.787449 0.015576 0.036437
1 0.593458 0.176113 0.071651 0.129555
1 0.517913 0.789474 0.040498 0.149798
1 0.786604 0.914980 0.015576 0.040486
0 0.638629 0.755061 0.032710 0.068826
1 0.841900 0.151822 0.028037 0.060729
1 0.545171 0.216599 0.035826 0.072874
0 0.263240 0.390688 0.051402 0.129555
1 0.492212 0.410931 0.014019 0.072874
0 0.113707 0.627530 0.021807 0.064777
1 0.559969 0.368421 0.059190 0.170040
0 0.496106 0.473684 0.032710 0.089069
1 0.169782 0.740891 0.040498 0.089069
0 0.825545 0.910931 0.040498 0.129555
1 0.394081 0.384615 0.010903 0.024291
0 0.217290 0.419028 0.049844 0.153846
1 0.631620 0.481781 0.021807 0.036437
1 0.829439 0.532389 0.077882 0.165992
0 0.448598 0.234818 0.009346 0.024291
1 0.647196 0.216599 0.035826 0.101215
1 0.320093 0.291498 0.046729 0.113360
1 0.726636 0.301619 0.029595 0.040486
1 0.373832 0.329960 0.021807 0.056680
