1 0.884735 0.955466 0.020249 0.056680
0 0.181464 0.331984 0.054517 0.153846
1 0.069315 0.172065 0.043614 0.125506
0 0.428349 0.688259 0.024922 0.072874
1 0.899533 0.888664 0.035826 0.056680
1 0.747664 0.759109 0.045171 0.085020
0 0.894860 0.210526 0.017134 0.048583
1 0.911994 0.481781 0.028037 0.072874
1 0.161994 0.491903 0.034268 0.085020
1 0.880062 0.437247 0.040498 0.125506
1 0.913551 0.773279 0.070093 0.186235
1 0.735202 0.880567 0.032710 0.052632
1 0.148754 0.864372 0.046729 0.109312
1 0.855919 0.599190 0.076324 0.283401
1 0.124611 0.558704 0.018692 0.052632
1 0.124611 0.394737 0.040498 0.072874
1 0.775701 0.489879 0.043614 0.064777
1 0.400312 0.706478 0.003115 0.012146
1 0.443925 0.451417 0.018692 0.044534
1 0.362150 0.937247 0.045171 0.072874
1 0.640187 0.222672 0.006231 0.028340
0 0.708723 0.740891 0.018692 0.072874
1 0.126947 0.291498 0.054517 0.145749
1 0.392523 0.279352 0.018692 0.040486
0 0.545171 0.390688 0.042056 0.072874
1 0.716511 0.317814 0.031153 0.064777
1 0.808411 0.631579 0.023364 0.040486
0 0.413551 0.817814 0.028037 0.064777
1 0.626947 0.698381 0.010903 0.036437
1 0.436916 0.210526 0.042056 0.149798
1 0.907321 0.226721 0.034268 0.064777
0 0.437695 0.382591 0.009346 0.032389
1 0.926791 0.139676 0.009346 0.012146
1 0.610592 0.947368 0.003115 0.016194
1 0.185358 0.524291 0.017134 0.068826
1 0.208723 0.255061 0.057632 0.109312
1 0.107477 0.651822 0.023364 0.072874
1 0.510903 0.508097 0.015576 0.040486
0 0.220405 0.157895 0.031153 0.080972
0 0.304517 0.323887 0.015576 0.036437
1 0.269470 0.848178 0.017134 0.032389
1 0.426012 0.647773 0.012461 0.036437
1 0.640966 0.860324 0.035826 0.117409
0 0.450156 0.643725 0.042056 0.093117
0 0.805296 0.431174 0.018692 0.060729
1 0.795171 0.265182 0.059190 0.101215
0 0.653427 0.526316 0.034268 0.080972
0 0.920561 0.919028 0.029595 0.064777
0 0.795171 0.844130 0.020249 0.048583
1 0.228193 0.767206 0.051402 0.190283
0 0.849688 0.884615 0.065421 0.149798
0 0.131620 0.163968 0.031153 0.064777
1 0.734424 0.475709 0.032710 0.093117
0 0.264798 0.287449 0.014019 0.036437
0 0.077103 0.477733 0.037383 0.064777
1 0.951713 0.641700 0.014019 0.068826
1 0.403427 0.469636 0.045171 0.125506
