1 0.456386 0.222672 0.056075 0.113360
1 0.435358 0.585020 0.010903 0.020243
1 0.900312 0.781377 0.024922 0.056680
0 0.687695 0.506073 0.023364 0.085020
1 0.382399 0.676113 0.031153 0.097166
1 0.718069 0.842105 0.018692 0.048583
0 0.931464 0.882591 0.043614 0.121457
1 0.517913 0.615385 0.023364 0.089069
0 0.500779 0.253036 0.079439 0.133603
0 0.859034 0.908907 0.014019 0.032389
1 0.186916 0.864372 0.017134 0.064777
1 0.309190 0.323887 0.037383 0.085020
0 0.400312 0.979757 0.009346 0.024291
0 0.775701 0.390688 0.110592 0.327935
0 0.130062 0.536437 0.045171 0.085020
0 0.555296 0.724696 0.060748 0.141700
1 0.679128 0.872470 0.032710 0.125506
1 0.387850 0.404858 0.048287 0.101215
1 0.584891 0.279352 0.026480 0.105263
0 0.781153 0.605263 0.048287 0.113360
0 0.145639 0.757085 0.023364 0.048583
1 0.934579 0.619433 0.035826 0.125506
0 0.373053 0.894737 0.020249 0.064777
1 0.316199 0.558704 0.046729 0.153846
0 0.959502 0.534413 0.006231 0.016194
0 0.922118 0.724696 0.018692 0.040486
0 0.907321 0.491903 0.010903 0.028340
1 0.638629 0.178138 0.056075 0.141700
1 0.868380 0.827935 0.014019 0.032389
0 0.702492 0.485830 0.029595 0.129555
1 0.341900 0.259109 0.040498 0.101215
1 0.929907 0.704453 0.021807 0.048583
1 0.574766 0.386640 0.035826 0.072874
1 0.928349 0.763158 0.018692 0.052632
