0 0.305296 0.860324 0.032710 0.093117
1 0.393302 0.305668 0.043614 0.117409
0 0.102804 0.218623 0.012461 0.016194
0 0.833333 0.259109 0.009346 0.028340
1 0.415888 0.554656 0.028037 0.093117
1 0.570872 0.232794 0.046729 0.125506
1 0.652648 0.210526 0.034268 0.076923
1 0.734424 0.542510 0.035826 0.080972
1 0.172118 0.751012 0.028037 0.060729
0 0.464953 0.447368 0.015576 0.032389
0 0.697819 0.951417 0.012461 0.024291
0 0.461838 0.222672 0.006231 0.028340
0 0.112150 0.890688 0.006231 0.016194
0 0.126168 0.295547 0.024922 0.056680
0 0.779595 0.182186 0.020249 0.056680
1 0.623053 0.540486 0.054517 0.101215
0 0.557632 0.876518 0.031153 0.093117
0 0.763240 0.200405 0.029595 0.060729
1 0.159657 0.858300 0.023364 0.085020
0 0.840343 0.829960 0.032710 0.097166
1 0.813863 0.481781 0.062305 0.174089
1 0.042835 0.576923 0.015576 0.068826
1 0.219626 0.544534 0.042056 0.097166
1 0.442368 0.651822 0.062305 0.117409
1 0.675234 0.404858 0.096573 0.259109
0 0.302960 0.441296 0.066978 0.149798
1 0.078660 0.497976 0.023364 0.032389
1 0.498442 0.329960 0.024922 0.052632
0 0.776480 0.609312 0.017134 0.036437
0 0.542056 0.718623 0.032710 0.093117
1 0.584112 0.858300 0.043614 0.161943
0 0.860592 0.172065 0.024922 0.056680
1 0.289720 0.336032 0.063863 0.178138
0 0.154984 0.394737 0.023364 0.044534
1 0.730530 0.670040 0.062305 0.161943
1 0.849688 0.313765 0.021807 0.060729
0 0.432243 0.157895 0.040498 0.089069
1 0.528816 0.186235 0.056075 0.137652
0 0.703271 0.168016 0.024922 0.052632
1 0.251558 0.825911 0.017134 0.044534
1 0.437695 0.398785 0.040498 0.093117
1 0.478972 0.202429 0.014019 0.040486
1 0.911994 0.311741 0.076324 0.145749
0 0.897975 0.423077 0.020249 0.052632
1 0.050623 0.275304 0.017134 0.032389
1 0.590343 0.329960 0.038941 0.085020
0 0.580997 0.799595 0.062305 0.121457
1 0.894081 0.649798 0.084112 0.214575
0 0.344237 0.542510 0.031153 0.060729
1 0.394081 0.672065 0.020249 0.056680
