0 0.450935 0.742915 0.018692 0.044534
0 0.317757 0.390688 0.023364 0.060729
1 0.836449 0.921053 0.023364 0.036437
1 0.801402 0.941296 0.020249 0.056680
1 0.727414 0.449393 0.032710 0.048583
1 0.173676 0.753036 0.049844 0.113360
0 0.580218 0.574899 0.017134 0.032389
1 0.662773 0.327935 0.060748 0.202429
1 0.741433 0.836032 0.040498 0.125506
0 0.485202 0.690283 0.015576 0.044534
0 0.503894 0.866397 0.051402 0.129555
1 0.588785 0.200405 0.070093 0.121457
0 0.592679 0.321862 0.020249 0.036437
1 0.909657 0.192308 0.023364 0.048583
0 0.141745 0.244939 0.020249 0.068826
0 0.440031 0.394737 0.095016 0.283401
1 0.837227 0.678138 0.020249 0.044534
0 0.464174 0.552632 0.014019 0.036437
1 0.146417 0.471660 0.057632 0.161943
1 0.756231 0.605263 0.042056 0.218623
1 0.767913 0.307692 0.020249 0.052632
0 0.540498 0.870445 0.012461 0.024291
1 0.172118 0.372470 0.043614 0.133603
1 0.588785 0.686235 0.031153 0.060729
1 0.243769 0.720648 0.105919 0.311741
1 0.940810 0.429150 0.012461 0.036437
1 0.228193 0.896761 0.042056 0.165992
1 0.704050 0.287449 0.028037 0.105263
1 0.364486 0.625506 0.048287 0.145749
0 0.864486 0.534413 0.023364 0.068826
