0 0.253115 0.564777 0.026480 0.076923
0 0.133178 0.198381 0.006231 0.016194
1 0.280374 0.935223 0.012461 0.032389
0 0.414330 0.554656 0.042056 0.125506
1 0.176012 0.366397 0.056075 0.125506
1 0.566978 0.884615 0.029595 0.072874
0 0.252336 0.659919 0.007788 0.016194
0 0.193925 0.637652 0.004673 0.012146
0 0.534268 0.728745 0.023364 0.076923
1 0.088785 0.605263 0.043614 0.109312
1 0.429907 0.852227 0.045171 0.105263
1 0.731308 0.595142 0.029595 0.044534
1 0.428349 0.285425 0.035826 0.133603
1 0.278816 0.838057 0.009346 0.024291
0 0.481308 0.708502 0.035826 0.093117
1 0.485981 0.325911 0.028037 0.068826
1 0.665109 0.352227 0.017134 0.036437
1 0.451713 0.176113 0.020249 0.052632
1 0.859034 0.251012 0.049844 0.105263
1 0.443146 0.453441 0.017134 0.028340
1 0.596573 0.740891 0.070093 0.194332
1 0.510125 0.603239 0.045171 0.121457
1 0.765576 0.263158 0.034268 0.072874
1 0.137850 0.218623 0.007788 0.016194
1 0.855919 0.398785 0.084112 0.246964
1 0.461838 0.914980 0.007788 0.024291
1 0.772586 0.686235 0.054517 0.113360
1 0.510903 0.356275 0.034268 0.080972
1 0.430685 0.180162 0.037383 0.072874
0 0.775701 0.174089 0.012461 0.036437
0 0.647196 0.777328 0.017134 0.048583
1 0.669003 0.161943 0.021807 0.048583
1 0.720405 0.336032 0.063863 0.161943
1 0.679128 0.198381 0.014019 0.032389
1 0.082555 0.198381 0.028037 0.101215
1 0.109813 0.864372 0.073209 0.137652
0 0.736760 0.165992 0.012461 0.032389
1 0.943925 0.722672 0.034268 0.093117
1 0.687695 0.939271 0.010903 0.024291
1 0.753894 0.589069 0.014019 0.064777
1 0.070872 0.516194 0.045171 0.113360
1 0.387850 0.455466 0.046729 0.113360
1 0.090343 0.712551 0.020249 0.076923
1 0.217290 0.502024 0.023364 0.068826
1 0.921340 0.257085 0.038941 0.165992
