0 0.449377 0.431174 0.040498 0.109312
0 0.361371 0.637652 0.032710 0.097166
0 0.286604 0.445344 0.021807 0.056680
0 0.126168 0.253036 0.026480 0.060729
1 0.600467 0.313765 0.023364 0.032389
0 0.332555 0.386640 0.020249 0.060729
0 0.197819 0.487854 0.024922 0.060729
1 0.302960 0.850202 0.012461 0.040486
0 0.922118 0.864372 0.043614 0.145749
1 0.155763 0.305668 0.046729 0.145749
1 0.150312 0.639676 0.054517 0.202429
0 0.559190 0.467611 0.063863 0.117409
1 0.887072 0.935223 0.017134 0.028340
0 0.836449 0.858300 0.021807 0.056680
1 0.707944 0.917004 0.020249 0.044534
0 0.361371 0.538462 0.034268 0.085020
1 0.939252 0.182186 0.031153 0.101215
1 0.872274 0.641700 0.049844 0.186235
1 0.353583 0.417004 0.043614 0.129555
1 0.600467 0.580972 0.046729 0.141700
1 0.347352 0.336032 0.031153 0.072874
1 0.088006 0.425101 0.032710 0.085020
1 0.466511 0.708502 0.020249 0.032389
1 0.268692 0.576923 0.043614 0.129555
0 0.778816 0.281377 0.032710 0.080972
1 0.792835 0.445344 0.045171 0.121457
1 0.828660 0.659919 0.018692 0.076923
0 0.704050 0.773279 0.024922 0.064777
1 0.114486 0.538462 0.048287 0.101215
1 0.696262 0.469636 0.051402 0.093117
1 0.156542 0.793522 0.035826 0.097166
0 0.091121 0.605263 0.021807 0.068826
1 0.398754 0.327935 0.023364 0.048583
1 0.415109 0.688259 0.063863 0.149798
1 0.071651 0.251012 0.031153 0.105263
1 0.164330 0.135628 0.014019 0.028340
1 0.193925 0.376518 0.043614 0.117409
0 0.215732 0.775304 0.037383 0.105263
0 0.536604 0.283401 0.023364 0.101215
1 0.897975 0.753036 0.020249 0.085020
1 0.270249 0.694332 0.014019 0.032389
1 0.383956 0.206478 0.015576 0.040486
0 0.296729 0.912955 0.014019 0.028340
1 0.336449 0.483806 0.032710 0.060729
0 0.523364 0.157895 0.015576 0.040486
0 0.723520 0.852227 0.031153 0.097166
1 0.667445 0.293522 0.063863 0.105263
