0 0.690031 0.204453 0.010903 0.028340
1 0.373832 0.670040 0.037383 0.076923
1 0.848910 0.878543 0.073209 0.133603
0 0.651090 0.704453 0.006231 0.024291
0 0.127726 0.317814 0.018692 0.052632
1 0.445483 0.125506 0.006231 0.016194
0 0.270249 0.554656 0.026480 0.076923
0 0.280374 0.182186 0.034268 0.141700
0 0.217290 0.453441 0.004673 0.008097
1 0.792835 0.631579 0.049844 0.097166
0 0.584891 0.481781 0.063863 0.097166
1 0.282710 0.888664 0.048287 0.149798
0 0.600467 0.751012 0.023364 0.068826
0 0.635514 0.769231 0.024922 0.056680
1 0.901869 0.404858 0.063863 0.153846
0 0.323988 0.489879 0.018692 0.048583
0 0.287383 0.336032 0.063863 0.121457
1 0.706386 0.647773 0.029595 0.056680
1 0.881620 0.793522 0.017134 0.064777
1 0.060748 0.522267 0.021807 0.048583
1 0.916667 0.591093 0.038941 0.080972
1 0.609813 0.945344 0.023364 0.056680
1 0.493769 0.791498 0.074766 0.311741
1 0.419003 0.742915 0.014019 0.044534
0 0.351246 0.489879 0.012461 0.028340
0 0.908100 0.536437 0.023364 0.056680
0 0.571651 0.659919 0.029595 0.105263
1 0.743769 0.315789 0.010903 0.032389
1 0.646417 0.817814 0.009346 0.020243
1 0.471184 0.485830 0.063863 0.210526
