0 0.806854 0.779352 0.017134 0.056680
1 0.499221 0.457490 0.040498 0.101215
1 0.548287 0.860324 0.009346 0.032389
0 0.929907 0.957490 0.020249 0.040486
0 0.709502 0.686235 0.026480 0.060729
0 0.409657 0.643725 0.057632 0.141700
1 0.380062 0.536437 0.018692 0.064777
1 0.517913 0.649798 0.023364 0.040486
1 0.592679 0.212551 0.035826 0.101215
1 0.530374 0.133603 0.038941 0.056680
1 0.116044 0.374494 0.014019 0.044534
1 0.933801 0.878543 0.054517 0.080972
1 0.557632 0.939271 0.012461 0.036437
1 0.693925 0.880567 0.017134 0.036437
1 0.088006 0.619433 0.021807 0.076923
0 0.919003 0.793522 0.009346 0.024291
1 0.383178 0.178138 0.034268 0.125506
1 0.923676 0.443320 0.043614 0.125506
1 0.794393 0.168016 0.040498 0.149798
0 0.178349 0.180162 0.023364 0.060729
0 0.455607 0.465587 0.026480 0.064777
1 0.234424 0.394737 0.042056 0.089069
1 0.483645 0.269231 0.045171 0.117409
1 0.846573 0.912955 0.040498 0.076923
1 0.610592 0.718623 0.040498 0.125506
0 0.938474 0.139676 0.029595 0.076923
1 0.214174 0.457490 0.015576 0.032389
1 0.528816 0.374494 0.021807 0.048583
0 0.590343 0.518219 0.051402 0.141700
0 0.830218 0.344130 0.034268 0.097166
1 0.200156 0.540486 0.014019 0.040486
0 0.438474 0.342105 0.020249 0.056680
1 0.463396 0.902834 0.014019 0.060729
0 0.806854 0.908907 0.046729 0.145749
1 0.567757 0.263158 0.026480 0.076923
1 0.895639 0.661943 0.031153 0.093117
1 0.697819 0.439271 0.015576 0.048583
1 0.301402 0.400810 0.040498 0.161943
0 0.701713 0.914980 0.032710 0.064777
1 0.297508 0.872470 0.015576 0.028340
1 0.211059 0.570850 0.031153 0.052632
1 0.396417 0.931174 0.028037 0.097166
1 0.842679 0.495951 0.020249 0.060729
0 0.182243 0.380567 0.015576 0.048583
0 0.542056 0.789474 0.007788 0.032389
1 0.739875 0.819838 0.026480 0.048583
1 0.635514 0.524291 0.034268 0.072874
