1 0.711838 0.714575 0.017134 0.056680
1 0.850467 0.473684 0.031153 0.056680
1 0.590343 0.688259 0.065421 0.121457
1 0.275701 0.607287 0.076324 0.178138
0 0.780374 0.192308 0.012461 0.036437
0 0.873053 0.663968 0.012461 0.028340
0 0.786604 0.941296 0.003115 0.016194
0 0.881620 0.848178 0.014019 0.036437
1 0.934579 0.461538 0.006231 0.016194
1 0.901869 0.712551 0.034268 0.068826
0 0.444704 0.218623 0.020249 0.052632
0 0.093458 0.313765 0.028037 0.089069
0 0.639408 0.682186 0.090343 0.198381
1 0.799065 0.651822 0.115265 0.238866
1 0.607477 0.368421 0.062305 0.186235
1 0.917445 0.874494 0.043614 0.080972
1 0.520249 0.831984 0.066978 0.137652
0 0.310748 0.216599 0.070093 0.161943
1 0.337227 0.615385 0.048287 0.101215
1 0.398754 0.894737 0.020249 0.040486
1 0.091900 0.392713 0.049844 0.089069
1 0.450156 0.564777 0.035826 0.165992
0 0.411994 0.659919 0.066978 0.255061
1 0.255452 0.886640 0.009346 0.028340
0 0.338785 0.710526 0.007788 0.020243
1 0.552181 0.536437 0.088785 0.210526
1 0.445483 0.327935 0.051402 0.121457
0 0.114486 0.196356 0.040498 0.089069
1 0.690810 0.720648 0.024922 0.056680
1 0.835670 0.178138 0.007788 0.016194
0 0.164330 0.593117 0.014019 0.048583
1 0.809969 0.767206 0.020249 0.064777
1 0.769470 0.813765 0.071651 0.170040
1 0.187695 0.479757 0.023364 0.080972
1 0.353583 0.896761 0.048287 0.141700
1 0.781153 0.293522 0.007788 0.020243
0 0.415888 0.473684 0.006231 0.016194
1 0.726636 0.611336 0.015576 0.056680
1 0.754673 0.510121 0.068536 0.105263
1 0.062305 0.196356 0.046729 0.105263
0 0.496106 0.479757 0.052960 0.149798
0 0.081776 0.578947 0.024922 0.085020
1 0.725857 0.797571 0.056075 0.113360
0 0.250000 0.688259 0.031153 0.080972
1 0.911215 0.748988 0.026480 0.060729
0 0.452492 0.244939 0.014019 0.036437
1 0.333333 0.917004 0.042056 0.097166
0 0.080997 0.678138 0.026480 0.097166
1 0.141745 0.356275 0.024922 0.040486
0 0.742212 0.771255 0.057632 0.137652
