1 0.694704 0.597166 0.009346 0.024291
0 0.359034 0.817814 0.010903 0.032389
1 0.772586 0.560729 0.031153 0.076923
1 0.606698 0.184211 0.042056 0.089069
0 0.491433 0.931174 0.028037 0.052632
1 0.838785 0.248988 0.032710 0.089069
1 0.333333 0.674089 0.043614 0.129555
1 0.463396 0.929150 0.020249 0.052632
0 0.649533 0.321862 0.015576 0.040486
0 0.260903 0.870445 0.010903 0.036437
1 0.257009 0.289474 0.021807 0.085020
1 0.436137 0.919028 0.043614 0.105263
1 0.194704 0.914980 0.012461 0.024291
0 0.471963 0.192308 0.049844 0.133603
0 0.721963 0.439271 0.051402 0.129555
1 0.899533 0.271255 0.070093 0.165992
0 0.123832 0.184211 0.010903 0.060729
0 0.650312 0.864372 0.004673 0.016194
0 0.513240 0.714575 0.040498 0.109312
1 0.169782 0.257085 0.049844 0.121457
0 0.226636 0.336032 0.017134 0.036437
1 0.070093 0.493927 0.054517 0.190283
1 0.080997 0.809717 0.043614 0.137652
1 0.827882 0.475709 0.029595 0.097166
1 0.852025 0.884615 0.032710 0.097166
0 0.580218 0.346154 0.042056 0.101215
1 0.581776 0.862348 0.043614 0.076923
1 0.729751 0.508097 0.032710 0.125506
0 0.804517 0.935223 0.026480 0.085020
0 0.859813 0.585020 0.032710 0.072874
0 0.774922 0.951417 0.017134 0.048583
1 0.858255 0.813765 0.048287 0.129555
0 0.611371 0.451417 0.070093 0.153846
1 0.768692 0.522267 0.017134 0.064777
1 0.691589 0.182186 0.014019 0.036437
1 0.269470 0.665992 0.052960 0.109312
0 0.390187 0.220648 0.042056 0.101215
1 0.196262 0.435223 0.015576 0.052632
1 0.306854 0.787449 0.066978 0.214575
0 0.707165 0.591093 0.021807 0.056680
0 0.369938 0.366397 0.007788 0.020243
0 0.347352 0.192308 0.034268 0.072874
1 0.191589 0.224696 0.068536 0.133603
