0 0.557632 0.198381 0.040498 0.101215
1 0.820093 0.914980 0.026480 0.072874
1 0.636293 0.321862 0.051402 0.170040
0 0.083333 0.342105 0.038941 0.093117
0 0.829439 0.599190 0.007788 0.024291
0 0.469626 0.629555 0.020249 0.060729
0 0.538941 0.791498 0.009346 0.028340
1 0.468069 0.380567 0.010903 0.020243
1 0.325545 0.943320 0.018692 0.072874
1 0.319315 0.591093 0.026480 0.085020
1 0.558411 0.261134 0.048287 0.121457
0 0.444704 0.147773 0.014019 0.032389
1 0.488318 0.155870 0.020249 0.060729
0 0.268692 0.710526 0.009346 0.052632
0 0.757788 0.795547 0.026480 0.080972
1 0.288162 0.402834 0.099688 0.218623
1 0.913551 0.609312 0.031153 0.052632
0 0.546729 0.360324 0.006231 0.016194
1 0.464953 0.692308 0.040498 0.129555
1 0.664330 0.524291 0.024922 0.060729
1 0.379283 0.425101 0.068536 0.137652
1 0.163551 0.230769 0.018692 0.048583
0 0.731308 0.163968 0.038941 0.105263
1 0.677570 0.421053 0.034268 0.129555
0 0.173676 0.880567 0.037383 0.101215
1 0.504673 0.493927 0.076324 0.133603
0 0.639408 0.457490 0.042056 0.101215
0 0.584891 0.702429 0.023364 0.064777
1 0.404984 0.856275 0.051402 0.109312
1 0.183801 0.753036 0.009346 0.020243
0 0.063863 0.186235 0.028037 0.060729
1 0.718847 0.813765 0.043614 0.121457
0 0.665888 0.188259 0.038941 0.133603
0 0.362150 0.728745 0.023364 0.097166
