1 0.714174 0.251012 0.017134 0.044534
1 0.255452 0.803644 0.024922 0.056680
0 0.676791 0.382591 0.040498 0.097166
1 0.624611 0.410931 0.088785 0.275304
1 0.302960 0.902834 0.018692 0.064777
1 0.322430 0.633603 0.035826 0.121457
0 0.760903 0.949393 0.004673 0.012146
1 0.364486 0.580972 0.023364 0.085020
0 0.389408 0.184211 0.018692 0.036437
0 0.268692 0.378543 0.037383 0.097166
1 0.077103 0.394737 0.024922 0.060729
1 0.295171 0.267206 0.012461 0.052632
0 0.900312 0.388664 0.006231 0.016194
0 0.642523 0.238866 0.066978 0.137652
0 0.729751 0.230769 0.012461 0.032389
1 0.352025 0.477733 0.045171 0.097166
0 0.250000 0.736842 0.009346 0.040486
1 0.615265 0.597166 0.035826 0.089069
1 0.552181 0.449393 0.046729 0.117409
1 0.260125 0.580972 0.018692 0.036437
1 0.308411 0.400810 0.018692 0.048583
1 0.116044 0.230769 0.024922 0.048583
1 0.449377 0.182186 0.020249 0.052632
1 0.229751 0.479757 0.026480 0.048583
0 0.840343 0.512146 0.037383 0.170040
0 0.444704 0.872470 0.051402 0.133603
1 0.229751 0.605263 0.032710 0.097166
0 0.169782 0.346154 0.063863 0.149798
0 0.404206 0.514170 0.059190 0.202429
0 0.830218 0.789474 0.070093 0.178138
1 0.170561 0.876518 0.014019 0.060729
1 0.411994 0.246964 0.020249 0.044534
0 0.063084 0.340081 0.031153 0.076923
