1 0.916667 0.506073 0.020249 0.068826
1 0.183801 0.455466 0.006231 0.016194
1 0.897196 0.777328 0.014019 0.072874
1 0.854361 0.259109 0.042056 0.109312
0 0.093458 0.360324 0.043614 0.182186
0 0.310748 0.202429 0.060748 0.137652
0 0.313863 0.753036 0.029595 0.072874
1 0.503894 0.587045 0.049844 0.153846
1 0.598910 0.437247 0.021807 0.072874
1 0.802181 0.344130 0.020249 0.056680
1 0.772586 0.892713 0.076324 0.121457
0 0.559190 0.639676 0.071651 0.165992
1 0.070872 0.538462 0.059190 0.137652
0 0.661994 0.659919 0.020249 0.064777
0 0.694704 0.358300 0.018692 0.060729
0 0.186916 0.536437 0.037383 0.080972
1 0.936916 0.321862 0.018692 0.060729
0 0.787383 0.159919 0.010903 0.028340
1 0.815421 0.558704 0.028037 0.076923
1 0.901869 0.572874 0.021807 0.068826
1 0.225078 0.510121 0.014019 0.032389
0 0.560748 0.287449 0.028037 0.064777
1 0.253115 0.291498 0.057632 0.157895
0 0.357477 0.578947 0.035826 0.089069
0 0.108255 0.767206 0.046729 0.121457
1 0.228193 0.726721 0.062305 0.064777
1 0.189252 0.601215 0.017134 0.028340
1 0.407321 0.807692 0.021807 0.044534
0 0.799844 0.556680 0.010903 0.024291
0 0.892523 0.354251 0.018692 0.044534
1 0.373832 0.670040 0.063863 0.165992
1 0.245327 0.560729 0.042056 0.117409
