0 0.899533 0.548583 0.038941 0.109312
0 0.225078 0.805668 0.032710 0.089069
1 0.330218 0.139676 0.028037 0.060729
0 0.704050 0.546559 0.006231 0.008097
0 0.887850 0.746964 0.038941 0.093117
0 0.154206 0.787449 0.021807 0.060729
1 0.589564 0.374494 0.026480 0.089069
1 0.301402 0.273279 0.015576 0.032389
0 0.233645 0.338057 0.006231 0.028340
1 0.328660 0.443320 0.038941 0.121457
1 0.248442 0.874494 0.012461 0.064777
0 0.323988 0.591093 0.037383 0.093117
0 0.561526 0.639676 0.046729 0.105263
0 0.364486 0.232794 0.034268 0.101215
0 0.292835 0.485830 0.029595 0.117409
0 0.742991 0.595142 0.034268 0.117409
1 0.749221 0.710526 0.031153 0.076923
0 0.105140 0.629555 0.034268 0.085020
0 0.217290 0.441296 0.021807 0.060729
0 0.496106 0.912955 0.015576 0.044534
1 0.515576 0.265182 0.037383 0.125506
0 0.238318 0.530364 0.015576 0.040486
1 0.158879 0.473684 0.082555 0.161943
0 0.817757 0.777328 0.010903 0.028340
1 0.853583 0.455466 0.015576 0.060729
1 0.120717 0.880567 0.042056 0.125506
0 0.801402 0.313765 0.007788 0.020243
1 0.805296 0.552632 0.038941 0.133603
1 0.672118 0.617409 0.031153 0.125506
0 0.154984 0.702429 0.014019 0.044534
0 0.287383 0.633603 0.012461 0.024291
1 0.792835 0.210526 0.065421 0.109312
1 0.453271 0.595142 0.012461 0.028340
0 0.256231 0.151822 0.021807 0.056680
0 0.809969 0.757085 0.012461 0.032389
0 0.102804 0.538462 0.049844 0.141700
1 0.267134 0.311741 0.024922 0.064777
1 0.182243 0.279352 0.046729 0.105263
1 0.507788 0.419028 0.037383 0.101215
0 0.638629 0.273279 0.068536 0.161943
1 0.288941 0.196356 0.020249 0.056680
1 0.218847 0.917004 0.017134 0.052632
1 0.193146 0.376518 0.015576 0.068826
1 0.629283 0.512146 0.060748 0.133603
0 0.870717 0.111336 0.012461 0.032389
1 0.094237 0.753036 0.031153 0.080972
