1 0.250000 0.538462 0.017134 0.044534
0 0.693146 0.651822 0.017134 0.056680
1 0.767134 0.951417 0.032710 0.056680
0 0.106698 0.676113 0.024922 0.064777
1 0.582555 0.868421 0.012461 0.024291
0 0.449377 0.530364 0.073209 0.145749
0 0.403427 0.668016 0.032710 0.109312
1 0.503894 0.827935 0.038941 0.129555
1 0.470405 0.170040 0.015576 0.048583
1 0.835670 0.471660 0.065421 0.251012
1 0.722741 0.923077 0.049844 0.109312
1 0.582555 0.708502 0.034268 0.097166
1 0.175234 0.748988 0.068536 0.210526
0 0.542835 0.661943 0.028037 0.080972
1 0.292835 0.248988 0.057632 0.109312
0 0.572430 0.311741 0.052960 0.170040
0 0.308411 0.437247 0.009346 0.024291
0 0.640966 0.882591 0.009346 0.020243
1 0.378505 0.419028 0.051402 0.121457
1 0.117601 0.572874 0.040498 0.093117
0 0.617601 0.844130 0.009346 0.032389
1 0.887850 0.495951 0.023364 0.076923
0 0.204050 0.228745 0.042056 0.076923
1 0.662773 0.170040 0.017134 0.040486
0 0.956386 0.291498 0.012461 0.056680
1 0.369159 0.868421 0.037383 0.113360
0 0.330218 0.443320 0.031153 0.068826
1 0.403427 0.921053 0.035826 0.101215
0 0.730530 0.147773 0.017134 0.048583
0 0.940031 0.655870 0.018692 0.056680
0 0.717290 0.641700 0.024922 0.052632
1 0.495327 0.354251 0.035826 0.121457
1 0.581776 0.548583 0.049844 0.149798
0 0.711059 0.366397 0.007788 0.028340
1 0.272586 0.214575 0.029595 0.080972
1 0.790498 0.878543 0.038941 0.105263
0 0.450156 0.226721 0.046729 0.125506
1 0.237539 0.771255 0.045171 0.085020
1 0.188474 0.864372 0.032710 0.101215
0 0.135514 0.447368 0.043614 0.113360
0 0.380062 0.556680 0.070093 0.194332
1 0.631620 0.500000 0.048287 0.093117
0 0.396417 0.317814 0.017134 0.068826
0 0.602804 0.461538 0.035826 0.113360
1 0.901090 0.159919 0.031153 0.089069
0 0.743769 0.133603 0.007788 0.024291
1 0.085670 0.811741 0.031153 0.097166
1 0.813863 0.825911 0.014019 0.056680
0 0.623053 0.392713 0.012461 0.028340
1 0.813863 0.629555 0.091900 0.259109
1 0.771807 0.639676 0.049844 0.271255
