1 0.876947 0.591093 0.031153 0.097166
0 0.390966 0.253036 0.040498 0.117409
1 0.197819 0.224696 0.018692 0.068826
0 0.332555 0.914980 0.037383 0.097166
1 0.478193 0.734818 0.010903 0.028340
0 0.767913 0.538462 0.010903 0.028340
0 0.690031 0.878543 0.040498 0.072874
1 0.875389 0.477733 0.054517 0.093117
1 0.861371 0.309717 0.026480 0.076923
1 0.370717 0.530364 0.060748 0.210526
1 0.242991 0.491903 0.026480 0.068826
1 0.102025 0.882591 0.037383 0.165992
1 0.830218 0.269231 0.012461 0.036437
1 0.742991 0.767206 0.065421 0.149798
1 0.677570 0.398785 0.045171 0.230769
0 0.732866 0.176113 0.018692 0.032389
0 0.060748 0.388664 0.023364 0.064777
1 0.120717 0.269231 0.010903 0.040486
1 0.815421 0.402834 0.024922 0.089069
0 0.924455 0.451417 0.024922 0.064777
1 0.556075 0.425101 0.051402 0.093117
0 0.368380 0.917004 0.042056 0.129555
1 0.629283 0.153846 0.032710 0.068826
0 0.140966 0.969636 0.014019 0.036437
1 0.924455 0.787449 0.049844 0.109312
0 0.221184 0.627530 0.015576 0.040486
0 0.221963 0.560729 0.006231 0.020243
1 0.233645 0.285425 0.010903 0.016194
0 0.437695 0.307692 0.060748 0.170040
0 0.855140 0.599190 0.042056 0.052632
1 0.943146 0.421053 0.029595 0.064777
1 0.897975 0.502024 0.037383 0.121457
0 0.328660 0.856275 0.034268 0.113360
0 0.549065 0.360324 0.023364 0.044534
0 0.327103 0.789474 0.049844 0.117409
1 0.596573 0.313765 0.012461 0.032389
1 0.866044 0.526316 0.049844 0.093117
1 0.584891 0.702429 0.043614 0.137652
0 0.156542 0.686235 0.034268 0.121457
1 0.642523 0.591093 0.017134 0.028340
1 0.847352 0.757085 0.018692 0.040486
1 0.866822 0.141700 0.017134 0.056680
1 0.071651 0.712551 0.032710 0.137652
1 0.479751 0.206478 0.034268 0.060729
0 0.062305 0.607287 0.043614 0.165992
1 0.433022 0.412955 0.042056 0.093117
0 0.816199 0.153846 0.024922 0.056680
1 0.887072 0.779352 0.012461 0.032389
1 0.531931 0.647773 0.017134 0.052632
1 0.936137 0.522267 0.010903 0.028340
0 0.673676 0.819838 0.010903 0.028340
1 0.372274 0.376518 0.059190 0.170040
1 0.723520 0.303644 0.071651 0.186235
1 0.285826 0.331984 0.090343 0.242915
1 0.898754 0.376518 0.045171 0.137652
0 0.480530 0.289474 0.010903 0.036437
1 0.283489 0.605263 0.059190 0.214575
0 0.194704 0.481781 0.018692 0.048583
