1 0.593458 0.500000 0.021807 0.024291
0 0.845794 0.410931 0.024922 0.060729
0 0.121495 0.678138 0.018692 0.060729
1 0.461059 0.838057 0.056075 0.137652
0 0.796729 0.720648 0.020249 0.052632
1 0.441589 0.281377 0.045171 0.121457
1 0.249221 0.702429 0.042056 0.161943
0 0.911215 0.514170 0.020249 0.060729
0 0.314642 0.283401 0.063863 0.153846
1 0.843458 0.692308 0.029595 0.129555
1 0.545171 0.902834 0.034268 0.072874
0 0.231308 0.848178 0.017134 0.044534
1 0.066199 0.257085 0.037383 0.076923
1 0.415888 0.605263 0.021807 0.093117
1 0.852804 0.593117 0.040498 0.085020
1 0.901869 0.360324 0.014019 0.036437
1 0.399533 0.372470 0.046729 0.109312
1 0.338006 0.949393 0.017134 0.056680
1 0.326324 0.785425 0.020249 0.048583
0 0.629283 0.188259 0.018692 0.036437
1 0.354361 0.506073 0.021807 0.064777
1 0.563084 0.799595 0.082555 0.161943
1 0.630062 0.884615 0.010903 0.048583
0 0.664330 0.621457 0.037383 0.113360
1 0.619938 0.696356 0.038941 0.093117
1 0.378505 0.890688 0.056075 0.137652
1 0.507788 0.514170 0.037383 0.133603
0 0.728972 0.629555 0.056075 0.149798
0 0.460280 0.665992 0.004673 0.012146
1 0.257009 0.888664 0.009346 0.036437
1 0.159657 0.477733 0.007788 0.028340
0 0.637072 0.544534 0.026480 0.076923
1 0.677570 0.336032 0.006231 0.020243
1 0.497664 0.439271 0.038941 0.117409
1 0.201713 0.483806 0.040498 0.133603
0 0.738318 0.870445 0.006231 0.016194
1 0.111371 0.182186 0.020249 0.072874
1 0.667445 0.299595 0.010903 0.028340
0 0.769470 0.757085 0.048287 0.125506
1 0.088785 0.445344 0.010903 0.032389
0 0.212617 0.329960 0.066978 0.190283
1 0.610592 0.639676 0.043614 0.137652
0 0.529595 0.661943 0.015576 0.052632
0 0.376168 0.722672 0.026480 0.060729
0 0.714174 0.172065 0.028037 0.056680
1 0.640187 0.738866 0.010903 0.028340
0 0.558411 0.712551 0.035826 0.085020
