0 0.584891 0.392713 0.007788 0.012146
0 0.823209 0.698381 0.015576 0.036437
1 0.745327 0.414980 0.023364 0.060729
1 0.371495 0.485830 0.042056 0.161943
1 0.187695 0.670040 0.014019 0.040486
1 0.143302 0.372470 0.009346 0.024291
1 0.078660 0.131579 0.015576 0.036437
1 0.768692 0.866397 0.009346 0.024291
1 0.288941 0.202429 0.028037 0.085020
1 0.469626 0.621457 0.048287 0.153846
0 0.304517 0.892713 0.031153 0.133603
1 0.726636 0.751012 0.037383 0.085020
1 0.760903 0.688259 0.051402 0.157895
0 0.617601 0.615385 0.062305 0.279352
1 0.530374 0.406883 0.038941 0.101215
1 0.084112 0.433198 0.074766 0.174089
0 0.921340 0.287449 0.043614 0.149798
1 0.198598 0.188259 0.068536 0.101215
1 0.140966 0.908907 0.009346 0.028340
1 0.422118 0.358300 0.034268 0.064777
1 0.459502 0.261134 0.028037 0.076923
0 0.616822 0.151822 0.009346 0.020243
0 0.708723 0.550607 0.015576 0.048583
0 0.866044 0.461538 0.043614 0.093117
1 0.265576 0.469636 0.082555 0.202429
0 0.838785 0.317814 0.031153 0.072874
0 0.066199 0.813765 0.056075 0.141700
0 0.897196 0.299595 0.024922 0.072874
1 0.489097 0.354251 0.010903 0.028340
0 0.161215 0.319838 0.007788 0.016194
0 0.646417 0.406883 0.021807 0.052632
0 0.531153 0.182186 0.043614 0.129555
1 0.190810 0.925101 0.026480 0.068826
1 0.080218 0.688259 0.034268 0.121457
1 0.867601 0.321862 0.028037 0.117409
0 0.410436 0.202429 0.024922 0.052632
1 0.492212 0.649798 0.043614 0.113360
1 0.639408 0.912955 0.014019 0.044534
1 0.542056 0.574899 0.062305 0.170040
0 0.823209 0.900810 0.040498 0.093117
1 0.402648 0.580972 0.020249 0.060729
0 0.101246 0.281377 0.026480 0.117409
0 0.650312 0.182186 0.045171 0.178138
1 0.903427 0.396761 0.068536 0.186235
1 0.688474 0.372470 0.048287 0.109312
0 0.624611 0.348178 0.024922 0.064777
1 0.458723 0.819838 0.029595 0.068826
0 0.281153 0.248988 0.024922 0.060729
