1 0.697819 0.323887 0.020249 0.040486
1 0.612928 0.208502 0.034268 0.097166
1 0.261682 0.868421 0.034268 0.093117
0 0.235202 0.455466 0.060748 0.137652
1 0.786604 0.174089 0.026480 0.068826
0 0.471963 0.479757 0.021807 0.044534
1 0.862150 0.787449 0.018692 0.056680
1 0.919003 0.726721 0.057632 0.206478
0 0.684579 0.556680 0.020249 0.048583
0 0.050623 0.493927 0.029595 0.080972
0 0.901869 0.263158 0.028037 0.044534
1 0.926791 0.309717 0.009346 0.024291
1 0.123053 0.761134 0.052960 0.137652
0 0.648754 0.461538 0.023364 0.076923
1 0.626947 0.350202 0.042056 0.165992
1 0.110592 0.232794 0.043614 0.072874
1 0.945483 0.858300 0.017134 0.044534
1 0.521807 0.680162 0.052960 0.153846
1 0.316199 0.248988 0.099688 0.178138
1 0.555296 0.874494 0.074766 0.145749
1 0.798287 0.516194 0.018692 0.056680
0 0.569315 0.157895 0.020249 0.048583
0 0.117601 0.368421 0.014019 0.032389
0 0.433801 0.412955 0.052960 0.178138
0 0.169003 0.591093 0.021807 0.060729
1 0.573988 0.212551 0.009346 0.016194
1 0.907321 0.870445 0.026480 0.036437
0 0.478972 0.836032 0.045171 0.141700
1 0.454050 0.645749 0.043614 0.190283
1 0.231308 0.777328 0.031153 0.085020
1 0.169782 0.445344 0.029595 0.076923
0 0.778037 0.896761 0.043614 0.133603
1 0.242212 0.550607 0.028037 0.052632
1 0.503894 0.570850 0.042056 0.089069
0 0.254673 0.334008 0.010903 0.024291
1 0.849688 0.489879 0.037383 0.133603
1 0.237539 0.163968 0.034268 0.072874
1 0.247664 0.670040 0.043614 0.052632
0 0.815421 0.943320 0.029595 0.076923
1 0.666667 0.524291 0.010903 0.028340
0 0.707165 0.289474 0.024922 0.072874
1 0.775701 0.336032 0.029595 0.060729
1 0.863707 0.143725 0.028037 0.064777
1 0.757009 0.619433 0.029595 0.097166
1 0.142523 0.568826 0.023364 0.056680
1 0.379283 0.838057 0.029595 0.048583
