0 0.338785 0.111336 0.017134 0.028340
1 0.429128 0.864372 0.020249 0.052632
0 0.163551 0.593117 0.029595 0.072874
1 0.880841 0.562753 0.049844 0.117409
1 0.080218 0.528340 0.023364 0.048583
0 0.783489 0.504049 0.062305 0.170040
0 0.424455 0.151822 0.035826 0.076923
1 0.798287 0.850202 0.023364 0.060729
1 0.314642 0.346154 0.026480 0.085020
0 0.059190 0.931174 0.012461 0.040486
0 0.740654 0.449393 0.029595 0.080972
0 0.196262 0.878543 0.021807 0.080972
1 0.526480 0.740891 0.024922 0.056680
1 0.070093 0.589069 0.060748 0.105263
0 0.195483 0.651822 0.017134 0.040486
0 0.655763 0.623482 0.021807 0.056680
1 0.089564 0.773279 0.017134 0.040486
0 0.681464 0.724696 0.010903 0.024291
1 0.732087 0.720648 0.037383 0.097166
1 0.228193 0.406883 0.010903 0.020243
1 0.517134 0.327935 0.032710 0.101215
1 0.104361 0.538462 0.049844 0.113360
1 0.794393 0.801619 0.031153 0.072874
0 0.862928 0.240891 0.096573 0.251012
0 0.559969 0.386640 0.026480 0.105263
1 0.682243 0.607287 0.049844 0.085020
1 0.883178 0.831984 0.070093 0.137652
1 0.361371 0.943320 0.034268 0.076923
1 0.377726 0.710526 0.026480 0.113360
0 0.450156 0.336032 0.028037 0.080972
0 0.696262 0.471660 0.045171 0.080972
1 0.614486 0.767206 0.029595 0.056680
0 0.781931 0.257085 0.040498 0.105263
0 0.204829 0.514170 0.038941 0.145749
1 0.792835 0.700405 0.060748 0.113360
1 0.467290 0.538462 0.088785 0.109312
0 0.404206 0.700405 0.018692 0.056680
1 0.728193 0.684211 0.028037 0.105263
0 0.191589 0.362348 0.032710 0.072874
1 0.779595 0.933198 0.010903 0.028340
1 0.386293 0.927126 0.020249 0.060729
1 0.114486 0.842105 0.014019 0.036437
0 0.497664 0.206478 0.051402 0.157895
1 0.303738 0.730769 0.015576 0.044534
1 0.698598 0.696356 0.023364 0.056680
0 0.065421 0.378543 0.015576 0.052632
1 0.262461 0.963563 0.006231 0.040486
1 0.511682 0.611336 0.060748 0.129555
1 0.060748 0.461538 0.049844 0.093117
1 0.128505 0.461538 0.056075 0.105263
1 0.408100 0.842105 0.012461 0.052632
0 0.314642 0.834008 0.034268 0.089069
0 0.182243 0.386640 0.014019 0.080972
1 0.721963 0.473684 0.029595 0.072874
1 0.599688 0.872470 0.034268 0.085020
1 0.336449 0.425101 0.026480 0.064777
1 0.421340 0.718623 0.014019 0.044534
1 0.388629 0.564777 0.054517 0.238866
