1 0.929128 0.455466 0.017134 0.052632
1 0.306075 0.585020 0.040498 0.137652
1 0.749221 0.690283 0.091900 0.129555
0 0.645639 0.214575 0.038941 0.080972
1 0.539720 0.724696 0.051402 0.121457
0 0.814642 0.344130 0.062305 0.117409
0 0.844237 0.767206 0.088785 0.157895
1 0.845794 0.898785 0.023364 0.044534
1 0.285826 0.969636 0.010903 0.032389
1 0.170561 0.714575 0.031153 0.048583
1 0.211059 0.902834 0.046729 0.109312
0 0.618380 0.297571 0.051402 0.113360
1 0.453271 0.631579 0.012461 0.024291
1 0.482087 0.374494 0.020249 0.048583
1 0.108255 0.769231 0.032710 0.052632
1 0.706386 0.234818 0.052960 0.121457
1 0.512461 0.251012 0.015576 0.044534
1 0.411215 0.214575 0.029595 0.125506
0 0.347352 0.676113 0.034268 0.064777
1 0.581776 0.925101 0.004673 0.012146
0 0.411215 0.502024 0.040498 0.101215
1 0.160436 0.384615 0.037383 0.068826
0 0.858255 0.372470 0.037383 0.101215
0 0.812305 0.637652 0.014019 0.036437
1 0.852025 0.534413 0.007788 0.028340
1 0.240654 0.686235 0.057632 0.137652
0 0.585670 0.894737 0.009346 0.024291
1 0.362928 0.850202 0.042056 0.080972
0 0.503115 0.805668 0.048287 0.105263
1 0.251558 0.327935 0.015576 0.036437
1 0.950935 0.346154 0.017134 0.044534
1 0.626168 0.892713 0.038941 0.080972
0 0.626947 0.842105 0.020249 0.048583
1 0.760903 0.775304 0.014019 0.020243
1 0.404984 0.661943 0.040498 0.080972
0 0.741433 0.188259 0.032710 0.105263
1 0.857477 0.159919 0.012461 0.044534
0 0.630062 0.767206 0.012461 0.036437
0 0.301402 0.811741 0.015576 0.052632
1 0.305296 0.714575 0.029595 0.068826
1 0.186916 0.410931 0.031153 0.080972
0 0.128505 0.522267 0.085670 0.174089
1 0.432243 0.718623 0.020249 0.052632
1 0.789720 0.751012 0.038941 0.101215
