1 0.586449 0.459514 0.021807 0.036437
0 0.268692 0.421053 0.060748 0.165992
1 0.132399 0.742915 0.034268 0.068826
1 0.208723 0.212551 0.046729 0.133603
1 0.890966 0.457490 0.032710 0.060729
0 0.792056 0.410931 0.024922 0.064777
0 0.566199 0.493927 0.014019 0.032389
0 0.387072 0.554656 0.017134 0.040486
1 0.651869 0.781377 0.052960 0.105263
0 0.503894 0.799595 0.040498 0.093117
1 0.128505 0.404858 0.043614 0.157895
0 0.840343 0.311741 0.007788 0.016194
0 0.719626 0.740891 0.056075 0.129555
0 0.598131 0.170040 0.021807 0.056680
1 0.185358 0.597166 0.021807 0.036437
1 0.588785 0.708502 0.085670 0.141700
1 0.616044 0.961538 0.010903 0.024291
1 0.295171 0.641700 0.037383 0.101215
1 0.582555 0.821862 0.031153 0.072874
1 0.672897 0.730769 0.060748 0.097166
1 0.365265 0.230769 0.028037 0.052632
1 0.607477 0.425101 0.020249 0.048583
1 0.381620 0.147773 0.037383 0.068826
1 0.149533 0.631579 0.018692 0.048583
1 0.447819 0.483806 0.006231 0.024291
1 0.792056 0.500000 0.007788 0.020243
1 0.666667 0.423077 0.035826 0.109312
0 0.707944 0.878543 0.034268 0.089069
0 0.491433 0.611336 0.040498 0.125506
0 0.857477 0.627530 0.040498 0.097166
0 0.214953 0.327935 0.031153 0.080972
1 0.636293 0.297571 0.037383 0.085020
1 0.397196 0.862348 0.054517 0.121457
