1 0.169003 0.180162 0.045171 0.141700
1 0.575545 0.176113 0.035826 0.089069
0 0.232087 0.325911 0.052960 0.117409
0 0.294393 0.712551 0.026480 0.060729
0 0.749221 0.789474 0.082555 0.214575
1 0.641745 0.408907 0.077882 0.170040
0 0.281153 0.953441 0.028037 0.068826
1 0.601246 0.520243 0.052960 0.076923
1 0.119938 0.657895 0.029595 0.101215
1 0.492991 0.724696 0.029595 0.080972
0 0.378505 0.390688 0.037383 0.097166
0 0.591121 0.663968 0.042056 0.109312
1 0.559969 0.587045 0.052960 0.129555
0 0.239097 0.275304 0.037383 0.080972
0 0.348131 0.751012 0.043614 0.117409
1 0.215732 0.506073 0.017134 0.048583
0 0.880062 0.161943 0.026480 0.113360
0 0.887850 0.230769 0.056075 0.089069
1 0.128505 0.781377 0.009346 0.040486
1 0.561526 0.698381 0.037383 0.105263
1 0.829439 0.269231 0.028037 0.080972
0 0.298287 0.589069 0.045171 0.117409
1 0.410436 0.811741 0.038941 0.097166
1 0.143302 0.303644 0.028037 0.064777
1 0.829439 0.327935 0.042056 0.105263
1 0.933022 0.603239 0.017134 0.052632
0 0.052181 0.765182 0.015576 0.044534
1 0.164330 0.471660 0.056075 0.076923
1 0.824766 0.601215 0.014019 0.036437
1 0.749221 0.495951 0.046729 0.153846
0 0.366822 0.668016 0.023364 0.085020
1 0.799844 0.253036 0.015576 0.060729
0 0.710280 0.238866 0.018692 0.052632
1 0.273364 0.309717 0.032710 0.125506
1 0.418224 0.864372 0.017134 0.032389
0 0.773364 0.937247 0.015576 0.036437
1 0.923676 0.121457 0.012461 0.040486
0 0.275701 0.127530 0.010903 0.028340
0 0.581776 0.489879 0.029595 0.125506
1 0.463396 0.570850 0.034268 0.080972
