1 0.719626 0.791498 0.042056 0.101215
1 0.686137 0.206478 0.009346 0.032389
0 0.190810 0.807692 0.014019 0.044534
1 0.514798 0.945344 0.023364 0.085020
1 0.411994 0.556680 0.024922 0.080972
0 0.161215 0.404858 0.032710 0.085020
0 0.067757 0.692308 0.029595 0.064777
0 0.387850 0.809717 0.023364 0.068826
1 0.403427 0.888664 0.031153 0.056680
0 0.387850 0.627530 0.014019 0.024291
1 0.163551 0.708502 0.029595 0.068826
0 0.214953 0.975709 0.006231 0.016194
1 0.704829 0.226721 0.031153 0.072874
1 0.862928 0.945344 0.024922 0.072874
0 0.488318 0.886640 0.037383 0.117409
0 0.718847 0.864372 0.048287 0.133603
0 0.919782 0.856275 0.020249 0.044534
0 0.686916 0.163968 0.031153 0.085020
1 0.608255 0.615385 0.018692 0.076923
1 0.876168 0.732794 0.010903 0.032389
0 0.599688 0.170040 0.028037 0.072874
0 0.281931 0.190283 0.028037 0.072874
1 0.210280 0.396761 0.040498 0.137652
1 0.929128 0.165992 0.034268 0.089069
0 0.926012 0.753036 0.038941 0.089069
1 0.649533 0.838057 0.070093 0.125506
0 0.876947 0.846154 0.009346 0.024291
0 0.069315 0.609312 0.007788 0.012146
0 0.292056 0.344130 0.034268 0.101215
0 0.602804 0.206478 0.018692 0.048583
1 0.151869 0.692308 0.026480 0.060729
0 0.207165 0.621457 0.034268 0.125506
