0 0.080997 0.463563 0.020249 0.072874
0 0.570872 0.706478 0.007788 0.020243
1 0.299844 0.740891 0.070093 0.170040
1 0.590343 0.876518 0.056075 0.161943
1 0.593458 0.738866 0.012461 0.020243
1 0.806075 0.522267 0.007788 0.012146
1 0.468847 0.520243 0.031153 0.093117
1 0.721963 0.412955 0.029595 0.076923
1 0.612928 0.283401 0.020249 0.064777
1 0.490654 0.785425 0.038941 0.133603
1 0.890966 0.512146 0.015576 0.060729
0 0.924455 0.325911 0.021807 0.093117
1 0.299065 0.451417 0.035826 0.109312
0 0.700935 0.307692 0.026480 0.085020
0 0.876168 0.206478 0.028037 0.052632
1 0.827103 0.692308 0.066978 0.145749
1 0.784268 0.271255 0.049844 0.068826
0 0.141745 0.702429 0.028037 0.129555
1 0.744548 0.502024 0.015576 0.044534
1 0.727414 0.777328 0.021807 0.068826
1 0.928349 0.538462 0.026480 0.060729
1 0.678349 0.890688 0.007788 0.024291
1 0.190810 0.637652 0.004673 0.012146
1 0.799065 0.722672 0.071651 0.194332
1 0.642523 0.799595 0.028037 0.044534
1 0.186916 0.811741 0.042056 0.101215
1 0.188474 0.184211 0.034268 0.072874
0 0.119938 0.951417 0.012461 0.036437
1 0.757009 0.894737 0.054517 0.113360
0 0.523364 0.880567 0.049844 0.093117
1 0.234424 0.807692 0.054517 0.157895
1 0.941589 0.265182 0.031153 0.048583
1 0.814642 0.437247 0.032710 0.068826
1 0.887850 0.663968 0.006231 0.016194
1 0.262461 0.645749 0.043614 0.113360
0 0.325545 0.097166 0.003115 0.008097
0 0.656542 0.540486 0.034268 0.105263
1 0.337227 0.556680 0.023364 0.052632
0 0.396417 0.884615 0.043614 0.129555
0 0.155763 0.874494 0.043614 0.117409
1 0.102025 0.500000 0.015576 0.060729
1 0.954050 0.176113 0.014019 0.060729
0 0.668224 0.311741 0.026480 0.080972
0 0.136293 0.200405 0.038941 0.137652
0 0.686137 0.520243 0.004673 0.012146
1 0.098910 0.866397 0.042056 0.085020
0 0.063084 0.208502 0.031153 0.072874
1 0.746885 0.251012 0.032710 0.064777
1 0.445483 0.423077 0.043614 0.113360
1 0.066978 0.854251 0.012461 0.048583
1 0.584112 0.143725 0.028037 0.076923
1 0.869159 0.376518 0.007788 0.016194
1 0.633956 0.141700 0.012461 0.032389
1 0.380062 0.374494 0.029595 0.085020
0 0.216511 0.544534 0.009346 0.032389
1 0.928349 0.412955 0.054517 0.121457
1 0.470405 0.265182 0.017134 0.072874
