1 0.795171 0.884615 0.043614 0.093117
1 0.614486 0.797571 0.104361 0.271255
1 0.536604 0.643725 0.026480 0.064777
0 0.064642 0.155870 0.006231 0.012146
1 0.638629 0.659919 0.056075 0.291498
1 0.334112 0.354251 0.004673 0.016194
1 0.437695 0.319838 0.056075 0.121457
1 0.925234 0.923077 0.035826 0.113360
1 0.119159 0.793522 0.035826 0.153846
1 0.802181 0.392713 0.031153 0.109312
0 0.644860 0.327935 0.057632 0.170040
1 0.176791 0.714575 0.052960 0.226721
0 0.477414 0.558704 0.057632 0.145749
0 0.873053 0.967611 0.010903 0.028340
1 0.394081 0.611336 0.007788 0.008097
0 0.571651 0.580972 0.010903 0.036437
1 0.569315 0.455466 0.006231 0.020243
1 0.881620 0.536437 0.018692 0.040486
1 0.767134 0.578947 0.004673 0.016194
1 0.392523 0.236842 0.014019 0.048583
1 0.158879 0.334008 0.031153 0.101215
0 0.248442 0.593117 0.070093 0.182186
0 0.224299 0.368421 0.015576 0.032389
1 0.715732 0.783401 0.010903 0.028340
1 0.517134 0.344130 0.054517 0.129555
1 0.760903 0.427126 0.007788 0.020243
1 0.225078 0.451417 0.018692 0.052632
1 0.643302 0.161943 0.020249 0.052632
1 0.929907 0.127530 0.017134 0.040486
1 0.369938 0.230769 0.017134 0.032389
0 0.536604 0.589069 0.042056 0.117409
1 0.290498 0.283401 0.052960 0.105263
0 0.732866 0.293522 0.048287 0.133603
1 0.768692 0.781377 0.026480 0.048583
0 0.791277 0.518219 0.031153 0.076923
0 0.822430 0.858300 0.006231 0.016194
1 0.419782 0.528340 0.006231 0.028340
0 0.336449 0.485830 0.070093 0.133603
1 0.680685 0.390688 0.070093 0.182186
0 0.243769 0.212551 0.012461 0.036437
1 0.547508 0.299595 0.046729 0.121457
0 0.737539 0.639676 0.048287 0.129555
1 0.183022 0.259109 0.012461 0.052632
1 0.809190 0.657895 0.051402 0.137652
1 0.148754 0.441296 0.043614 0.194332
0 0.468069 0.759109 0.014019 0.036437
0 0.327103 0.661943 0.024922 0.060729
1 0.176012 0.945344 0.021807 0.060729
1 0.112150 0.417004 0.024922 0.036437
1 0.444704 0.489879 0.034268 0.121457
0 0.288941 0.619433 0.023364 0.060729
1 0.861371 0.186235 0.029595 0.105263
1 0.668224 0.621457 0.024922 0.068826
1 0.119938 0.346154 0.029595 0.097166
0 0.958723 0.686235 0.006231 0.012146
1 0.186137 0.109312 0.009346 0.016194
1 0.839564 0.817814 0.015576 0.032389
0 0.050623 0.285425 0.028037 0.048583
