1 0.174455 0.603239 0.020249 0.044534
1 0.642523 0.842105 0.037383 0.080972
1 0.468847 0.544534 0.059190 0.170040
0 0.428349 0.645749 0.020249 0.036437
0 0.234424 0.580972 0.035826 0.080972
1 0.571651 0.639676 0.015576 0.024291
1 0.866044 0.465587 0.084112 0.206478
0 0.218069 0.706478 0.028037 0.044534
1 0.482866 0.441296 0.031153 0.145749
1 0.780374 0.236842 0.021807 0.076923
0 0.735202 0.311741 0.007788 0.024291
1 0.844237 0.702429 0.034268 0.060729
0 0.862150 0.645749 0.017134 0.036437
1 0.424455 0.510121 0.074766 0.182186
1 0.547508 0.439271 0.038941 0.133603
1 0.346573 0.331984 0.034268 0.085020
1 0.217290 0.427126 0.059190 0.113360
0 0.857477 0.787449 0.052960 0.129555
1 0.287383 0.386640 0.048287 0.080972
1 0.906542 0.643725 0.026480 0.085020
1 0.534268 0.257085 0.087227 0.157895
0 0.848910 0.910931 0.029595 0.080972
1 0.908879 0.757085 0.045171 0.109312
1 0.672118 0.722672 0.038941 0.117409
1 0.362928 0.232794 0.014019 0.032389
1 0.586449 0.435223 0.049844 0.141700
1 0.179907 0.852227 0.056075 0.137652
0 0.523364 0.587045 0.051402 0.170040
1 0.926012 0.198381 0.024922 0.064777
1 0.193925 0.580972 0.032710 0.076923
