0 0.221184 0.218623 0.045171 0.113360
1 0.932243 0.894737 0.014019 0.040486
1 0.768692 0.874494 0.077882 0.198381
1 0.542835 0.170040 0.017134 0.048583
1 0.857477 0.423077 0.059190 0.097166
0 0.820093 0.712551 0.068536 0.186235
1 0.114486 0.690283 0.068536 0.170040
0 0.432243 0.917004 0.029595 0.117409
1 0.412773 0.269231 0.028037 0.080972
1 0.259346 0.558704 0.049844 0.170040
0 0.410436 0.716599 0.054517 0.137652
0 0.777259 0.625506 0.043614 0.117409
1 0.371495 0.556680 0.017134 0.040486
1 0.880841 0.969636 0.009346 0.040486
1 0.208723 0.619433 0.046729 0.121457
1 0.307632 0.799595 0.028037 0.101215
1 0.599688 0.748988 0.071651 0.210526
1 0.234424 0.933198 0.012461 0.032389
1 0.760125 0.392713 0.090343 0.157895
1 0.384735 0.421053 0.048287 0.105263
0 0.505452 0.631579 0.031153 0.109312
0 0.605140 0.311741 0.098131 0.186235
1 0.496106 0.510121 0.051402 0.105263
1 0.767913 0.755061 0.054517 0.141700
0 0.314642 0.722672 0.010903 0.036437
1 0.227414 0.388664 0.048287 0.149798
1 0.651869 0.813765 0.029595 0.072874
1 0.388629 0.346154 0.028037 0.064777
1 0.907321 0.589069 0.020249 0.060729
0 0.116822 0.410931 0.028037 0.060729
1 0.559190 0.951417 0.018692 0.044534
1 0.601246 0.558704 0.037383 0.076923
1 0.867601 0.682186 0.015576 0.032389
1 0.112928 0.880567 0.062305 0.137652
1 0.185358 0.665992 0.018692 0.040486
1 0.701713 0.890688 0.057632 0.157895
1 0.507009 0.919028 0.042056 0.093117
1 0.203271 0.192308 0.024922 0.101215
1 0.064642 0.633603 0.052960 0.097166
1 0.356698 0.431174 0.060748 0.093117
1 0.299844 0.271255 0.105919 0.165992
1 0.658879 0.730769 0.074766 0.125506
0 0.661994 0.483806 0.021807 0.056680
0 0.253894 0.914980 0.009346 0.040486
1 0.352804 0.528340 0.010903 0.036437
0 0.198598 0.748988 0.043614 0.117409
1 0.456386 0.546559 0.024922 0.076923
1 0.921340 0.184211 0.012461 0.028340
1 0.801402 0.402834 0.084112 0.186235
