1 0.475078 0.417004 0.018692 0.040486
0 0.675234 0.263158 0.035826 0.109312
1 0.233645 0.876518 0.009346 0.020243
1 0.701713 0.451417 0.017134 0.040486
1 0.303738 0.184211 0.024922 0.064777
1 0.611371 0.267206 0.024922 0.052632
1 0.353583 0.161943 0.017134 0.072874
0 0.690031 0.894737 0.010903 0.032389
1 0.881620 0.242915 0.032710 0.089069
1 0.160436 0.210526 0.015576 0.032389
0 0.609813 0.421053 0.046729 0.133603
1 0.454050 0.647773 0.090343 0.186235
1 0.774922 0.732794 0.028037 0.076923
0 0.774143 0.919028 0.012461 0.032389
1 0.613707 0.554656 0.040498 0.085020
1 0.837227 0.406883 0.035826 0.093117
1 0.862150 0.692308 0.035826 0.117409
1 0.782710 0.281377 0.026480 0.089069
1 0.658879 0.151822 0.028037 0.089069
1 0.057632 0.244939 0.032710 0.097166
0 0.079439 0.740891 0.007788 0.036437
1 0.086449 0.321862 0.059190 0.121457
1 0.207165 0.593117 0.034268 0.113360
0 0.748442 0.706478 0.028037 0.093117
1 0.274143 0.783401 0.045171 0.165992
1 0.565421 0.961538 0.021807 0.044534
0 0.209502 0.255061 0.029595 0.064777
1 0.574766 0.232794 0.009346 0.020243
1 0.652648 0.738866 0.015576 0.044534
0 0.794393 0.497976 0.031153 0.072874
1 0.561526 0.831984 0.026480 0.097166
1 0.947819 0.244939 0.020249 0.068826
1 0.569315 0.376518 0.014019 0.028340
1 0.897975 0.896761 0.043614 0.101215
