0 0.488318 0.734818 0.035826 0.072874
0 0.676012 0.566802 0.015576 0.060729
1 0.883178 0.696356 0.059190 0.170040
1 0.832555 0.184211 0.018692 0.052632
0 0.355140 0.943320 0.012461 0.028340
0 0.358255 0.125506 0.021807 0.060729
0 0.500779 0.898785 0.043614 0.109312
1 0.533489 0.674089 0.066978 0.157895
1 0.255452 0.696356 0.017134 0.048583
0 0.936916 0.321862 0.017134 0.044534
0 0.556075 0.204453 0.034268 0.093117
1 0.507788 0.465587 0.077882 0.202429
1 0.084112 0.789474 0.040498 0.105263
0 0.331776 0.520243 0.032710 0.105263
1 0.461059 0.469636 0.071651 0.178138
1 0.278816 0.348178 0.026480 0.129555
1 0.901090 0.811741 0.032710 0.117409
0 0.319315 0.943320 0.012461 0.040486
0 0.688474 0.435223 0.056075 0.226721
0 0.409657 0.366397 0.034268 0.085020
0 0.781153 0.317814 0.045171 0.113360
1 0.694704 0.246964 0.012461 0.036437
1 0.820093 0.674089 0.038941 0.093117
1 0.930685 0.848178 0.029595 0.056680
1 0.405763 0.732794 0.032710 0.064777
1 0.184579 0.283401 0.105919 0.202429
1 0.417445 0.530364 0.032710 0.157895
1 0.735981 0.366397 0.032710 0.076923
1 0.118380 0.542510 0.042056 0.137652
0 0.559190 0.587045 0.056075 0.145749
0 0.765576 0.759109 0.017134 0.040486
0 0.718847 0.491903 0.040498 0.117409
0 0.934579 0.429150 0.012461 0.024291
0 0.246885 0.906883 0.034268 0.089069
1 0.659657 0.726721 0.048287 0.153846
1 0.630062 0.817814 0.037383 0.105263
0 0.663551 0.372470 0.040498 0.097166
1 0.806854 0.384615 0.049844 0.101215
1 0.723520 0.708502 0.071651 0.218623
0 0.930685 0.603239 0.040498 0.085020
1 0.778037 0.220648 0.028037 0.064777
0 0.572430 0.831984 0.038941 0.080972
0 0.415109 0.111336 0.015576 0.036437
0 0.344237 0.210526 0.032710 0.076923
1 0.883178 0.329960 0.017134 0.048583
1 0.777259 0.649798 0.015576 0.048583
1 0.137072 0.554656 0.054517 0.125506
0 0.189252 0.872470 0.052960 0.206478
0 0.313084 0.437247 0.010903 0.032389
1 0.825545 0.593117 0.010903 0.028340
0 0.352804 0.848178 0.007788 0.028340
1 0.656542 0.437247 0.012461 0.036437
