0 0.637072 0.508097 0.028037 0.093117
1 0.492991 0.603239 0.012461 0.032389
0 0.505452 0.392713 0.054517 0.129555
1 0.267913 0.686235 0.060748 0.137652
0 0.432243 0.678138 0.042056 0.117409
1 0.773364 0.402834 0.010903 0.036437
0 0.415109 0.263158 0.020249 0.060729
1 0.215732 0.621457 0.051402 0.149798
1 0.777259 0.437247 0.009346 0.036437
1 0.249221 0.372470 0.042056 0.089069
0 0.144860 0.358300 0.018692 0.052632
1 0.364486 0.787449 0.032710 0.097166
0 0.568536 0.338057 0.004673 0.016194
0 0.275701 0.360324 0.007788 0.024291
1 0.869159 0.202429 0.020249 0.056680
1 0.390966 0.738866 0.031153 0.085020
1 0.537383 0.791498 0.107477 0.198381
1 0.858255 0.896761 0.031153 0.085020
1 0.416667 0.178138 0.017134 0.032389
1 0.373053 0.356275 0.062305 0.271255
0 0.208723 0.188259 0.040498 0.121457
1 0.490654 0.649798 0.018692 0.052632
0 0.375389 0.578947 0.028037 0.056680
1 0.600467 0.732794 0.034268 0.080972
1 0.799065 0.953441 0.018692 0.044534
0 0.525701 0.184211 0.007788 0.020243
1 0.742991 0.283401 0.006231 0.016194
0 0.327103 0.554656 0.031153 0.109312
1 0.426012 0.906883 0.029595 0.068826
1 0.306854 0.360324 0.028037 0.064777
1 0.397196 0.483806 0.040498 0.093117
1 0.357477 0.506073 0.065421 0.125506
1 0.408100 0.111336 0.010903 0.036437
1 0.929907 0.615385 0.028037 0.145749
1 0.697819 0.439271 0.054517 0.222672
0 0.311526 0.170040 0.007788 0.024291
1 0.669003 0.263158 0.046729 0.117409
0 0.855919 0.271255 0.035826 0.097166
1 0.730530 0.619433 0.009346 0.020243
1 0.658879 0.876518 0.046729 0.076923
1 0.869159 0.435223 0.037383 0.105263
1 0.714953 0.552632 0.012461 0.020243
1 0.102804 0.246964 0.020249 0.072874
0 0.810748 0.319838 0.021807 0.056680
1 0.095794 0.277328 0.021807 0.052632
1 0.940810 0.912955 0.034268 0.093117
1 0.760125 0.815789 0.006231 0.020243
0 0.849688 0.836032 0.048287 0.113360
1 0.916667 0.811741 0.049844 0.117409
1 0.257009 0.542510 0.035826 0.109312
0 0.253894 0.309717 0.006231 0.016194
0 0.112928 0.858300 0.088785 0.214575
1 0.624611 0.437247 0.023364 0.072874
1 0.562305 0.224696 0.026480 0.076923
1 0.415888 0.866397 0.021807 0.048583
0 0.632399 0.868421 0.043614 0.093117
1 0.080218 0.728745 0.052960 0.076923
