1 0.193925 0.823887 0.091900 0.271255
0 0.172897 0.255061 0.038941 0.129555
0 0.855919 0.277328 0.026480 0.064777
1 0.447819 0.378543 0.059190 0.174089
1 0.360592 0.400810 0.056075 0.109312
1 0.257788 0.299595 0.023364 0.052632
1 0.284268 0.690283 0.057632 0.109312
0 0.429907 0.574899 0.017134 0.044534
1 0.396417 0.222672 0.028037 0.072874
1 0.227414 0.631579 0.031153 0.129555
1 0.724299 0.670040 0.048287 0.109312
1 0.313084 0.728745 0.056075 0.202429
1 0.916667 0.421053 0.060748 0.121457
1 0.816978 0.384615 0.029595 0.089069
1 0.391745 0.746964 0.007788 0.012146
1 0.433022 0.716599 0.024922 0.105263
1 0.496106 0.323887 0.057632 0.141700
1 0.553738 0.746964 0.060748 0.089069
1 0.740654 0.931174 0.009346 0.032389
0 0.801402 0.548583 0.046729 0.153846
0 0.640187 0.374494 0.009346 0.020243
0 0.383178 0.842105 0.031153 0.089069
1 0.316199 0.303644 0.096573 0.210526
1 0.442368 0.878543 0.037383 0.085020
0 0.531153 0.574899 0.032710 0.089069
0 0.739097 0.755061 0.017134 0.044534
0 0.323209 0.566802 0.021807 0.044534
0 0.567757 0.546559 0.031153 0.089069
1 0.119159 0.491903 0.010903 0.020243
1 0.638629 0.898785 0.024922 0.080972
1 0.245327 0.285425 0.017134 0.036437
0 0.779595 0.323887 0.010903 0.032389
1 0.712617 0.755061 0.026480 0.137652
1 0.604361 0.939271 0.018692 0.064777
0 0.160436 0.576923 0.062305 0.141700
1 0.758567 0.860324 0.049844 0.113360
1 0.936916 0.688259 0.034268 0.089069
0 0.071651 0.447368 0.024922 0.040486
1 0.621495 0.712551 0.021807 0.048583
1 0.647196 0.224696 0.023364 0.105263
1 0.924455 0.945344 0.014019 0.024291
1 0.545950 0.534413 0.024922 0.072874
1 0.814642 0.682186 0.014019 0.040486
1 0.357477 0.777328 0.026480 0.068826
1 0.802181 0.404858 0.034268 0.093117
1 0.108255 0.485830 0.007788 0.024291
1 0.572430 0.380567 0.042056 0.097166
1 0.871495 0.576923 0.052960 0.113360
1 0.261682 0.882591 0.026480 0.056680
1 0.623053 0.927126 0.032710 0.109312
1 0.491433 0.803644 0.048287 0.109312
0 0.591900 0.888664 0.015576 0.028340
0 0.793614 0.358300 0.021807 0.072874
