1 0.796729 0.356275 0.040498 0.113360
0 0.614486 0.811741 0.038941 0.072874
1 0.569315 0.469636 0.084112 0.218623
1 0.819315 0.400810 0.051402 0.117409
1 0.956386 0.273279 0.012461 0.036437
1 0.683801 0.655870 0.017134 0.052632
1 0.823209 0.665992 0.126168 0.242915
1 0.832555 0.295547 0.040498 0.121457
1 0.514798 0.568826 0.087227 0.255061
1 0.459502 0.781377 0.057632 0.234818
1 0.572430 0.625506 0.014019 0.064777
0 0.949377 0.787449 0.017134 0.040486
1 0.524922 0.811741 0.045171 0.113360
1 0.513240 0.315789 0.024922 0.085020
0 0.061526 0.633603 0.034268 0.133603
1 0.423676 0.475709 0.035826 0.145749
1 0.909657 0.819838 0.060748 0.182186
1 0.716511 0.506073 0.034268 0.121457
1 0.242212 0.742915 0.063863 0.145749
1 0.170561 0.659919 0.017134 0.056680
0 0.626168 0.307692 0.006231 0.016194
1 0.227414 0.248988 0.024922 0.052632
1 0.558411 0.912955 0.037383 0.089069
0 0.909657 0.635628 0.070093 0.174089
0 0.441589 0.649798 0.028037 0.080972
1 0.870717 0.502024 0.035826 0.060729
0 0.069315 0.238866 0.029595 0.064777
1 0.906542 0.483806 0.026480 0.052632
0 0.398754 0.457490 0.029595 0.072874
1 0.154984 0.493927 0.020249 0.056680
1 0.749221 0.265182 0.102804 0.186235
0 0.197040 0.127530 0.017134 0.044534
1 0.195483 0.621457 0.038941 0.109312
1 0.314642 0.864372 0.012461 0.044534
1 0.349688 0.275304 0.043614 0.105263
1 0.250000 0.566802 0.021807 0.085020
1 0.644860 0.771255 0.038941 0.121457
0 0.714174 0.429150 0.042056 0.097166
0 0.639408 0.836032 0.023364 0.048583
1 0.299844 0.417004 0.017134 0.056680
0 0.366822 0.951417 0.017134 0.072874
0 0.232866 0.196356 0.035826 0.093117
1 0.570872 0.285425 0.038941 0.105263
1 0.303738 0.724696 0.012461 0.036437
1 0.885514 0.714575 0.020249 0.060729
1 0.264019 0.234818 0.020249 0.036437
1 0.846573 0.852227 0.077882 0.165992
0 0.276480 0.149798 0.029595 0.080972
1 0.324766 0.712551 0.026480 0.080972
0 0.563863 0.811741 0.052960 0.125506
1 0.213396 0.408907 0.048287 0.068826
0 0.809190 0.149798 0.026480 0.056680
1 0.858255 0.346154 0.043614 0.101215
0 0.281153 0.321862 0.062305 0.153846
