0 0.845016 0.423077 0.043614 0.101215
1 0.298287 0.738866 0.007788 0.016194
1 0.494548 0.607287 0.028037 0.068826
1 0.329439 0.811741 0.015576 0.048583
1 0.813863 0.680162 0.070093 0.182186
0 0.063084 0.923077 0.017134 0.052632
1 0.862928 0.678138 0.018692 0.040486
0 0.413551 0.558704 0.052960 0.141700
1 0.876168 0.870445 0.021807 0.056680
1 0.604361 0.259109 0.042056 0.125506
0 0.605140 0.680162 0.049844 0.182186
1 0.164330 0.882591 0.021807 0.068826
1 0.088785 0.827935 0.021807 0.056680
0 0.695483 0.797571 0.031153 0.076923
1 0.901869 0.417004 0.037383 0.068826
0 0.720405 0.791498 0.014019 0.020243
0 0.321651 0.603239 0.026480 0.064777
1 0.398754 0.821862 0.037383 0.052632
1 0.530374 0.253036 0.037383 0.076923
1 0.125389 0.408907 0.096573 0.153846
0 0.118380 0.546559 0.009346 0.024291
1 0.654984 0.392713 0.017134 0.060729
1 0.915109 0.568826 0.049844 0.125506
1 0.365265 0.597166 0.034268 0.145749
1 0.362150 0.856275 0.040498 0.117409
1 0.219626 0.392713 0.032710 0.064777
0 0.183801 0.487854 0.065421 0.206478
0 0.930685 0.374494 0.020249 0.064777
1 0.330218 0.346154 0.043614 0.101215
0 0.745327 0.257085 0.032710 0.093117
1 0.833333 0.495951 0.077882 0.125506
1 0.439252 0.526316 0.032710 0.089069
1 0.871495 0.163968 0.035826 0.137652
1 0.745327 0.838057 0.032710 0.068826
0 0.802181 0.319838 0.021807 0.052632
1 0.894081 0.834008 0.014019 0.072874
1 0.175234 0.674089 0.088785 0.242915
