0 0.214174 0.487854 0.040498 0.141700
0 0.640966 0.431174 0.024922 0.076923
0 0.687695 0.510121 0.017134 0.036437
1 0.809969 0.265182 0.028037 0.076923
1 0.505452 0.540486 0.048287 0.068826
1 0.778816 0.161943 0.020249 0.068826
1 0.053738 0.463563 0.010903 0.036437
0 0.225078 0.297571 0.026480 0.072874
1 0.264019 0.500000 0.066978 0.117409
0 0.603583 0.153846 0.032710 0.068826
1 0.823209 0.682186 0.029595 0.076923
1 0.390187 0.892713 0.010903 0.028340
1 0.318536 0.275304 0.048287 0.097166
1 0.466511 0.184211 0.020249 0.056680
0 0.289720 0.131579 0.010903 0.044534
0 0.707165 0.133603 0.024922 0.076923
0 0.667445 0.400810 0.042056 0.129555
1 0.605140 0.396761 0.023364 0.064777
1 0.408100 0.255061 0.031153 0.060729
1 0.165888 0.702429 0.049844 0.137652
1 0.076324 0.360324 0.048287 0.137652
1 0.654984 0.777328 0.015576 0.028340
0 0.225857 0.204453 0.023364 0.068826
0 0.538941 0.582996 0.026480 0.056680
0 0.330997 0.574899 0.015576 0.024291
1 0.342679 0.255061 0.049844 0.101215
1 0.169782 0.793522 0.043614 0.105263
0 0.378505 0.297571 0.021807 0.056680
1 0.835670 0.712551 0.017134 0.048583
1 0.396417 0.945344 0.024922 0.072874
1 0.267913 0.765182 0.023364 0.052632
1 0.725857 0.880567 0.015576 0.044534
0 0.539720 0.771255 0.035826 0.068826
1 0.721963 0.919028 0.015576 0.048583
