1 0.844237 0.570850 0.051402 0.137652
1 0.834891 0.311741 0.012461 0.032389
0 0.619159 0.892713 0.052960 0.133603
1 0.923676 0.388664 0.010903 0.040486
1 0.419003 0.771255 0.037383 0.198381
1 0.323209 0.765182 0.023364 0.068826
1 0.146417 0.803644 0.026480 0.089069
0 0.375389 0.759109 0.006231 0.016194
0 0.727414 0.805668 0.059190 0.157895
0 0.338785 0.475709 0.007788 0.020243
1 0.210280 0.591093 0.018692 0.048583
1 0.548287 0.607287 0.023364 0.093117
1 0.471184 0.346154 0.051402 0.105263
1 0.246885 0.971660 0.007788 0.020243
1 0.619938 0.815789 0.018692 0.060729
1 0.856698 0.481781 0.057632 0.125506
0 0.192368 0.694332 0.029595 0.101215
0 0.533489 0.682186 0.038941 0.089069
0 0.259346 0.155870 0.014019 0.032389
0 0.669782 0.688259 0.009346 0.032389
0 0.802960 0.287449 0.020249 0.040486
0 0.932243 0.587045 0.007788 0.024291
0 0.524922 0.275304 0.021807 0.056680
0 0.229751 0.423077 0.017134 0.048583
1 0.516355 0.957490 0.014019 0.028340
0 0.239097 0.627530 0.052960 0.141700
1 0.426012 0.172065 0.017134 0.040486
1 0.389408 0.463563 0.037383 0.093117
1 0.271028 0.360324 0.045171 0.105263
1 0.578660 0.370445 0.040498 0.157895
1 0.897196 0.655870 0.048287 0.113360
1 0.327882 0.615385 0.046729 0.149798
1 0.295171 0.943320 0.054517 0.097166
1 0.914330 0.477733 0.079439 0.133603
1 0.236760 0.714575 0.046729 0.145749
1 0.433022 0.362348 0.040498 0.093117
0 0.057632 0.352227 0.020249 0.048583
1 0.228193 0.846154 0.014019 0.036437
1 0.277259 0.287449 0.018692 0.052632
0 0.763240 0.412955 0.065421 0.137652
1 0.467290 0.437247 0.010903 0.032389
1 0.549065 0.870445 0.026480 0.080972
1 0.841121 0.825911 0.020249 0.056680
1 0.639408 0.761134 0.024922 0.101215
