1 0.731308 0.518219 0.052960 0.145749
0 0.339564 0.186235 0.034268 0.097166
1 0.210280 0.500000 0.018692 0.040486
1 0.825545 0.331984 0.017134 0.040486
1 0.203271 0.297571 0.035826 0.052632
0 0.496885 0.354251 0.023364 0.068826
1 0.953271 0.099190 0.009346 0.020243
1 0.108255 0.562753 0.080997 0.141700
1 0.659657 0.576923 0.066978 0.182186
1 0.415109 0.431174 0.060748 0.149798
1 0.468847 0.827935 0.009346 0.024291
1 0.713396 0.338057 0.116822 0.307692
1 0.657321 0.317814 0.057632 0.089069
1 0.272586 0.206478 0.006231 0.024291
0 0.404984 0.188259 0.034268 0.076923
0 0.804517 0.744939 0.032710 0.109312
0 0.363707 0.495951 0.043614 0.105263
1 0.528037 0.303644 0.037383 0.137652
0 0.338006 0.297571 0.024922 0.089069
0 0.543614 0.935223 0.012461 0.044534
1 0.180685 0.218623 0.010903 0.032389
1 0.309190 0.866397 0.042056 0.080972
1 0.776480 0.214575 0.035826 0.072874
0 0.301402 0.609312 0.029595 0.080972
0 0.901869 0.611336 0.040498 0.113360
1 0.517134 0.188259 0.065421 0.093117
1 0.593458 0.348178 0.066978 0.186235
0 0.531153 0.400810 0.048287 0.105263
1 0.406542 0.866397 0.040498 0.080972
1 0.809969 0.331984 0.010903 0.040486
1 0.886293 0.267206 0.017134 0.048583
1 0.410436 0.706478 0.010903 0.020243
1 0.568536 0.813765 0.024922 0.040486
1 0.186137 0.884615 0.017134 0.028340
0 0.370717 0.795547 0.062305 0.085020
0 0.415888 0.627530 0.028037 0.072874
0 0.223520 0.176113 0.031153 0.072874
1 0.052181 0.951417 0.009346 0.032389
0 0.237539 0.240891 0.017134 0.044534
0 0.318536 0.532389 0.021807 0.060729
0 0.788162 0.706478 0.029595 0.089069
0 0.194704 0.334008 0.012461 0.024291
0 0.865265 0.959514 0.007788 0.024291
1 0.176791 0.906883 0.020249 0.068826
1 0.478193 0.210526 0.079439 0.125506
1 0.871495 0.204453 0.026480 0.068826
1 0.689252 0.884615 0.045171 0.117409
0 0.834891 0.526316 0.023364 0.052632
1 0.253115 0.874494 0.045171 0.109312
1 0.551402 0.560729 0.035826 0.113360
1 0.737539 0.176113 0.052960 0.129555
1 0.286604 0.536437 0.034268 0.085020
0 0.587227 0.461538 0.034268 0.089069
