0 0.205607 0.969636 0.015576 0.044534
0 0.859034 0.380567 0.010903 0.040486
0 0.374611 0.344130 0.049844 0.137652
0 0.920561 0.894737 0.035826 0.125506
0 0.778816 0.609312 0.032710 0.060729
1 0.334112 0.902834 0.066978 0.129555
1 0.815421 0.315789 0.020249 0.048583
0 0.684579 0.795547 0.028037 0.060729
1 0.083333 0.858300 0.026480 0.080972
1 0.130062 0.670040 0.009346 0.028340
0 0.691589 0.546559 0.018692 0.048583
1 0.215732 0.631579 0.062305 0.153846
0 0.916667 0.378543 0.035826 0.093117
1 0.130062 0.550607 0.023364 0.064777
0 0.091900 0.672065 0.026480 0.052632
1 0.473520 0.783401 0.077882 0.222672
0 0.659657 0.643725 0.042056 0.170040
1 0.551402 0.757085 0.015576 0.060729
1 0.746106 0.261134 0.051402 0.141700
0 0.242991 0.165992 0.048287 0.105263
1 0.633956 0.728745 0.045171 0.129555
0 0.789720 0.732794 0.015576 0.036437
1 0.336449 0.477733 0.031153 0.064777
1 0.857477 0.208502 0.028037 0.076923
0 0.559190 0.477733 0.043614 0.161943
0 0.834112 0.338057 0.012461 0.028340
1 0.612928 0.682186 0.045171 0.125506
0 0.380062 0.597166 0.020249 0.056680
1 0.462617 0.621457 0.057632 0.149798
1 0.851246 0.945344 0.031153 0.064777
0 0.889408 0.504049 0.037383 0.105263
1 0.188474 0.552632 0.034268 0.101215
1 0.309969 0.657895 0.018692 0.032389
0 0.475857 0.451417 0.014019 0.032389
0 0.161994 0.613360 0.045171 0.125506
1 0.426791 0.336032 0.032710 0.089069
1 0.352804 0.419028 0.012461 0.016194
0 0.840343 0.661943 0.037383 0.097166
0 0.109813 0.285425 0.035826 0.080972
1 0.618380 0.789474 0.038941 0.105263
0 0.638629 0.248988 0.029595 0.085020
0 0.155763 0.908907 0.010903 0.044534
1 0.285047 0.350202 0.026480 0.064777
1 0.266355 0.856275 0.088785 0.165992
1 0.197819 0.342105 0.085670 0.234818
