1 0.686916 0.568826 0.045171 0.137652
0 0.556075 0.599190 0.070093 0.174089
1 0.682243 0.414980 0.062305 0.145749
0 0.523364 0.603239 0.065421 0.137652
0 0.535047 0.467611 0.017134 0.044534
1 0.852804 0.651822 0.037383 0.072874
0 0.702492 0.746964 0.062305 0.194332
1 0.326324 0.674089 0.063863 0.218623
1 0.276480 0.797571 0.018692 0.048583
1 0.129283 0.226721 0.068536 0.129555
1 0.637072 0.961538 0.007788 0.028340
1 0.894081 0.917004 0.029595 0.085020
1 0.631620 0.267206 0.037383 0.109312
1 0.180685 0.589069 0.032710 0.113360
1 0.409657 0.925101 0.032710 0.101215
0 0.752336 0.184211 0.018692 0.052632
1 0.560748 0.722672 0.035826 0.117409
0 0.154206 0.939271 0.009346 0.032389
1 0.802181 0.560729 0.012461 0.044534
1 0.348910 0.425101 0.021807 0.060729
0 0.193925 0.427126 0.017134 0.040486
1 0.389408 0.801619 0.010903 0.024291
1 0.558411 0.477733 0.015576 0.056680
1 0.277259 0.568826 0.026480 0.072874
0 0.681464 0.200405 0.028037 0.080972
1 0.859813 0.161943 0.038941 0.052632
1 0.723520 0.303644 0.024922 0.048583
1 0.778037 0.744939 0.018692 0.048583
0 0.425234 0.400810 0.060748 0.226721
1 0.200935 0.279352 0.032710 0.089069
1 0.882399 0.303644 0.032710 0.072874
1 0.492991 0.180162 0.023364 0.044534
1 0.420561 0.663968 0.029595 0.093117
1 0.063863 0.186235 0.037383 0.133603
0 0.682243 0.155870 0.035826 0.097166
1 0.820093 0.580972 0.007788 0.016194
1 0.238318 0.176113 0.038941 0.085020
0 0.897975 0.595142 0.010903 0.020243
1 0.250000 0.580972 0.052960 0.129555
0 0.286604 0.834008 0.010903 0.040486
0 0.704050 0.214575 0.007788 0.020243
1 0.279595 0.459514 0.070093 0.161943
0 0.753115 0.479757 0.076324 0.137652
