1 0.395639 0.779352 0.020249 0.048583
1 0.394860 0.402834 0.029595 0.072874
1 0.103583 0.402834 0.014019 0.044534
0 0.483645 0.372470 0.037383 0.109312
1 0.304517 0.763158 0.034268 0.121457
0 0.906542 0.576923 0.009346 0.020243
1 0.429907 0.609312 0.034268 0.085020
1 0.667445 0.267206 0.054517 0.109312
1 0.212617 0.842105 0.035826 0.113360
0 0.238318 0.299595 0.028037 0.089069
1 0.902648 0.269231 0.091900 0.202429
0 0.761682 0.372470 0.024922 0.056680
0 0.417445 0.793522 0.043614 0.089069
0 0.885514 0.827935 0.007788 0.020243
1 0.275701 0.919028 0.018692 0.044534
1 0.325545 0.617409 0.066978 0.190283
0 0.886293 0.892713 0.014019 0.048583
1 0.735202 0.718623 0.010903 0.024291
0 0.742212 0.439271 0.024922 0.060729
0 0.173676 0.495951 0.007788 0.028340
1 0.390966 0.836032 0.015576 0.024291
0 0.508567 0.746964 0.015576 0.044534
1 0.774143 0.587045 0.040498 0.109312
1 0.377726 0.593117 0.040498 0.113360
1 0.765576 0.908907 0.034268 0.101215
0 0.536604 0.914980 0.024922 0.068826
1 0.565421 0.336032 0.066978 0.178138
1 0.213396 0.240891 0.021807 0.056680
1 0.250000 0.392713 0.059190 0.165992
1 0.257788 0.773279 0.065421 0.210526
0 0.436137 0.712551 0.021807 0.048583
0 0.612150 0.354251 0.037383 0.109312
0 0.687695 0.641700 0.007788 0.012146
0 0.161215 0.850202 0.015576 0.044534
0 0.499221 0.696356 0.010903 0.056680
