1 0.189252 0.334008 0.035826 0.109312
0 0.340343 0.546559 0.079439 0.222672
1 0.540498 0.370445 0.084112 0.186235
0 0.884735 0.663968 0.031153 0.085020
1 0.877726 0.497976 0.082555 0.226721
1 0.178349 0.917004 0.024922 0.068826
1 0.497664 0.831984 0.035826 0.068826
0 0.382399 0.331984 0.020249 0.044534
1 0.080218 0.730769 0.048287 0.137652
1 0.380062 0.791498 0.006231 0.020243
0 0.077103 0.477733 0.015576 0.060729
1 0.739097 0.536437 0.101246 0.206478
1 0.182243 0.417004 0.023364 0.076923
0 0.569315 0.244939 0.066978 0.165992
0 0.352804 0.746964 0.037383 0.117409
1 0.824766 0.558704 0.043614 0.097166
1 0.664330 0.765182 0.065421 0.174089
1 0.252336 0.186235 0.046729 0.076923
0 0.855919 0.255061 0.014019 0.064777
1 0.676791 0.479757 0.009346 0.028340
0 0.947040 0.196356 0.029595 0.089069
1 0.262461 0.815789 0.034268 0.113360
0 0.608255 0.208502 0.010903 0.028340
0 0.738318 0.959514 0.006231 0.020243
0 0.089564 0.495951 0.010903 0.028340
0 0.127726 0.773279 0.012461 0.044534
0 0.286604 0.773279 0.024922 0.072874
0 0.832555 0.880567 0.040498 0.113360
1 0.137850 0.925101 0.007788 0.020243
1 0.191589 0.587045 0.098131 0.206478
1 0.947819 0.872470 0.029595 0.105263
1 0.535047 0.611336 0.049844 0.133603
0 0.489097 0.809717 0.024922 0.056680
1 0.615265 0.759109 0.029595 0.072874
1 0.411215 0.931174 0.020249 0.056680
1 0.570872 0.787449 0.018692 0.056680
0 0.456386 0.273279 0.045171 0.117409
1 0.383956 0.242915 0.012461 0.032389
0 0.072430 0.265182 0.026480 0.060729
1 0.878505 0.317814 0.026480 0.060729
1 0.132399 0.425101 0.048287 0.129555
1 0.071651 0.380567 0.028037 0.048583
1 0.602025 0.427126 0.010903 0.032389
1 0.901869 0.836032 0.071651 0.161943
0 0.328660 0.665992 0.023364 0.068826
1 0.559190 0.825911 0.012461 0.040486
