1 0.258567 0.665992 0.021807 0.060729
1 0.133956 0.180162 0.009346 0.032389
0 0.753115 0.244939 0.085670 0.214575
1 0.648754 0.613360 0.018692 0.052632
1 0.876168 0.313765 0.018692 0.056680
0 0.169782 0.647773 0.023364 0.052632
1 0.410436 0.568826 0.020249 0.044534
1 0.819315 0.615385 0.051402 0.133603
0 0.064642 0.900810 0.032710 0.101215
0 0.111371 0.113360 0.010903 0.028340
0 0.874611 0.647773 0.014019 0.036437
1 0.889408 0.876518 0.018692 0.032389
1 0.443146 0.212551 0.040498 0.080972
1 0.434579 0.307692 0.009346 0.024291
1 0.888629 0.678138 0.031153 0.121457
0 0.842679 0.334008 0.020249 0.040486
1 0.754673 0.425101 0.026480 0.068826
0 0.236760 0.522267 0.009346 0.032389
1 0.740654 0.544534 0.066978 0.170040
0 0.500000 0.226721 0.057632 0.210526
1 0.316978 0.530364 0.034268 0.089069
1 0.897196 0.465587 0.042056 0.101215
0 0.071651 0.935223 0.031153 0.097166
1 0.802960 0.459514 0.010903 0.028340
1 0.450935 0.471660 0.021807 0.068826
1 0.287383 0.402834 0.010903 0.020243
0 0.830218 0.892713 0.068536 0.198381
1 0.493769 0.831984 0.012461 0.044534
0 0.656542 0.188259 0.029595 0.060729
1 0.488318 0.392713 0.037383 0.089069
