1 0.862928 0.712551 0.054517 0.141700
1 0.619938 0.773279 0.060748 0.129555
0 0.091121 0.504049 0.026480 0.064777
1 0.107477 0.811741 0.068536 0.097166
1 0.683801 0.645749 0.042056 0.056680
0 0.442368 0.180162 0.032710 0.093117
1 0.162773 0.593117 0.034268 0.097166
0 0.839564 0.311741 0.017134 0.052632
0 0.658879 0.544534 0.049844 0.153846
1 0.814642 0.289474 0.034268 0.125506
0 0.224299 0.601215 0.096573 0.267206
0 0.876947 0.425101 0.031153 0.113360
1 0.225078 0.400810 0.010903 0.028340
0 0.079439 0.694332 0.015576 0.040486
1 0.784268 0.771255 0.014019 0.032389
0 0.627726 0.238866 0.043614 0.117409
1 0.388629 0.159919 0.017134 0.085020
1 0.357477 0.651822 0.018692 0.040486
0 0.127726 0.477733 0.023364 0.052632
1 0.426791 0.684211 0.052960 0.198381
1 0.175234 0.848178 0.032710 0.093117
1 0.086449 0.305668 0.045171 0.101215
1 0.428349 0.366397 0.065421 0.170040
1 0.379283 0.927126 0.031153 0.105263
0 0.554517 0.953441 0.024922 0.044534
1 0.148754 0.200405 0.038941 0.145749
1 0.348131 0.623482 0.014019 0.056680
1 0.237539 0.914980 0.029595 0.089069
1 0.778816 0.872470 0.026480 0.052632
1 0.690810 0.840081 0.042056 0.105263
1 0.507009 0.937247 0.023364 0.101215
0 0.545171 0.251012 0.007788 0.024291
1 0.135514 0.714575 0.012461 0.028340
0 0.107477 0.552632 0.021807 0.060729
1 0.280374 0.599190 0.068536 0.153846
1 0.818536 0.538462 0.034268 0.060729
1 0.350467 0.872470 0.026480 0.048583
1 0.592679 0.447368 0.026480 0.040486
0 0.393302 0.220648 0.026480 0.085020
0 0.444704 0.506073 0.004673 0.008097
1 0.323988 0.451417 0.093458 0.234818
0 0.719626 0.429150 0.043614 0.080972
1 0.195483 0.831984 0.017134 0.052632
0 0.633178 0.423077 0.028037 0.068826
0 0.639408 0.961538 0.010903 0.028340
1 0.883178 0.257085 0.020249 0.048583
1 0.716511 0.708502 0.014019 0.036437
0 0.619159 0.532389 0.065421 0.105263
1 0.721963 0.344130 0.010903 0.040486
