0 0.419003 0.180162 0.018692 0.040486
0 0.541277 0.807692 0.023364 0.064777
0 0.608255 0.232794 0.054517 0.174089
1 0.921340 0.390688 0.004673 0.020243
1 0.413551 0.348178 0.020249 0.064777
0 0.742212 0.785425 0.045171 0.174089
0 0.538941 0.882591 0.035826 0.101215
1 0.149533 0.615385 0.046729 0.113360
1 0.121495 0.848178 0.023364 0.056680
0 0.900312 0.635628 0.056075 0.206478
1 0.211059 0.672065 0.029595 0.072874
1 0.496885 0.524291 0.026480 0.060729
0 0.176791 0.834008 0.037383 0.117409
0 0.685358 0.257085 0.056075 0.125506
1 0.176012 0.113360 0.009346 0.024291
0 0.485202 0.299595 0.014019 0.036437
1 0.762461 0.184211 0.014019 0.032389
1 0.538162 0.453441 0.037383 0.089069
0 0.478972 0.680162 0.010903 0.024291
1 0.348910 0.813765 0.015576 0.036437
1 0.802181 0.301619 0.021807 0.109312
0 0.256231 0.595142 0.004673 0.016194
0 0.842679 0.536437 0.046729 0.145749
1 0.411215 0.874494 0.035826 0.080972
0 0.778816 0.400810 0.023364 0.072874
1 0.393302 0.712551 0.021807 0.141700
1 0.216511 0.297571 0.085670 0.234818
1 0.731308 0.933198 0.028037 0.089069
1 0.584891 0.526316 0.046729 0.089069
0 0.053738 0.718623 0.009346 0.036437
1 0.794393 0.896761 0.062305 0.157895
0 0.300623 0.344130 0.006231 0.016194
1 0.805296 0.536437 0.032710 0.109312
1 0.854361 0.748988 0.042056 0.052632
0 0.155763 0.176113 0.020249 0.048583
1 0.314642 0.218623 0.012461 0.016194
0 0.442368 0.684211 0.037383 0.101215
1 0.559969 0.504049 0.015576 0.044534
0 0.096573 0.906883 0.012461 0.032389
0 0.190031 0.888664 0.024922 0.036437
