1 0.078660 0.856275 0.028037 0.064777
1 0.209502 0.643725 0.017134 0.028340
1 0.431464 0.161943 0.066978 0.117409
0 0.354361 0.524291 0.042056 0.072874
1 0.113707 0.253036 0.010903 0.024291
1 0.467290 0.641700 0.095016 0.263158
1 0.329439 0.259109 0.012461 0.028340
0 0.079439 0.524291 0.010903 0.036437
0 0.752336 0.433198 0.006231 0.016194
1 0.150312 0.710526 0.051402 0.093117
1 0.674455 0.902834 0.021807 0.056680
1 0.583333 0.931174 0.032710 0.036437
1 0.265576 0.473684 0.052960 0.161943
0 0.584891 0.512146 0.021807 0.064777
0 0.653427 0.672065 0.031153 0.089069
0 0.237539 0.639676 0.024922 0.064777
1 0.272586 0.230769 0.031153 0.101215
1 0.116822 0.931174 0.007788 0.032389
1 0.690031 0.129555 0.017134 0.048583
1 0.792835 0.216599 0.091900 0.174089
1 0.221184 0.419028 0.031153 0.101215
1 0.866044 0.793522 0.024922 0.072874
1 0.195483 0.212551 0.034268 0.117409
1 0.733645 0.321862 0.015576 0.052632
0 0.197040 0.273279 0.037383 0.097166
0 0.757009 0.821862 0.034268 0.080972
1 0.791277 0.388664 0.032710 0.085020
0 0.369159 0.188259 0.021807 0.060729
1 0.520249 0.576923 0.020249 0.036437
1 0.355140 0.882591 0.028037 0.097166
0 0.458723 0.852227 0.009346 0.036437
1 0.480530 0.829960 0.010903 0.024291
1 0.460280 0.493927 0.042056 0.133603
0 0.545950 0.896761 0.020249 0.109312
1 0.750000 0.483806 0.021807 0.064777
1 0.643302 0.319838 0.043614 0.064777
0 0.928349 0.234818 0.020249 0.068826
0 0.821651 0.394737 0.020249 0.056680
1 0.260125 0.657895 0.045171 0.149798
1 0.061526 0.307692 0.035826 0.109312
1 0.831776 0.368421 0.031153 0.076923
0 0.936916 0.765182 0.023364 0.060729
0 0.850467 0.674089 0.052960 0.117409
1 0.208723 0.149798 0.021807 0.080972
0 0.556854 0.576923 0.024922 0.093117
1 0.671340 0.813765 0.042056 0.093117
0 0.084112 0.388664 0.015576 0.032389
0 0.877726 0.971660 0.014019 0.032389
0 0.628505 0.257085 0.032710 0.076923
1 0.437695 0.502024 0.049844 0.137652
0 0.714174 0.451417 0.007788 0.024291
1 0.782710 0.441296 0.010903 0.012146
0 0.476636 0.433198 0.045171 0.097166
1 0.777259 0.599190 0.037383 0.157895
0 0.794393 0.892713 0.023364 0.076923
