0 0.628505 0.732794 0.066978 0.190283
0 0.364486 0.408907 0.068536 0.117409
0 0.722741 0.319838 0.012461 0.032389
1 0.309969 0.759109 0.035826 0.089069
1 0.935358 0.799595 0.024922 0.056680
0 0.203271 0.595142 0.045171 0.105263
0 0.299065 0.718623 0.015576 0.044534
1 0.658100 0.313765 0.034268 0.125506
1 0.420561 0.141700 0.028037 0.076923
1 0.457165 0.534413 0.059190 0.178138
1 0.769470 0.406883 0.010903 0.028340
1 0.797508 0.546559 0.009346 0.024291
1 0.090343 0.455466 0.028037 0.044534
0 0.341900 0.346154 0.014019 0.036437
0 0.911994 0.334008 0.004673 0.012146
1 0.274922 0.489879 0.063863 0.133603
1 0.686137 0.815789 0.060748 0.089069
0 0.545950 0.465587 0.026480 0.064777
0 0.256231 0.384615 0.056075 0.174089
1 0.591900 0.493927 0.014019 0.032389
1 0.876947 0.684211 0.057632 0.093117
1 0.176012 0.238866 0.021807 0.048583
1 0.324766 0.421053 0.063863 0.109312
1 0.806854 0.793522 0.006231 0.020243
0 0.198598 0.358300 0.085670 0.198381
0 0.344237 0.589069 0.029595 0.076923
1 0.857477 0.629555 0.042056 0.121457
1 0.632399 0.431174 0.014019 0.056680
1 0.140187 0.370445 0.032710 0.068826
1 0.522586 0.722672 0.065421 0.101215
0 0.246885 0.878543 0.057632 0.161943
1 0.366822 0.524291 0.052960 0.129555
0 0.140966 0.570850 0.031153 0.089069
0 0.510125 0.497976 0.010903 0.048583
1 0.365265 0.331984 0.014019 0.032389
1 0.743769 0.396761 0.017134 0.036437
1 0.906542 0.449393 0.046729 0.161943
1 0.191589 0.702429 0.009346 0.020243
1 0.089564 0.398785 0.034268 0.093117
1 0.556075 0.447368 0.018692 0.044534
1 0.816978 0.649798 0.040498 0.105263
0 0.203271 0.864372 0.060748 0.113360
1 0.675234 0.538462 0.010903 0.040486
1 0.607477 0.463563 0.018692 0.068826
