1 0.134735 0.548583 0.007788 0.044534
1 0.577882 0.323887 0.009346 0.032389
1 0.111371 0.362348 0.020249 0.040486
1 0.217290 0.803644 0.006231 0.012146
1 0.548287 0.386640 0.038941 0.109312
0 0.806854 0.218623 0.012461 0.044534
0 0.502336 0.489879 0.020249 0.093117
1 0.655763 0.437247 0.048287 0.153846
1 0.354361 0.538462 0.014019 0.040486
1 0.404206 0.823887 0.029595 0.085020
0 0.217290 0.317814 0.051402 0.109312
1 0.929128 0.917004 0.009346 0.028340
1 0.597352 0.487854 0.048287 0.137652
0 0.885514 0.465587 0.014019 0.040486
1 0.317757 0.546559 0.049844 0.085020
1 0.772586 0.234818 0.042056 0.085020
0 0.927570 0.609312 0.021807 0.048583
1 0.921340 0.414980 0.045171 0.161943
1 0.507788 0.406883 0.052960 0.165992
1 0.156542 0.475709 0.017134 0.060729
1 0.949377 0.684211 0.018692 0.028340
0 0.155763 0.376518 0.034268 0.076923
0 0.411215 0.623482 0.051402 0.125506
1 0.261682 0.404858 0.080997 0.174089
1 0.449377 0.556680 0.023364 0.056680
0 0.154984 0.866397 0.023364 0.076923
1 0.654984 0.761134 0.035826 0.161943
0 0.257009 0.710526 0.065421 0.105263
1 0.923676 0.645749 0.034268 0.052632
0 0.248442 0.273279 0.015576 0.044534
0 0.808411 0.655870 0.129283 0.165992
1 0.491433 0.744939 0.048287 0.149798
1 0.080218 0.682186 0.009346 0.028340
1 0.862928 0.896761 0.021807 0.072874
0 0.128505 0.653846 0.028037 0.076923
0 0.591900 0.781377 0.099688 0.230769
1 0.262461 0.789474 0.048287 0.157895
0 0.328660 0.380567 0.037383 0.101215
1 0.557632 0.708502 0.065421 0.190283
0 0.757009 0.149798 0.023364 0.064777
0 0.796729 0.447368 0.007788 0.020243
1 0.397196 0.550607 0.051402 0.141700
1 0.883178 0.117409 0.012461 0.024291
1 0.047508 0.623482 0.004673 0.016194
1 0.237539 0.587045 0.026480 0.097166
1 0.305296 0.194332 0.054517 0.089069
0 0.823988 0.311741 0.063863 0.190283
1 0.722741 0.799595 0.060748 0.125506
1 0.735981 0.323887 0.021807 0.064777
1 0.864486 0.449393 0.040498 0.097166
0 0.698598 0.477733 0.032710 0.089069
0 0.832555 0.149798 0.028037 0.080972
0 0.218069 0.129555 0.020249 0.056680
0 0.693925 0.698381 0.017134 0.044534
0 0.471963 0.449393 0.006231 0.020243
