1 0.623832 0.544534 0.021807 0.060729
1 0.605140 0.840081 0.026480 0.068826
0 0.721184 0.935223 0.018692 0.040486
1 0.834112 0.117409 0.012461 0.040486
0 0.638629 0.384615 0.056075 0.165992
0 0.653427 0.649798 0.004673 0.012146
0 0.524143 0.870445 0.023364 0.052632
1 0.616822 0.933198 0.012461 0.052632
0 0.355140 0.398785 0.014019 0.056680
1 0.574766 0.319838 0.054517 0.157895
0 0.900312 0.732794 0.009346 0.032389
0 0.701713 0.305668 0.028037 0.072874
1 0.487539 0.815789 0.057632 0.113360
0 0.471184 0.451417 0.028037 0.085020
1 0.403427 0.807692 0.035826 0.093117
1 0.591900 0.827935 0.023364 0.044534
1 0.161994 0.305668 0.023364 0.060729
0 0.371495 0.487854 0.037383 0.113360
0 0.647196 0.251012 0.021807 0.032389
1 0.739875 0.582996 0.009346 0.024291
0 0.244548 0.714575 0.034268 0.085020
1 0.535826 0.771255 0.015576 0.032389
1 0.792835 0.273279 0.088785 0.214575
1 0.135514 0.591093 0.006231 0.016194
0 0.701713 0.714575 0.023364 0.085020
0 0.935358 0.236842 0.023364 0.056680
1 0.113707 0.704453 0.015576 0.044534
1 0.290498 0.192308 0.028037 0.048583
1 0.334112 0.655870 0.054517 0.129555
1 0.789720 0.957490 0.015576 0.056680
1 0.264798 0.483806 0.062305 0.129555
1 0.928349 0.279352 0.015576 0.048583
1 0.497664 0.419028 0.031153 0.109312
1 0.047508 0.595142 0.009346 0.016194
1 0.298287 0.246964 0.018692 0.048583
1 0.833333 0.427126 0.071651 0.182186
1 0.194704 0.769231 0.009346 0.048583
0 0.375389 0.862348 0.040498 0.117409
1 0.787383 0.674089 0.045171 0.068826
1 0.419782 0.423077 0.091900 0.178138
