1 0.910436 0.708502 0.035826 0.101215
1 0.707944 0.419028 0.026480 0.068826
0 0.752336 0.506073 0.029595 0.072874
1 0.528816 0.597166 0.028037 0.080972
1 0.148754 0.890688 0.040498 0.076923
1 0.477414 0.651822 0.071651 0.194332
0 0.264798 0.510121 0.059190 0.153846
0 0.104361 0.817814 0.031153 0.097166
0 0.848910 0.303644 0.020249 0.052632
1 0.234424 0.419028 0.015576 0.036437
1 0.872274 0.870445 0.006231 0.024291
0 0.394860 0.931174 0.031153 0.076923
1 0.228193 0.384615 0.020249 0.040486
1 0.421340 0.576923 0.052960 0.101215
0 0.884735 0.269231 0.054517 0.149798
1 0.820872 0.854251 0.021807 0.060729
0 0.328660 0.773279 0.049844 0.113360
1 0.707944 0.246964 0.012461 0.036437
0 0.433022 0.921053 0.023364 0.068826
1 0.804517 0.437247 0.020249 0.080972
1 0.805296 0.621457 0.043614 0.105263
1 0.690810 0.564777 0.026480 0.076923
1 0.070872 0.775304 0.051402 0.153846
0 0.812305 0.463563 0.023364 0.068826
1 0.313084 0.297571 0.012461 0.068826
1 0.799065 0.951417 0.015576 0.048583
0 0.779595 0.319838 0.031153 0.085020
0 0.454050 0.465587 0.021807 0.064777
1 0.229751 0.255061 0.007788 0.024291
1 0.771807 0.848178 0.045171 0.125506
0 0.623053 0.388664 0.040498 0.089069
1 0.445483 0.854251 0.012461 0.032389
0 0.822430 0.414980 0.010903 0.032389
0 0.556075 0.716599 0.012461 0.064777
0 0.109034 0.744939 0.031153 0.080972
1 0.771807 0.360324 0.028037 0.072874
0 0.568536 0.900810 0.024922 0.052632
1 0.757788 0.589069 0.020249 0.048583
0 0.682243 0.864372 0.029595 0.113360
1 0.095016 0.344130 0.010903 0.032389
0 0.863707 0.957490 0.012461 0.032389
1 0.059190 0.884615 0.032710 0.068826
1 0.379283 0.540486 0.009346 0.028340
1 0.143302 0.619433 0.017134 0.052632
1 0.178349 0.441296 0.007788 0.016194
1 0.744548 0.125506 0.012461 0.024291
1 0.686137 0.145749 0.017134 0.036437
1 0.258567 0.182186 0.031153 0.101215
0 0.792835 0.736842 0.015576 0.040486
1 0.568536 0.526316 0.059190 0.109312
1 0.850467 0.728745 0.048287 0.178138
1 0.050623 0.155870 0.020249 0.056680
1 0.503115 0.516194 0.026480 0.044534
1 0.370717 0.279352 0.020249 0.064777
1 0.746106 0.475709 0.029595 0.060729
1 0.338006 0.562753 0.037383 0.072874
0 0.724299 0.724696 0.015576 0.044534
1 0.623053 0.771255 0.028037 0.085020
