0 0.671340 0.471660 0.070093 0.149798
0 0.327882 0.153846 0.034268 0.105263
1 0.536604 0.649798 0.009346 0.028340
1 0.494548 0.228745 0.032710 0.109312
1 0.242991 0.481781 0.028037 0.080972
1 0.887072 0.461538 0.029595 0.080972
1 0.502336 0.354251 0.024922 0.068826
0 0.485981 0.755061 0.042056 0.085020
0 0.647975 0.240891 0.021807 0.048583
1 0.447819 0.370445 0.045171 0.080972
1 0.444704 0.811741 0.020249 0.052632
1 0.745327 0.364372 0.062305 0.133603
1 0.793614 0.398785 0.035826 0.117409
1 0.299065 0.625506 0.077882 0.206478
0 0.580997 0.834008 0.029595 0.064777
0 0.353583 0.238866 0.068536 0.125506
1 0.232087 0.890688 0.054517 0.105263
1 0.455607 0.153846 0.031153 0.076923
0 0.461059 0.348178 0.026480 0.060729
1 0.420561 0.914980 0.029595 0.085020
1 0.200935 0.738866 0.029595 0.101215
0 0.736760 0.769231 0.065421 0.170040
1 0.315421 0.437247 0.043614 0.125506
0 0.827882 0.601215 0.007788 0.020243
0 0.386293 0.718623 0.021807 0.097166
0 0.405763 0.313765 0.012461 0.036437
1 0.821651 0.524291 0.021807 0.097166
1 0.154206 0.394737 0.015576 0.032389
1 0.266355 0.854251 0.018692 0.052632
1 0.828660 0.159919 0.026480 0.060729
1 0.853583 0.514170 0.021807 0.040486
0 0.093458 0.771255 0.035826 0.109312
0 0.549844 0.710526 0.028037 0.044534
0 0.225078 0.279352 0.090343 0.165992
1 0.093458 0.552632 0.038941 0.105263
1 0.780374 0.607287 0.006231 0.016194
1 0.813863 0.218623 0.017134 0.032389
1 0.897196 0.623482 0.059190 0.141700
1 0.626168 0.352227 0.014019 0.040486
1 0.575545 0.493927 0.046729 0.133603
0 0.835670 0.240891 0.023364 0.064777
1 0.314642 0.336032 0.040498 0.101215
1 0.106698 0.342105 0.024922 0.097166
1 0.890966 0.287449 0.037383 0.121457
1 0.904984 0.815789 0.029595 0.068826
0 0.608255 0.919028 0.035826 0.056680
1 0.074766 0.279352 0.063863 0.133603
1 0.415888 0.483806 0.042056 0.093117
0 0.451713 0.455466 0.020249 0.052632
1 0.640187 0.797571 0.034268 0.072874
0 0.487539 0.900810 0.009346 0.028340
0 0.927570 0.582996 0.028037 0.056680
1 0.461838 0.615385 0.015576 0.056680
1 0.584891 0.629555 0.023364 0.105263
1 0.732087 0.564777 0.035826 0.145749
0 0.927570 0.297571 0.020249 0.052632
1 0.439252 0.170040 0.021807 0.060729
