1 0.855919 0.834008 0.026480 0.064777
1 0.093458 0.459514 0.071651 0.174089
1 0.840343 0.726721 0.040498 0.129555
0 0.642523 0.560729 0.024922 0.125506
1 0.753115 0.860324 0.015576 0.032389
1 0.580218 0.348178 0.065421 0.113360
0 0.603583 0.860324 0.034268 0.101215
1 0.378505 0.585020 0.032710 0.056680
1 0.411994 0.220648 0.014019 0.020243
0 0.341121 0.502024 0.015576 0.028340
1 0.131620 0.174089 0.014019 0.028340
1 0.158879 0.836032 0.029595 0.097166
1 0.785826 0.196356 0.082555 0.117409
0 0.326324 0.862348 0.004673 0.016194
0 0.532710 0.386640 0.024922 0.060729
0 0.334112 0.621457 0.042056 0.093117
0 0.281931 0.694332 0.028037 0.085020
0 0.912773 0.516194 0.040498 0.076923
1 0.515576 0.554656 0.034268 0.097166
1 0.163551 0.364372 0.028037 0.068826
0 0.277259 0.323887 0.009346 0.032389
0 0.462617 0.374494 0.023364 0.048583
1 0.123832 0.686235 0.084112 0.246964
1 0.723520 0.281377 0.010903 0.028340
1 0.373053 0.678138 0.046729 0.137652
1 0.141745 0.929150 0.026480 0.036437
1 0.245327 0.408907 0.038941 0.113360
1 0.908100 0.329960 0.026480 0.076923
0 0.334891 0.846154 0.009346 0.024291
0 0.096573 0.896761 0.026480 0.068826
0 0.659657 0.477733 0.018692 0.064777
1 0.497664 0.789474 0.021807 0.076923
0 0.595794 0.560729 0.040498 0.157895
1 0.373053 0.827935 0.018692 0.036437
1 0.507788 0.605263 0.043614 0.097166
1 0.793614 0.362348 0.045171 0.137652
1 0.194704 0.504049 0.052960 0.089069
1 0.350467 0.194332 0.017134 0.052632
0 0.728972 0.204453 0.037383 0.076923
0 0.218847 0.360324 0.010903 0.032389
1 0.168224 0.325911 0.029595 0.085020
1 0.453271 0.852227 0.010903 0.052632
1 0.924455 0.888664 0.032710 0.080972
0 0.873832 0.267206 0.006231 0.012146
1 0.866044 0.570850 0.012461 0.028340
0 0.529595 0.137652 0.026480 0.064777
0 0.688474 0.696356 0.023364 0.060729
1 0.794393 0.255061 0.024922 0.085020
0 0.372274 0.145749 0.015576 0.040486
1 0.406542 0.795547 0.028037 0.064777
1 0.056854 0.155870 0.034268 0.064777
1 0.915109 0.293522 0.029595 0.089069
1 0.680685 0.619433 0.020249 0.048583
0 0.796729 0.870445 0.014019 0.028340
