0 0.312305 0.643725 0.038941 0.113360
1 0.538941 0.481781 0.010903 0.032389
1 0.473520 0.560729 0.063863 0.226721
1 0.848131 0.309717 0.052960 0.141700
0 0.647975 0.595142 0.091900 0.238866
1 0.830218 0.823887 0.034268 0.064777
0 0.907321 0.287449 0.010903 0.040486
1 0.139408 0.427126 0.080997 0.121457
1 0.587227 0.605263 0.046729 0.093117
1 0.397196 0.161943 0.035826 0.121457
0 0.067757 0.502024 0.043614 0.161943
1 0.831776 0.406883 0.020249 0.040486
0 0.216511 0.805668 0.029595 0.072874
0 0.272586 0.475709 0.004673 0.024291
1 0.463396 0.352227 0.021807 0.048583
0 0.773364 0.520243 0.042056 0.089069
1 0.836449 0.672065 0.012461 0.028340
1 0.670561 0.147773 0.029595 0.060729
1 0.903427 0.506073 0.051402 0.145749
1 0.054517 0.732794 0.023364 0.064777
1 0.618380 0.429150 0.057632 0.137652
1 0.652648 0.441296 0.054517 0.113360
1 0.621495 0.939271 0.031153 0.089069
1 0.419782 0.394737 0.034268 0.093117
1 0.273364 0.269231 0.070093 0.246964
0 0.122274 0.813765 0.038941 0.113360
1 0.454829 0.161943 0.029595 0.105263
0 0.214953 0.765182 0.024922 0.056680
0 0.602025 0.777328 0.024922 0.089069
0 0.461059 0.858300 0.018692 0.048583
0 0.204050 0.261134 0.029595 0.101215
1 0.129283 0.655870 0.040498 0.105263
0 0.545171 0.850202 0.009346 0.020243
0 0.711059 0.530364 0.017134 0.040486
1 0.246106 0.560729 0.040498 0.056680
0 0.642523 0.313765 0.032710 0.060729
1 0.782710 0.449393 0.017134 0.056680
0 0.366822 0.437247 0.038941 0.117409
1 0.779595 0.232794 0.040498 0.109312
1 0.635514 0.204453 0.012461 0.036437
0 0.845016 0.761134 0.020249 0.040486
1 0.253894 0.617409 0.021807 0.052632
0 0.272586 0.939271 0.026480 0.089069
