1 0.095794 0.910931 0.018692 0.048583
1 0.575545 0.732794 0.088785 0.202429
0 0.930685 0.232794 0.043614 0.072874
1 0.153427 0.585020 0.026480 0.056680
0 0.503115 0.803644 0.042056 0.113360
0 0.222741 0.358300 0.037383 0.129555
0 0.929128 0.530364 0.045171 0.113360
0 0.797508 0.595142 0.054517 0.165992
1 0.808411 0.378543 0.032710 0.076923
1 0.267134 0.631579 0.073209 0.145749
0 0.897975 0.659919 0.031153 0.101215
1 0.411994 0.313765 0.007788 0.020243
1 0.489875 0.398785 0.010903 0.028340
1 0.491433 0.429150 0.015576 0.044534
1 0.423676 0.566802 0.032710 0.101215
0 0.887850 0.244939 0.018692 0.044534
1 0.563863 0.406883 0.014019 0.052632
1 0.483645 0.301619 0.007788 0.020243
0 0.316978 0.599190 0.010903 0.032389
1 0.633956 0.971660 0.006231 0.016194
0 0.843458 0.168016 0.037383 0.076923
1 0.679907 0.196356 0.028037 0.060729
1 0.717290 0.710526 0.018692 0.036437
1 0.240654 0.489879 0.054517 0.157895
1 0.228972 0.973684 0.017134 0.032389
1 0.732087 0.451417 0.043614 0.125506
1 0.253894 0.378543 0.023364 0.068826
1 0.790498 0.710526 0.076324 0.202429
1 0.860592 0.811741 0.028037 0.129555
0 0.589564 0.939271 0.004673 0.016194
1 0.376947 0.817814 0.012461 0.052632
0 0.807632 0.927126 0.023364 0.056680
0 0.693925 0.491903 0.012461 0.036437
0 0.336449 0.645749 0.031153 0.052632
0 0.524922 0.706478 0.028037 0.064777
1 0.411215 0.939271 0.010903 0.024291
1 0.718847 0.607287 0.062305 0.149798
1 0.242212 0.740891 0.007788 0.024291
0 0.359813 0.582996 0.007788 0.024291
1 0.450935 0.655870 0.042056 0.121457
0 0.153427 0.465587 0.060748 0.170040
1 0.901869 0.858300 0.054517 0.141700
1 0.626168 0.957490 0.015576 0.028340
1 0.126947 0.773279 0.037383 0.109312
1 0.893302 0.400810 0.026480 0.072874
1 0.140966 0.874494 0.020249 0.097166
0 0.181464 0.273279 0.015576 0.044534
1 0.197819 0.485830 0.042056 0.125506
1 0.784268 0.208502 0.021807 0.052632
0 0.365265 0.896761 0.017134 0.036437
1 0.751558 0.639676 0.056075 0.190283
0 0.049065 0.176113 0.010903 0.028340
1 0.337227 0.230769 0.048287 0.093117
0 0.699377 0.927126 0.040498 0.076923
1 0.322430 0.178138 0.021807 0.044534
0 0.909657 0.914980 0.043614 0.109312
