1 0.901090 0.321862 0.034268 0.101215
0 0.264798 0.425101 0.037383 0.105263
0 0.798287 0.552632 0.026480 0.076923
0 0.679128 0.641700 0.006231 0.012146
1 0.827103 0.491903 0.029595 0.064777
1 0.129283 0.473684 0.029595 0.097166
0 0.536604 0.261134 0.091900 0.226721
1 0.479751 0.532389 0.038941 0.133603
1 0.582555 0.580972 0.035826 0.109312
1 0.049844 0.605263 0.018692 0.048583
1 0.586449 0.159919 0.026480 0.085020
1 0.195483 0.174089 0.017134 0.036437
1 0.504673 0.595142 0.017134 0.052632
0 0.280374 0.265182 0.024922 0.056680
1 0.935358 0.661943 0.031153 0.056680
0 0.850467 0.336032 0.032710 0.097166
1 0.108255 0.860324 0.066978 0.165992
1 0.630062 0.376518 0.054517 0.085020
1 0.371495 0.510121 0.012461 0.032389
0 0.661994 0.431174 0.017134 0.056680
0 0.732087 0.433198 0.015576 0.040486
0 0.545950 0.394737 0.007788 0.020243
0 0.432243 0.263158 0.015576 0.032389
0 0.339564 0.469636 0.056075 0.157895
1 0.494548 0.267206 0.101246 0.234818
0 0.337227 0.617409 0.051402 0.117409
0 0.124611 0.570850 0.032710 0.080972
0 0.406542 0.465587 0.024922 0.076923
1 0.246885 0.742915 0.031153 0.089069
1 0.579439 0.186235 0.062305 0.080972
1 0.836449 0.793522 0.023364 0.060729
1 0.700156 0.313765 0.049844 0.129555
0 0.190810 0.386640 0.042056 0.097166
1 0.450935 0.829960 0.031153 0.105263
0 0.904206 0.655870 0.057632 0.161943
0 0.289720 0.856275 0.037383 0.125506
0 0.207944 0.645749 0.051402 0.125506
0 0.623832 0.309717 0.023364 0.052632
1 0.264798 0.196356 0.018692 0.028340
0 0.277259 0.325911 0.028037 0.085020
0 0.218069 0.775304 0.010903 0.028340
1 0.675234 0.414980 0.014019 0.044534
0 0.149533 0.795547 0.024922 0.044534
0 0.796729 0.404858 0.042056 0.145749
