0 0.425234 0.538462 0.006231 0.016194
1 0.810748 0.263158 0.066978 0.174089
1 0.855919 0.190283 0.024922 0.080972
1 0.693925 0.578947 0.029595 0.076923
1 0.549844 0.344130 0.034268 0.109312
0 0.246885 0.585020 0.043614 0.129555
1 0.829439 0.730769 0.052960 0.222672
1 0.563863 0.512146 0.112150 0.190283
1 0.423676 0.591093 0.012461 0.024291
1 0.493769 0.386640 0.040498 0.101215
1 0.073988 0.119433 0.020249 0.024291
1 0.921340 0.459514 0.038941 0.097166
0 0.762461 0.406883 0.017134 0.044534
1 0.704829 0.680162 0.014019 0.056680
1 0.889408 0.811741 0.046729 0.105263
1 0.257788 0.251012 0.040498 0.097166
1 0.393302 0.593117 0.023364 0.072874
1 0.897975 0.910931 0.010903 0.056680
1 0.489875 0.244939 0.020249 0.048583
0 0.151090 0.323887 0.015576 0.036437
1 0.865265 0.321862 0.020249 0.072874
1 0.085670 0.917004 0.035826 0.113360
1 0.465732 0.775304 0.063863 0.141700
1 0.711838 0.309717 0.048287 0.137652
1 0.254673 0.888664 0.010903 0.028340
1 0.920561 0.248988 0.037383 0.089069
0 0.218847 0.607287 0.046729 0.129555
0 0.771028 0.914980 0.026480 0.076923
1 0.936916 0.971660 0.014019 0.028340
1 0.598910 0.692308 0.042056 0.068826
0 0.517134 0.704453 0.028037 0.080972
1 0.618380 0.510121 0.029595 0.129555
1 0.514019 0.386640 0.048287 0.161943
0 0.915109 0.637652 0.021807 0.060729
1 0.485981 0.858300 0.088785 0.194332
1 0.563084 0.682186 0.012461 0.036437
1 0.649533 0.856275 0.024922 0.089069
0 0.742212 0.548583 0.048287 0.117409
1 0.352804 0.809717 0.087227 0.198381
0 0.144081 0.287449 0.007788 0.024291
