0 0.247664 0.530364 0.015576 0.036437
1 0.881620 0.210526 0.026480 0.085020
0 0.764798 0.273279 0.035826 0.076923
0 0.707165 0.236842 0.077882 0.214575
1 0.544393 0.631579 0.037383 0.109312
1 0.087227 0.838057 0.038941 0.121457
0 0.267134 0.222672 0.023364 0.068826
1 0.134735 0.406883 0.057632 0.133603
1 0.492212 0.242915 0.018692 0.040486
0 0.461838 0.761134 0.068536 0.141700
0 0.744548 0.443320 0.063863 0.137652
1 0.420561 0.238866 0.073209 0.157895
1 0.832555 0.589069 0.049844 0.125506
0 0.497664 0.605263 0.020249 0.048583
0 0.403427 0.568826 0.007788 0.020243
0 0.644860 0.967611 0.007788 0.024291
1 0.876168 0.497976 0.010903 0.032389
0 0.528037 0.176113 0.024922 0.060729
0 0.809190 0.582996 0.034268 0.133603
1 0.584112 0.493927 0.040498 0.085020
0 0.102804 0.548583 0.018692 0.044534
1 0.645639 0.799595 0.009346 0.028340
1 0.140187 0.688259 0.026480 0.052632
0 0.818536 0.348178 0.063863 0.137652
1 0.281153 0.842105 0.015576 0.036437
1 0.169782 0.866397 0.012461 0.032389
1 0.906542 0.502024 0.018692 0.056680
1 0.321651 0.538462 0.101246 0.153846
1 0.901869 0.323887 0.018692 0.044534
1 0.166667 0.706478 0.040498 0.129555
1 0.930685 0.914980 0.051402 0.109312
0 0.538162 0.236842 0.014019 0.052632
0 0.375389 0.627530 0.020249 0.044534
1 0.530374 0.388664 0.014019 0.040486
1 0.182243 0.366397 0.038941 0.085020
1 0.440031 0.147773 0.020249 0.048583
0 0.468847 0.242915 0.040498 0.085020
0 0.645639 0.908907 0.042056 0.125506
1 0.369159 0.216599 0.026480 0.068826
1 0.608255 0.672065 0.012461 0.032389
1 0.638629 0.388664 0.035826 0.101215
0 0.490654 0.477733 0.035826 0.113360
1 0.702492 0.811741 0.045171 0.109312
0 0.624611 0.368421 0.040498 0.097166
0 0.083333 0.344130 0.042056 0.121457
