1 0.570093 0.694332 0.014019 0.080972
1 0.528816 0.291498 0.018692 0.040486
1 0.643302 0.226721 0.040498 0.072874
0 0.530374 0.619433 0.034268 0.064777
1 0.830218 0.921053 0.014019 0.044534
1 0.176012 0.495951 0.082555 0.251012
0 0.531931 0.439271 0.018692 0.052632
0 0.801402 0.617409 0.034268 0.101215
1 0.642523 0.627530 0.006231 0.024291
1 0.718069 0.744939 0.042056 0.113360
1 0.186137 0.682186 0.063863 0.133603
1 0.265576 0.668016 0.037383 0.089069
1 0.080218 0.775304 0.023364 0.052632
0 0.390966 0.570850 0.010903 0.028340
1 0.071651 0.159919 0.026480 0.044534
0 0.460280 0.246964 0.051402 0.145749
0 0.274922 0.380567 0.028037 0.056680
1 0.672897 0.526316 0.020249 0.048583
1 0.196262 0.892713 0.035826 0.080972
1 0.144860 0.350202 0.045171 0.117409
1 0.770249 0.665992 0.010903 0.036437
1 0.797508 0.188259 0.024922 0.085020
1 0.942368 0.186235 0.029595 0.076923
1 0.380841 0.338057 0.017134 0.044534
0 0.888629 0.726721 0.004673 0.012146
0 0.513240 0.912955 0.060748 0.121457
1 0.367601 0.694332 0.051402 0.149798
1 0.475078 0.334008 0.066978 0.149798
0 0.230530 0.475709 0.057632 0.161943
1 0.399533 0.261134 0.017134 0.036437
0 0.539720 0.117409 0.012461 0.040486
0 0.317757 0.226721 0.049844 0.121457
0 0.443146 0.572874 0.024922 0.064777
