0 0.392523 0.502024 0.059190 0.105263
1 0.647975 0.759109 0.021807 0.052632
1 0.667445 0.556680 0.063863 0.165992
1 0.297508 0.609312 0.031153 0.072874
0 0.296729 0.248988 0.038941 0.145749
1 0.917445 0.461538 0.009346 0.024291
0 0.320872 0.459514 0.028037 0.121457
0 0.932243 0.524291 0.028037 0.076923
0 0.190031 0.508097 0.015576 0.044534
1 0.804517 0.605263 0.059190 0.161943
1 0.461059 0.607287 0.073209 0.198381
0 0.521807 0.767206 0.015576 0.044534
0 0.863707 0.443320 0.007788 0.024291
1 0.185358 0.925101 0.010903 0.040486
1 0.550623 0.556680 0.017134 0.044534
1 0.880841 0.289474 0.093458 0.202429
0 0.392523 0.220648 0.020249 0.052632
1 0.065421 0.617409 0.012461 0.024291
0 0.922118 0.680162 0.006231 0.016194
1 0.501558 0.431174 0.021807 0.076923
0 0.122274 0.580972 0.045171 0.068826
1 0.252336 0.307692 0.024922 0.056680
0 0.433801 0.218623 0.024922 0.097166
1 0.324766 0.836032 0.010903 0.036437
0 0.551402 0.906883 0.015576 0.036437
1 0.410436 0.769231 0.043614 0.105263
0 0.759346 0.621457 0.010903 0.024291
1 0.183022 0.615385 0.010903 0.024291
0 0.931464 0.344130 0.040498 0.109312
1 0.725078 0.425101 0.073209 0.198381
1 0.686137 0.248988 0.073209 0.174089
1 0.857477 0.708502 0.049844 0.113360
1 0.208723 0.457490 0.018692 0.052632
0 0.072430 0.779352 0.014019 0.036437
0 0.365265 0.694332 0.056075 0.186235
1 0.815421 0.844130 0.015576 0.072874
1 0.401869 0.554656 0.051402 0.121457
1 0.683801 0.912955 0.029595 0.064777
0 0.358255 0.248988 0.048287 0.085020
0 0.552960 0.659919 0.059190 0.121457
1 0.141745 0.680162 0.048287 0.157895
1 0.629283 0.188259 0.046729 0.101215
0 0.299844 0.528340 0.045171 0.157895
1 0.096573 0.927126 0.024922 0.056680
