0 0.882399 0.222672 0.043614 0.105263
1 0.812305 0.370445 0.043614 0.117409
1 0.626168 0.283401 0.010903 0.040486
0 0.683801 0.696356 0.015576 0.032389
0 0.069315 0.524291 0.029595 0.076923
1 0.608255 0.479757 0.051402 0.202429
1 0.176791 0.412955 0.074766 0.251012
1 0.601246 0.821862 0.026480 0.101215
1 0.074766 0.670040 0.017134 0.040486
1 0.826324 0.192308 0.034268 0.089069
1 0.276480 0.783401 0.021807 0.036437
1 0.377726 0.740891 0.018692 0.036437
1 0.299065 0.188259 0.012461 0.036437
1 0.122274 0.133603 0.007788 0.016194
0 0.908879 0.560729 0.010903 0.036437
1 0.824766 0.603239 0.110592 0.303644
1 0.432243 0.807692 0.077882 0.129555
1 0.619938 0.157895 0.021807 0.064777
1 0.138629 0.740891 0.080997 0.206478
1 0.547508 0.860324 0.020249 0.060729
1 0.297508 0.376518 0.014019 0.040486
1 0.823988 0.321862 0.056075 0.076923
1 0.921340 0.457490 0.049844 0.129555
1 0.557632 0.870445 0.024922 0.105263
1 0.264798 0.751012 0.023364 0.044534
0 0.794393 0.127530 0.018692 0.052632
1 0.557632 0.562753 0.046729 0.157895
1 0.857477 0.218623 0.024922 0.105263
0 0.869159 0.449393 0.035826 0.080972
0 0.619938 0.815789 0.045171 0.105263
0 0.369938 0.890688 0.035826 0.105263
0 0.235981 0.803644 0.017134 0.044534
