1 0.278037 0.222672 0.015576 0.024291
1 0.079439 0.927126 0.009346 0.024291
0 0.856698 0.283401 0.017134 0.044534
1 0.457165 0.890688 0.032710 0.089069
1 0.162773 0.631579 0.035826 0.085020
1 0.423676 0.257085 0.020249 0.048583
1 0.274143 0.147773 0.015576 0.032389
1 0.342679 0.534413 0.009346 0.016194
0 0.608255 0.582996 0.046729 0.121457
1 0.318536 0.941296 0.037383 0.076923
1 0.849688 0.906883 0.052960 0.121457
1 0.054517 0.858300 0.015576 0.040486
1 0.718847 0.931174 0.017134 0.080972
0 0.091121 0.447368 0.054517 0.182186
0 0.326324 0.704453 0.029595 0.060729
1 0.558411 0.327935 0.040498 0.072874
0 0.925234 0.467611 0.023364 0.064777
0 0.603583 0.267206 0.007788 0.016194
1 0.753894 0.538462 0.007788 0.024291
0 0.881620 0.556680 0.028037 0.064777
1 0.711059 0.840081 0.042056 0.149798
1 0.889408 0.346154 0.012461 0.020243
1 0.402648 0.789474 0.026480 0.068826
1 0.479751 0.259109 0.009346 0.020243
1 0.071651 0.633603 0.043614 0.141700
1 0.467290 0.510121 0.054517 0.129555
1 0.614486 0.825911 0.038941 0.145749
0 0.857477 0.761134 0.023364 0.048583
1 0.717290 0.329960 0.091900 0.141700
0 0.778037 0.759109 0.014019 0.016194
0 0.431464 0.445344 0.012461 0.040486
1 0.926791 0.886640 0.007788 0.040486
1 0.597352 0.708502 0.057632 0.141700
1 0.480530 0.803644 0.035826 0.068826
1 0.155763 0.255061 0.049844 0.194332
1 0.197819 0.556680 0.018692 0.040486
1 0.537383 0.718623 0.023364 0.068826
0 0.289720 0.597166 0.034268 0.093117
1 0.494548 0.791498 0.026480 0.085020
1 0.412773 0.799595 0.018692 0.064777
1 0.366822 0.791498 0.023364 0.068826
1 0.623832 0.301619 0.014019 0.040486
