1 0.950156 0.692308 0.006231 0.028340
1 0.302960 0.605263 0.010903 0.044534
0 0.117601 0.350202 0.063863 0.161943
0 0.482087 0.508097 0.049844 0.085020
1 0.611371 0.269231 0.035826 0.113360
1 0.573209 0.645749 0.037383 0.064777
1 0.587227 0.406883 0.029595 0.080972
1 0.708723 0.323887 0.141745 0.356275
1 0.457944 0.846154 0.057632 0.121457
0 0.903427 0.947368 0.015576 0.036437
0 0.516355 0.572874 0.038941 0.072874
1 0.848910 0.356275 0.040498 0.085020
0 0.183022 0.232794 0.018692 0.060729
1 0.367601 0.429150 0.049844 0.097166
1 0.371495 0.303644 0.052960 0.141700
0 0.055296 0.595142 0.021807 0.044534
0 0.126168 0.785425 0.021807 0.048583
0 0.355919 0.165992 0.045171 0.129555
1 0.869159 0.506073 0.054517 0.068826
1 0.571651 0.504049 0.037383 0.052632
0 0.494548 0.919028 0.009346 0.028340
0 0.312305 0.234818 0.015576 0.064777
0 0.373832 0.831984 0.042056 0.145749
1 0.388629 0.467611 0.023364 0.064777
1 0.218847 0.755061 0.056075 0.182186
1 0.067757 0.427126 0.056075 0.133603
1 0.568536 0.898785 0.024922 0.056680
0 0.211838 0.275304 0.032710 0.076923
1 0.764019 0.585020 0.012461 0.036437
1 0.536604 0.641700 0.035826 0.068826
0 0.397975 0.121457 0.017134 0.048583
1 0.193146 0.556680 0.012461 0.024291
0 0.401090 0.188259 0.048287 0.109312
1 0.241433 0.599190 0.049844 0.149798
1 0.133178 0.234818 0.034268 0.089069
0 0.647196 0.866397 0.043614 0.101215
0 0.718847 0.670040 0.024922 0.064777
0 0.567757 0.204453 0.010903 0.020243
1 0.514798 0.372470 0.037383 0.129555
1 0.882399 0.801619 0.037383 0.089069
1 0.341121 0.336032 0.040498 0.117409
0 0.417445 0.362348 0.012461 0.020243
1 0.048287 0.554656 0.006231 0.024291
0 0.501558 0.127530 0.018692 0.044534
0 0.086449 0.200405 0.007788 0.020243
0 0.926012 0.449393 0.021807 0.052632
0 0.311526 0.562753 0.023364 0.072874
