0 0.721184 0.216599 0.018692 0.060729
1 0.707944 0.886640 0.052960 0.157895
1 0.264019 0.763158 0.079439 0.125506
1 0.323209 0.738866 0.006231 0.012146
1 0.085670 0.801619 0.051402 0.125506
1 0.314642 0.848178 0.042056 0.072874
1 0.146417 0.657895 0.045171 0.133603
1 0.839564 0.400810 0.003115 0.008097
0 0.928349 0.380567 0.023364 0.048583
1 0.154206 0.400810 0.043614 0.129555
1 0.367601 0.307692 0.040498 0.113360
1 0.223520 0.696356 0.034268 0.097166
0 0.647196 0.631579 0.029595 0.076923
1 0.335670 0.417004 0.068536 0.157895
1 0.241433 0.627530 0.034268 0.060729
1 0.563084 0.453441 0.032710 0.064777
0 0.668224 0.506073 0.032710 0.080972
1 0.505452 0.815789 0.048287 0.109312
1 0.862928 0.127530 0.012461 0.020243
0 0.599688 0.133603 0.035826 0.080972
1 0.688474 0.611336 0.024922 0.089069
1 0.117601 0.732794 0.009346 0.024291
1 0.100467 0.186235 0.010903 0.040486
1 0.076324 0.145749 0.031153 0.056680
0 0.089564 0.937247 0.038941 0.056680
1 0.232866 0.299595 0.068536 0.141700
0 0.476636 0.558704 0.009346 0.024291
1 0.135514 0.518219 0.045171 0.085020
0 0.226636 0.443320 0.010903 0.028340
1 0.420561 0.271255 0.057632 0.182186
0 0.165888 0.248988 0.015576 0.056680
0 0.819315 0.200405 0.015576 0.036437
1 0.763240 0.591093 0.028037 0.064777
1 0.924455 0.925101 0.015576 0.028340
1 0.320872 0.921053 0.017134 0.040486
1 0.643302 0.210526 0.043614 0.121457
1 0.688474 0.157895 0.031153 0.056680
1 0.529595 0.334008 0.051402 0.149798
0 0.929907 0.568826 0.020249 0.056680
1 0.500779 0.718623 0.037383 0.125506
1 0.133956 0.376518 0.034268 0.125506
1 0.487539 0.463563 0.059190 0.121457
0 0.744548 0.366397 0.021807 0.060729
1 0.859813 0.647773 0.023364 0.052632
1 0.773364 0.394737 0.031153 0.076923
0 0.464953 0.819838 0.034268 0.085020
0 0.556075 0.807692 0.048287 0.105263
1 0.377726 0.384615 0.012461 0.048583
1 0.839564 0.880567 0.035826 0.101215
0 0.091121 0.358300 0.040498 0.085020
0 0.588785 0.170040 0.043614 0.093117
1 0.138629 0.121457 0.021807 0.044534
1 0.763240 0.874494 0.035826 0.072874
1 0.246106 0.862348 0.031153 0.129555
