1 0.767913 0.303644 0.048287 0.117409
1 0.402648 0.534413 0.038941 0.165992
0 0.676012 0.174089 0.049844 0.133603
0 0.381620 0.329960 0.020249 0.052632
0 0.675234 0.570850 0.035826 0.080972
1 0.440031 0.821862 0.062305 0.182186
0 0.916667 0.757085 0.070093 0.259109
0 0.605919 0.842105 0.074766 0.170040
1 0.395639 0.633603 0.034268 0.093117
1 0.713396 0.532389 0.048287 0.097166
0 0.358255 0.500000 0.017134 0.056680
0 0.830997 0.303644 0.010903 0.024291
0 0.661215 0.803644 0.045171 0.109312
1 0.054517 0.127530 0.012461 0.036437
1 0.152648 0.396761 0.014019 0.032389
1 0.647196 0.334008 0.087227 0.226721
1 0.939252 0.202429 0.029595 0.080972
1 0.548287 0.327935 0.040498 0.101215
1 0.741433 0.846154 0.088785 0.174089
1 0.329439 0.149798 0.038941 0.052632
0 0.504673 0.425101 0.034268 0.097166
1 0.080997 0.674089 0.017134 0.036437
1 0.087227 0.228745 0.020249 0.036437
1 0.428349 0.607287 0.034268 0.105263
1 0.892523 0.246964 0.006231 0.016194
0 0.463396 0.601215 0.018692 0.048583
1 0.081776 0.898785 0.015576 0.048583
0 0.383956 0.726721 0.014019 0.036437
0 0.497664 0.621457 0.031153 0.080972
1 0.285047 0.870445 0.021807 0.052632
1 0.293614 0.287449 0.023364 0.064777
1 0.900312 0.473684 0.043614 0.109312
1 0.846573 0.977733 0.007788 0.024291
1 0.133956 0.777328 0.012461 0.040486
1 0.782710 0.842105 0.056075 0.109312
0 0.713396 0.196356 0.012461 0.020243
1 0.242212 0.674089 0.068536 0.161943
0 0.658879 0.627530 0.009346 0.024291
1 0.656542 0.894737 0.012461 0.028340
1 0.585670 0.593117 0.031153 0.056680
1 0.091121 0.433198 0.048287 0.109312
0 0.526480 0.552632 0.024922 0.056680
1 0.866822 0.538462 0.026480 0.064777
0 0.067757 0.621457 0.034268 0.076923
1 0.823209 0.168016 0.017134 0.060729
1 0.052960 0.451417 0.029595 0.056680
1 0.531153 0.439271 0.038941 0.105263
1 0.375389 0.862348 0.038941 0.117409
1 0.195483 0.325911 0.012461 0.032389
0 0.774922 0.384615 0.040498 0.068826
1 0.641745 0.663968 0.021807 0.044534
1 0.397975 0.819838 0.052960 0.174089
