0 0.348910 0.255061 0.059190 0.129555
1 0.296729 0.674089 0.042056 0.097166
1 0.108255 0.522267 0.018692 0.044534
1 0.362150 0.536437 0.021807 0.052632
1 0.262461 0.431174 0.057632 0.178138
0 0.824766 0.129555 0.004673 0.016194
1 0.212617 0.542510 0.018692 0.040486
1 0.224299 0.811741 0.038941 0.133603
1 0.259346 0.186235 0.023364 0.044534
1 0.306854 0.194332 0.063863 0.117409
1 0.390187 0.263158 0.049844 0.141700
1 0.908100 0.866397 0.024922 0.068826
1 0.607477 0.730769 0.012461 0.028340
0 0.801402 0.182186 0.023364 0.089069
1 0.707944 0.807692 0.052960 0.133603
1 0.306854 0.370445 0.051402 0.101215
1 0.697819 0.627530 0.021807 0.064777
1 0.792056 0.649798 0.020249 0.044534
0 0.620717 0.220648 0.029595 0.085020
1 0.771028 0.493927 0.034268 0.113360
0 0.161994 0.933198 0.009346 0.024291
0 0.281931 0.831984 0.026480 0.133603
0 0.146417 0.384615 0.046729 0.076923
0 0.639408 0.734818 0.032710 0.093117
1 0.644081 0.321862 0.040498 0.101215
0 0.699377 0.216599 0.046729 0.141700
1 0.226636 0.925101 0.037383 0.076923
1 0.500779 0.198381 0.070093 0.153846
1 0.154984 0.516194 0.076324 0.186235
1 0.524143 0.961538 0.015576 0.036437
0 0.810748 0.261134 0.029595 0.072874
1 0.577882 0.242915 0.068536 0.125506
1 0.869938 0.313765 0.038941 0.113360
1 0.050623 0.417004 0.018692 0.080972
0 0.067757 0.698381 0.031153 0.089069
0 0.251558 0.568826 0.021807 0.044534
0 0.056854 0.370445 0.035826 0.072874
1 0.855140 0.898785 0.071651 0.161943
1 0.444704 0.696356 0.028037 0.137652
0 0.486760 0.649798 0.042056 0.089069
1 0.520249 0.736842 0.065421 0.186235
1 0.100467 0.358300 0.028037 0.093117
