0 0.172897 0.287449 0.104361 0.246964
1 0.742991 0.874494 0.040498 0.085020
0 0.080997 0.659919 0.023364 0.076923
1 0.894081 0.336032 0.035826 0.097166
0 0.838785 0.303644 0.023364 0.064777
0 0.739097 0.234818 0.046729 0.157895
1 0.651090 0.556680 0.029595 0.097166
1 0.320872 0.455466 0.060748 0.149798
1 0.456386 0.838057 0.038941 0.101215
1 0.408879 0.301619 0.032710 0.085020
0 0.667445 0.805668 0.038941 0.089069
0 0.276480 0.459514 0.060748 0.117409
1 0.182243 0.763158 0.102804 0.255061
0 0.096573 0.623482 0.012461 0.028340
0 0.603583 0.682186 0.017134 0.068826
1 0.372274 0.872470 0.031153 0.113360
1 0.495327 0.346154 0.014019 0.044534
0 0.801402 0.135628 0.032710 0.056680
1 0.176791 0.414980 0.038941 0.093117
1 0.519470 0.520243 0.065421 0.137652
0 0.466511 0.582996 0.023364 0.064777
1 0.309190 0.629555 0.010903 0.032389
0 0.396417 0.801619 0.049844 0.085020
1 0.521807 0.279352 0.040498 0.125506
1 0.097352 0.396761 0.034268 0.076923
0 0.572430 0.704453 0.014019 0.032389
0 0.232087 0.423077 0.017134 0.036437
0 0.869159 0.657895 0.028037 0.064777
0 0.908100 0.896761 0.034268 0.080972
1 0.362928 0.578947 0.018692 0.040486
1 0.350467 0.534413 0.024922 0.052632
1 0.068536 0.483806 0.018692 0.048583
0 0.440031 0.601215 0.026480 0.089069
0 0.479751 0.506073 0.026480 0.056680
1 0.882399 0.506073 0.018692 0.072874
0 0.872274 0.621457 0.023364 0.060729
1 0.869938 0.414980 0.040498 0.089069
1 0.085670 0.876518 0.071651 0.125506
1 0.767134 0.475709 0.014019 0.024291
0 0.922118 0.196356 0.024922 0.060729
1 0.726636 0.696356 0.007788 0.024291
1 0.114486 0.957490 0.020249 0.060729
1 0.317757 0.263158 0.049844 0.178138
1 0.287383 0.712551 0.026480 0.089069
1 0.306075 0.726721 0.038941 0.093117
0 0.464953 0.153846 0.009346 0.032389
1 0.790498 0.659919 0.057632 0.210526
0 0.053738 0.400810 0.018692 0.056680
0 0.096573 0.781377 0.006231 0.016194
1 0.783489 0.214575 0.021807 0.056680
1 0.509346 0.184211 0.043614 0.113360
1 0.686137 0.560729 0.056075 0.194332
1 0.940031 0.831984 0.017134 0.040486
0 0.130841 0.580972 0.042056 0.129555
1 0.890187 0.576923 0.015576 0.032389
0 0.744548 0.663968 0.017134 0.036437
0 0.553738 0.838057 0.028037 0.076923
0 0.917445 0.627530 0.035826 0.072874
