0 0.303738 0.263158 0.024922 0.048583
0 0.447819 0.663968 0.038941 0.060729
1 0.512461 0.882591 0.046729 0.076923
1 0.644860 0.234818 0.043614 0.137652
0 0.908100 0.208502 0.062305 0.117409
0 0.628505 0.356275 0.035826 0.080972
0 0.303738 0.759109 0.023364 0.040486
1 0.215732 0.388664 0.045171 0.125506
1 0.436916 0.943320 0.020249 0.032389
1 0.099688 0.382591 0.090343 0.137652
1 0.831776 0.398785 0.105919 0.226721
1 0.362928 0.902834 0.034268 0.089069
0 0.750779 0.538462 0.037383 0.068826
0 0.700156 0.631579 0.007788 0.024291
0 0.829439 0.192308 0.062305 0.174089
1 0.606698 0.635628 0.042056 0.161943
1 0.750000 0.267206 0.014019 0.020243
1 0.615265 0.838057 0.029595 0.109312
0 0.559969 0.261134 0.007788 0.020243
1 0.286604 0.757085 0.014019 0.048583
1 0.764019 0.858300 0.066978 0.182186
1 0.578660 0.566802 0.035826 0.052632
1 0.524922 0.344130 0.028037 0.097166
1 0.312305 0.732794 0.018692 0.052632
1 0.421340 0.923077 0.014019 0.040486
0 0.496885 0.852227 0.040498 0.125506
1 0.199377 0.619433 0.040498 0.113360
1 0.478193 0.161943 0.045171 0.093117
1 0.347352 0.445344 0.043614 0.101215
0 0.623832 0.143725 0.018692 0.048583
0 0.066199 0.497976 0.012461 0.036437
0 0.308411 0.914980 0.048287 0.105263
0 0.904984 0.801619 0.034268 0.113360
1 0.239875 0.550607 0.024922 0.044534
1 0.558411 0.564777 0.032710 0.064777
1 0.417445 0.532389 0.042056 0.089069
0 0.125389 0.896761 0.029595 0.080972
1 0.865265 0.769231 0.054517 0.129555
0 0.247664 0.212551 0.057632 0.125506
1 0.579439 0.305668 0.015576 0.048583
0 0.700156 0.170040 0.010903 0.028340
1 0.188474 0.212551 0.017134 0.032389
1 0.648754 0.744939 0.035826 0.068826
1 0.689252 0.516194 0.028037 0.068826
0 0.741433 0.172065 0.029595 0.085020
0 0.502336 0.374494 0.043614 0.133603
1 0.750779 0.408907 0.010903 0.036437
1 0.116822 0.714575 0.066978 0.129555
1 0.056075 0.568826 0.014019 0.040486
0 0.379283 0.817814 0.052960 0.129555
0 0.096573 0.914980 0.029595 0.072874
1 0.912773 0.323887 0.043614 0.161943
0 0.237539 0.917004 0.006231 0.028340
