1 0.367601 0.248988 0.037383 0.076923
0 0.878505 0.352227 0.079439 0.145749
0 0.462617 0.874494 0.023364 0.080972
1 0.507788 0.601215 0.010903 0.020243
0 0.288941 0.746964 0.020249 0.064777
1 0.378505 0.651822 0.032710 0.068826
1 0.776480 0.354251 0.017134 0.060729
1 0.221184 0.510121 0.074766 0.165992
1 0.294393 0.303644 0.090343 0.141700
1 0.378505 0.728745 0.032710 0.093117
0 0.718069 0.744939 0.046729 0.133603
1 0.267913 0.633603 0.021807 0.056680
1 0.400312 0.595142 0.017134 0.048583
1 0.836449 0.668016 0.099688 0.303644
1 0.306854 0.631579 0.046729 0.129555
1 0.664330 0.836032 0.031153 0.165992
0 0.494548 0.819838 0.026480 0.125506
0 0.655763 0.232794 0.056075 0.097166
1 0.446262 0.388664 0.090343 0.145749
1 0.745327 0.718623 0.038941 0.133603
0 0.214953 0.793522 0.052960 0.105263
1 0.651869 0.728745 0.010903 0.032389
1 0.214953 0.641700 0.010903 0.032389
1 0.084891 0.698381 0.042056 0.068826
1 0.592679 0.461538 0.060748 0.149798
0 0.434579 0.123482 0.004673 0.028340
0 0.759346 0.848178 0.028037 0.072874
1 0.676012 0.919028 0.038941 0.101215
1 0.892523 0.449393 0.023364 0.076923
1 0.689252 0.469636 0.042056 0.109312
0 0.141745 0.526316 0.017134 0.068826
1 0.684579 0.194332 0.029595 0.145749
1 0.059190 0.277328 0.029595 0.101215
0 0.957165 0.319838 0.004673 0.024291
1 0.176791 0.761134 0.046729 0.141700
