1 0.683022 0.827935 0.015576 0.060729
1 0.830218 0.265182 0.004673 0.020243
1 0.922897 0.419028 0.037383 0.109312
0 0.676791 0.382591 0.057632 0.109312
1 0.345016 0.285425 0.012461 0.044534
1 0.338006 0.601215 0.015576 0.052632
0 0.467290 0.376518 0.062305 0.190283
1 0.602804 0.435223 0.017134 0.036437
0 0.787383 0.412955 0.057632 0.194332
0 0.306075 0.174089 0.017134 0.028340
0 0.496106 0.680162 0.032710 0.129555
1 0.131620 0.718623 0.021807 0.068826
0 0.475857 0.619433 0.017134 0.024291
0 0.616822 0.876518 0.020249 0.044534
1 0.952492 0.238866 0.017134 0.056680
1 0.581776 0.645749 0.015576 0.056680
1 0.536604 0.190283 0.021807 0.044534
1 0.883956 0.834008 0.020249 0.056680
1 0.309969 0.700405 0.021807 0.068826
0 0.271807 0.412955 0.010903 0.028340
1 0.848910 0.443320 0.074766 0.174089
0 0.531931 0.840081 0.017134 0.036437
1 0.619938 0.613360 0.056075 0.133603
0 0.944704 0.125506 0.028037 0.064777
1 0.806075 0.791498 0.037383 0.157895
0 0.416667 0.917004 0.012461 0.036437
1 0.626947 0.779352 0.021807 0.064777
0 0.281153 0.510121 0.018692 0.060729
1 0.253115 0.151822 0.021807 0.044534
0 0.306854 0.406883 0.020249 0.052632
