0 0.179128 0.279352 0.012461 0.016194
0 0.794393 0.580972 0.065421 0.194332
1 0.539720 0.502024 0.095016 0.214575
1 0.417445 0.858300 0.040498 0.145749
0 0.810748 0.959514 0.007788 0.024291
1 0.455607 0.487854 0.018692 0.044534
0 0.892523 0.196356 0.037383 0.076923
0 0.788162 0.767206 0.098131 0.226721
1 0.369938 0.388664 0.010903 0.036437
0 0.168224 0.366397 0.023364 0.060729
1 0.099688 0.823887 0.012461 0.028340
1 0.585670 0.657895 0.093458 0.170040
0 0.109034 0.487854 0.009346 0.028340
1 0.380841 0.722672 0.062305 0.145749
1 0.218847 0.937247 0.024922 0.064777
1 0.775701 0.645749 0.059190 0.105263
0 0.865265 0.840081 0.010903 0.028340
0 0.774143 0.953441 0.014019 0.036437
0 0.366822 0.781377 0.077882 0.149798
1 0.603583 0.374494 0.014019 0.040486
0 0.250000 0.291498 0.020249 0.048583
0 0.352804 0.578947 0.062305 0.117409
0 0.682243 0.400810 0.043614 0.117409
1 0.947040 0.342105 0.024922 0.064777
1 0.383178 0.279352 0.018692 0.052632
0 0.379283 0.190283 0.020249 0.040486
1 0.434579 0.678138 0.043614 0.097166
0 0.934579 0.453441 0.023364 0.060729
1 0.447819 0.289474 0.023364 0.036437
0 0.548287 0.892713 0.046729 0.125506
0 0.801402 0.392713 0.035826 0.076923
1 0.153427 0.384615 0.020249 0.056680
1 0.415888 0.497976 0.017134 0.056680
1 0.325545 0.234818 0.009346 0.024291
1 0.935358 0.829960 0.024922 0.076923
0 0.834891 0.939271 0.014019 0.028340
1 0.496106 0.740891 0.051402 0.121457
0 0.869159 0.700405 0.023364 0.052632
1 0.888629 0.587045 0.076324 0.190283
1 0.106698 0.708502 0.034268 0.080972
1 0.170561 0.765182 0.032710 0.121457
1 0.751558 0.813765 0.065421 0.222672
