0 0.320872 0.461538 0.113707 0.303644
0 0.575545 0.866397 0.080997 0.141700
1 0.919782 0.817814 0.015576 0.052632
0 0.084112 0.528340 0.012461 0.036437
1 0.929128 0.635628 0.042056 0.101215
1 0.712617 0.716599 0.054517 0.141700
1 0.065421 0.352227 0.026480 0.060729
1 0.788162 0.771255 0.032710 0.089069
1 0.465732 0.149798 0.034268 0.056680
0 0.752336 0.234818 0.021807 0.064777
1 0.666667 0.382591 0.046729 0.194332
1 0.769470 0.439271 0.015576 0.028340
0 0.690031 0.419028 0.051402 0.186235
1 0.192368 0.645749 0.026480 0.072874
1 0.714174 0.791498 0.032710 0.109312
1 0.274922 0.860324 0.054517 0.165992
1 0.769470 0.834008 0.024922 0.085020
0 0.865265 0.771255 0.021807 0.048583
1 0.911215 0.874494 0.012461 0.024291
0 0.859813 0.603239 0.020249 0.056680
0 0.589564 0.613360 0.029595 0.052632
0 0.406542 0.611336 0.035826 0.109312
0 0.483645 0.437247 0.062305 0.174089
0 0.860592 0.528340 0.026480 0.072874
1 0.144860 0.327935 0.059190 0.149798
1 0.669782 0.884615 0.017134 0.036437
1 0.040498 0.815789 0.006231 0.028340
1 0.408879 0.301619 0.032710 0.080972
1 0.933022 0.746964 0.015576 0.044534
1 0.723520 0.894737 0.007788 0.024291
