1 0.752336 0.435223 0.035826 0.109312
1 0.387850 0.473684 0.009346 0.024291
1 0.287383 0.742915 0.012461 0.036437
1 0.161994 0.651822 0.071651 0.182186
0 0.707165 0.757085 0.028037 0.052632
1 0.201713 0.406883 0.043614 0.133603
0 0.470405 0.773279 0.012461 0.032389
0 0.838785 0.821862 0.071651 0.153846
1 0.598131 0.864372 0.031153 0.080972
0 0.272586 0.495951 0.031153 0.064777
0 0.275701 0.910931 0.015576 0.044534
0 0.670561 0.159919 0.026480 0.052632
1 0.239875 0.582996 0.012461 0.040486
1 0.767134 0.643725 0.015576 0.040486
0 0.618380 0.163968 0.012461 0.044534
0 0.644081 0.670040 0.054517 0.121457
0 0.909657 0.526316 0.062305 0.161943
1 0.721963 0.803644 0.020249 0.064777
0 0.309969 0.941296 0.015576 0.044534
1 0.655763 0.568826 0.024922 0.060729
1 0.617601 0.617409 0.040498 0.089069
1 0.384735 0.591093 0.031153 0.101215
1 0.509346 0.659919 0.010903 0.032389
0 0.088785 0.722672 0.068536 0.174089
0 0.861371 0.417004 0.020249 0.044534
0 0.781153 0.836032 0.017134 0.020243
0 0.470405 0.570850 0.056075 0.137652
1 0.711059 0.315789 0.028037 0.085020
1 0.528037 0.514170 0.043614 0.097166
1 0.361371 0.544534 0.018692 0.036437
1 0.566199 0.783401 0.042056 0.097166
0 0.269470 0.402834 0.028037 0.064777
0 0.280374 0.690283 0.015576 0.044534
0 0.317757 0.690283 0.035826 0.080972
1 0.622274 0.854251 0.035826 0.052632
1 0.320093 0.232794 0.048287 0.101215
1 0.404206 0.639676 0.040498 0.113360
1 0.163551 0.192308 0.045171 0.141700
1 0.071651 0.165992 0.034268 0.097166
0 0.288941 0.921053 0.026480 0.064777
0 0.528816 0.653846 0.020249 0.048583
1 0.896417 0.649798 0.020249 0.036437
1 0.477414 0.645749 0.046729 0.157895
1 0.475078 0.188259 0.009346 0.036437
1 0.348910 0.417004 0.014019 0.048583
0 0.911215 0.295547 0.070093 0.141700
0 0.630062 0.139676 0.010903 0.020243
1 0.762461 0.180162 0.020249 0.060729
1 0.287383 0.283401 0.026480 0.064777
1 0.072430 0.410931 0.018692 0.052632
1 0.486760 0.321862 0.057632 0.198381
1 0.165888 0.894737 0.014019 0.044534
1 0.378505 0.386640 0.029595 0.068826
0 0.357477 0.368421 0.023364 0.060729
1 0.524922 0.906883 0.042056 0.097166
1 0.567757 0.180162 0.032710 0.109312
