0 0.336449 0.680162 0.070093 0.194332
0 0.360592 0.370445 0.021807 0.036437
0 0.886293 0.127530 0.009346 0.032389
1 0.070872 0.279352 0.038941 0.068826
0 0.750779 0.493927 0.010903 0.040486
1 0.052181 0.560729 0.018692 0.060729
1 0.598910 0.864372 0.007788 0.020243
0 0.249221 0.257085 0.040498 0.097166
0 0.774143 0.580972 0.043614 0.105263
1 0.268692 0.682186 0.049844 0.117409
0 0.919782 0.546559 0.020249 0.052632
1 0.166667 0.344130 0.048287 0.093117
1 0.641745 0.376518 0.037383 0.105263
0 0.734424 0.827935 0.007788 0.016194
1 0.102025 0.736842 0.010903 0.024291
1 0.797508 0.502024 0.017134 0.032389
1 0.823988 0.311741 0.021807 0.068826
1 0.636293 0.927126 0.023364 0.101215
1 0.202492 0.538462 0.034268 0.080972
0 0.536604 0.528340 0.071651 0.190283
1 0.462617 0.297571 0.059190 0.174089
0 0.383956 0.168016 0.004673 0.012146
0 0.602804 0.214575 0.015576 0.044534
0 0.662773 0.653846 0.007788 0.012146
1 0.911994 0.860324 0.024922 0.105263
1 0.204050 0.868421 0.065421 0.182186
1 0.911994 0.329960 0.071651 0.202429
0 0.142523 0.919028 0.004673 0.008097
0 0.228972 0.461538 0.010903 0.040486
0 0.644860 0.645749 0.021807 0.056680
0 0.077103 0.925101 0.029595 0.089069
1 0.619159 0.866397 0.014019 0.044534
1 0.573209 0.572874 0.065421 0.129555
0 0.638629 0.757085 0.020249 0.093117
0 0.317757 0.576923 0.043614 0.129555
1 0.894860 0.937247 0.018692 0.052632
