1 0.394860 0.633603 0.085670 0.117409
0 0.238318 0.585020 0.029595 0.085020
0 0.733645 0.678138 0.046729 0.133603
0 0.207944 0.263158 0.010903 0.040486
0 0.748442 0.609312 0.021807 0.052632
0 0.171340 0.303644 0.054517 0.149798
1 0.182243 0.485830 0.031153 0.068826
1 0.218069 0.491903 0.028037 0.064777
0 0.842679 0.400810 0.023364 0.093117
0 0.110592 0.396761 0.007788 0.016194
1 0.377726 0.572874 0.066978 0.202429
1 0.179128 0.587045 0.009346 0.024291
1 0.464953 0.327935 0.065421 0.141700
0 0.561526 0.874494 0.026480 0.064777
0 0.133178 0.730769 0.023364 0.048583
0 0.598910 0.449393 0.040498 0.178138
1 0.118380 0.271255 0.018692 0.040486
1 0.204050 0.161943 0.021807 0.068826
1 0.059190 0.945344 0.018692 0.040486
1 0.903427 0.165992 0.031153 0.089069
0 0.862150 0.346154 0.012461 0.032389
0 0.848910 0.767206 0.015576 0.044534
0 0.873053 0.392713 0.028037 0.048583
1 0.658100 0.868421 0.056075 0.133603
0 0.750000 0.518219 0.020249 0.040486
1 0.947819 0.443320 0.010903 0.020243
1 0.331776 0.720648 0.062305 0.210526
1 0.522586 0.281377 0.012461 0.032389
1 0.397975 0.876518 0.076324 0.125506
1 0.143302 0.787449 0.031153 0.064777
1 0.433022 0.374494 0.048287 0.085020
