1 0.221963 0.303644 0.026480 0.085020
0 0.338006 0.838057 0.060748 0.174089
1 0.747664 0.821862 0.012461 0.024291
0 0.688474 0.429150 0.024922 0.076923
1 0.757009 0.619433 0.037383 0.129555
1 0.161994 0.151822 0.042056 0.080972
0 0.720405 0.471660 0.010903 0.028340
1 0.502336 0.117409 0.015576 0.032389
0 0.441589 0.653846 0.062305 0.129555
1 0.062305 0.631579 0.031153 0.085020
0 0.400312 0.485830 0.048287 0.121457
0 0.652648 0.929150 0.034268 0.097166
0 0.160436 0.623482 0.029595 0.068826
1 0.440031 0.746964 0.046729 0.113360
1 0.710280 0.388664 0.026480 0.076923
1 0.286604 0.305668 0.076324 0.206478
0 0.308411 0.159919 0.021807 0.056680
1 0.653427 0.765182 0.034268 0.113360
0 0.414330 0.724696 0.014019 0.044534
0 0.780374 0.323887 0.018692 0.048583
0 0.551402 0.141700 0.028037 0.080972
1 0.303738 0.714575 0.095016 0.267206
0 0.880062 0.643725 0.015576 0.032389
0 0.877726 0.204453 0.024922 0.072874
1 0.436916 0.564777 0.046729 0.097166
0 0.684579 0.900810 0.014019 0.036437
1 0.049844 0.708502 0.023364 0.056680
0 0.598910 0.358300 0.071651 0.129555
1 0.683801 0.528340 0.023364 0.048583
1 0.472741 0.303644 0.020249 0.044534
0 0.130841 0.582996 0.035826 0.064777
1 0.158879 0.775304 0.045171 0.165992
1 0.890966 0.902834 0.043614 0.101215
0 0.731308 0.931174 0.023364 0.044534
1 0.619159 0.923077 0.010903 0.044534
1 0.060748 0.360324 0.017134 0.044534
1 0.728972 0.510121 0.007788 0.036437
0 0.609813 0.688259 0.057632 0.170040
1 0.820872 0.390688 0.034268 0.109312
1 0.231308 0.836032 0.059190 0.161943
0 0.818536 0.631579 0.028037 0.060729
0 0.579439 0.550607 0.020249 0.052632
1 0.865265 0.390688 0.077882 0.145749
0 0.679128 0.674089 0.029595 0.064777
0 0.514019 0.382591 0.040498 0.105263
