0 0.612150 0.698381 0.012461 0.052632
0 0.488318 0.552632 0.035826 0.117409
0 0.655763 0.165992 0.012461 0.032389
1 0.573988 0.797571 0.007788 0.032389
0 0.309969 0.520243 0.026480 0.064777
0 0.095016 0.111336 0.006231 0.012146
0 0.792056 0.702429 0.035826 0.080972
1 0.712617 0.236842 0.029595 0.056680
1 0.782710 0.384615 0.113707 0.259109
1 0.420561 0.834008 0.031153 0.085020
0 0.855919 0.277328 0.007788 0.028340
0 0.929907 0.698381 0.040498 0.060729
1 0.426791 0.218623 0.028037 0.080972
1 0.722741 0.925101 0.018692 0.028340
0 0.655763 0.605263 0.043614 0.068826
1 0.188474 0.222672 0.040498 0.129555
0 0.840343 0.149798 0.024922 0.076923
1 0.338006 0.536437 0.021807 0.060729
1 0.080218 0.589069 0.026480 0.076923
0 0.274922 0.935223 0.026480 0.072874
0 0.461838 0.485830 0.010903 0.044534
1 0.225857 0.862348 0.065421 0.190283
1 0.722741 0.682186 0.028037 0.072874
0 0.916667 0.435223 0.021807 0.072874
0 0.359813 0.487854 0.018692 0.036437
1 0.608255 0.927126 0.046729 0.093117
0 0.686137 0.542510 0.054517 0.125506
0 0.066978 0.838057 0.007788 0.024291
1 0.866822 0.382591 0.004673 0.020243
1 0.076324 0.726721 0.042056 0.097166
1 0.359034 0.188259 0.009346 0.028340
1 0.563863 0.344130 0.040498 0.145749
0 0.246885 0.244939 0.028037 0.064777
1 0.062305 0.623482 0.009346 0.036437
1 0.399533 0.230769 0.024922 0.105263
1 0.080218 0.864372 0.007788 0.020243
1 0.636293 0.663968 0.048287 0.129555
1 0.901869 0.645749 0.024922 0.068826
1 0.144081 0.536437 0.031153 0.093117
0 0.848131 0.325911 0.028037 0.060729
0 0.669003 0.196356 0.012461 0.040486
0 0.447040 0.854251 0.017134 0.044534
1 0.150312 0.386640 0.057632 0.076923
0 0.806075 0.500000 0.084112 0.190283
0 0.899533 0.500000 0.035826 0.089069
1 0.236760 0.271255 0.023364 0.052632
1 0.879283 0.348178 0.021807 0.068826
0 0.383956 0.564777 0.040498 0.093117
0 0.875389 0.674089 0.037383 0.089069
1 0.842679 0.827935 0.043614 0.133603
1 0.171340 0.463563 0.035826 0.080972
0 0.235981 0.684211 0.051402 0.117409
1 0.362150 0.868421 0.046729 0.133603
0 0.609034 0.445344 0.032710 0.072874
1 0.153427 0.653846 0.012461 0.040486
0 0.755452 0.708502 0.043614 0.113360
