1 0.770249 0.550607 0.031153 0.080972
0 0.236760 0.706478 0.012461 0.036437
0 0.638629 0.356275 0.080997 0.234818
1 0.659657 0.910931 0.021807 0.068826
0 0.678349 0.783401 0.024922 0.052632
0 0.908879 0.789474 0.093458 0.161943
1 0.795950 0.783401 0.017134 0.076923
1 0.235202 0.293522 0.024922 0.068826
1 0.928349 0.613360 0.031153 0.064777
0 0.162773 0.526316 0.052960 0.105263
0 0.521028 0.317814 0.020249 0.076923
1 0.457165 0.680162 0.046729 0.153846
1 0.196262 0.435223 0.035826 0.101215
1 0.174455 0.651822 0.028037 0.072874
0 0.563084 0.378543 0.051402 0.121457
0 0.411215 0.234818 0.009346 0.028340
1 0.461838 0.388664 0.040498 0.109312
1 0.896417 0.473684 0.024922 0.040486
1 0.104361 0.809717 0.099688 0.234818
1 0.660436 0.489879 0.031153 0.044534
1 0.859034 0.694332 0.046729 0.113360
0 0.722741 0.765182 0.015576 0.056680
1 0.678349 0.945344 0.023364 0.044534
1 0.513240 0.580972 0.080997 0.170040
0 0.742212 0.751012 0.021807 0.085020
0 0.616044 0.487854 0.017134 0.040486
1 0.621495 0.945344 0.024922 0.072874
0 0.458723 0.838057 0.020249 0.048583
1 0.314642 0.510121 0.077882 0.210526
0 0.105919 0.621457 0.010903 0.044534
0 0.231308 0.672065 0.017134 0.048583
1 0.313863 0.645749 0.026480 0.052632
1 0.840343 0.461538 0.023364 0.056680
1 0.350467 0.862348 0.014019 0.064777
0 0.680685 0.354251 0.048287 0.109312
0 0.278037 0.192308 0.037383 0.101215
1 0.609034 0.904858 0.021807 0.048583
1 0.450935 0.540486 0.007788 0.024291
1 0.475857 0.921053 0.020249 0.080972
0 0.402648 0.823887 0.009346 0.024291
0 0.749221 0.627530 0.043614 0.097166
0 0.771028 0.394737 0.009346 0.028340
1 0.228972 0.763158 0.014019 0.036437
0 0.341900 0.949393 0.004673 0.012146
1 0.356698 0.325911 0.009346 0.028340
1 0.334112 0.945344 0.010903 0.024291
0 0.626947 0.692308 0.040498 0.068826
1 0.169003 0.431174 0.028037 0.072874
1 0.369159 0.753036 0.046729 0.141700
1 0.438474 0.530364 0.007788 0.036437
1 0.130841 0.392713 0.031153 0.068826
0 0.489097 0.838057 0.029595 0.093117
0 0.865265 0.159919 0.012461 0.036437
0 0.660436 0.856275 0.021807 0.052632
1 0.848131 0.585020 0.049844 0.214575
0 0.868380 0.253036 0.010903 0.028340
1 0.651090 0.651822 0.032710 0.060729
1 0.700935 0.269231 0.040498 0.125506
