1 0.753894 0.645749 0.028037 0.064777
1 0.838006 0.123482 0.009346 0.036437
1 0.661215 0.172065 0.037383 0.109312
1 0.737539 0.890688 0.057632 0.141700
1 0.450935 0.742915 0.037383 0.064777
0 0.239875 0.350202 0.048287 0.117409
1 0.560748 0.844130 0.052960 0.093117
0 0.630062 0.856275 0.028037 0.064777
1 0.345016 0.449393 0.010903 0.028340
1 0.150312 0.404858 0.010903 0.016194
1 0.594237 0.769231 0.029595 0.093117
1 0.482087 0.955466 0.010903 0.036437
1 0.219626 0.898785 0.018692 0.048583
1 0.704050 0.410931 0.084112 0.157895
1 0.485981 0.378543 0.063863 0.141700
1 0.124611 0.722672 0.056075 0.125506
1 0.699377 0.910931 0.029595 0.072874
1 0.582555 0.706478 0.042056 0.109312
1 0.777259 0.485830 0.009346 0.032389
0 0.102804 0.576923 0.023364 0.060729
1 0.291277 0.370445 0.087227 0.323887
1 0.124611 0.261134 0.049844 0.109312
1 0.934579 0.655870 0.038941 0.105263
0 0.083333 0.315789 0.015576 0.052632
0 0.894860 0.585020 0.051402 0.145749
1 0.173676 0.398785 0.017134 0.036437
0 0.905763 0.659919 0.038941 0.085020
1 0.233645 0.708502 0.018692 0.048583
1 0.644860 0.439271 0.057632 0.161943
1 0.085670 0.238866 0.026480 0.060729
1 0.726636 0.451417 0.059190 0.149798
0 0.788941 0.860324 0.034268 0.117409
1 0.103583 0.145749 0.009346 0.016194
1 0.267134 0.850202 0.029595 0.093117
1 0.579439 0.473684 0.021807 0.068826
