0 0.419782 0.597166 0.029595 0.117409
0 0.340343 0.882591 0.032710 0.072874
1 0.926791 0.846154 0.009346 0.020243
1 0.497664 0.611336 0.037383 0.121457
1 0.338785 0.912955 0.028037 0.093117
1 0.399533 0.809717 0.032710 0.068826
1 0.524143 0.489879 0.037383 0.093117
1 0.126168 0.384615 0.051402 0.161943
1 0.842679 0.518219 0.073209 0.129555
1 0.154206 0.623482 0.099688 0.299595
0 0.691589 0.925101 0.020249 0.052632
0 0.847352 0.908907 0.024922 0.052632
1 0.088006 0.704453 0.029595 0.072874
1 0.650312 0.465587 0.023364 0.056680
1 0.708723 0.805668 0.049844 0.210526
0 0.408100 0.714575 0.046729 0.109312
0 0.781153 0.281377 0.018692 0.040486
0 0.549844 0.631579 0.032710 0.080972
1 0.089564 0.329960 0.046729 0.137652
1 0.813084 0.277328 0.043614 0.097166
1 0.547508 0.908907 0.024922 0.080972
1 0.214174 0.663968 0.084112 0.234818
1 0.852025 0.246964 0.031153 0.105263
0 0.666667 0.627530 0.048287 0.105263
1 0.726636 0.388664 0.012461 0.052632
0 0.496885 0.933198 0.038941 0.105263
1 0.711838 0.238866 0.066978 0.210526
1 0.509346 0.255061 0.024922 0.068826
1 0.103583 0.435223 0.054517 0.141700
0 0.062305 0.625506 0.015576 0.032389
1 0.753115 0.495951 0.028037 0.080972
0 0.857477 0.702429 0.017134 0.060729
1 0.584112 0.726721 0.014019 0.048583
0 0.250000 0.868421 0.034268 0.125506
1 0.560748 0.350202 0.021807 0.085020
1 0.716511 0.595142 0.080997 0.242915
1 0.753894 0.174089 0.035826 0.093117
0 0.925234 0.465587 0.021807 0.064777
1 0.141745 0.283401 0.093458 0.178138
1 0.521807 0.767206 0.031153 0.052632
1 0.087227 0.238866 0.032710 0.076923
