1 0.734424 0.795547 0.004673 0.020243
1 0.622274 0.544534 0.040498 0.137652
1 0.283489 0.564777 0.031153 0.129555
1 0.620717 0.696356 0.032710 0.076923
1 0.672118 0.346154 0.084112 0.279352
0 0.244548 0.645749 0.035826 0.141700
1 0.540498 0.445344 0.063863 0.170040
1 0.487539 0.273279 0.101246 0.218623
1 0.111371 0.692308 0.014019 0.044534
1 0.542835 0.137652 0.020249 0.036437
1 0.744548 0.368421 0.017134 0.056680
0 0.595794 0.435223 0.042056 0.129555
0 0.901090 0.467611 0.017134 0.056680
1 0.434579 0.548583 0.035826 0.080972
1 0.419782 0.844130 0.028037 0.080972
1 0.182243 0.242915 0.093458 0.125506
1 0.227414 0.419028 0.104361 0.210526
0 0.285826 0.163968 0.034268 0.121457
1 0.746106 0.649798 0.018692 0.076923
1 0.452492 0.872470 0.043614 0.105263
1 0.353583 0.670040 0.024922 0.040486
0 0.489097 0.605263 0.049844 0.101215
1 0.550623 0.690283 0.048287 0.129555
1 0.927570 0.564777 0.056075 0.226721
1 0.378505 0.724696 0.023364 0.064777
0 0.070093 0.564777 0.023364 0.048583
1 0.348910 0.872470 0.057632 0.129555
0 0.881620 0.943320 0.031153 0.056680
1 0.062305 0.850202 0.006231 0.024291
1 0.563863 0.269231 0.028037 0.064777
1 0.172897 0.961538 0.012461 0.048583
1 0.602025 0.202429 0.028037 0.101215
1 0.781153 0.797571 0.012461 0.044534
1 0.670561 0.953441 0.007788 0.016194
0 0.783489 0.678138 0.006231 0.020243
1 0.423676 0.204453 0.071651 0.149798
0 0.548287 0.251012 0.018692 0.040486
0 0.397196 0.880567 0.031153 0.085020
1 0.464174 0.591093 0.048287 0.121457
1 0.478972 0.949393 0.024922 0.064777
0 0.613707 0.376518 0.056075 0.137652
1 0.049844 0.597166 0.015576 0.040486
1 0.394081 0.161943 0.035826 0.101215
