1 0.131620 0.338057 0.031153 0.101215
0 0.505452 0.694332 0.017134 0.040486
1 0.062305 0.133603 0.009346 0.024291
0 0.464953 0.127530 0.010903 0.036437
1 0.553738 0.429150 0.042056 0.117409
1 0.707165 0.291498 0.060748 0.137652
1 0.316978 0.423077 0.035826 0.056680
0 0.560748 0.281377 0.059190 0.287449
0 0.889408 0.204453 0.038941 0.137652
1 0.800623 0.309717 0.021807 0.036437
0 0.508567 0.338057 0.046729 0.101215
1 0.689252 0.898785 0.014019 0.032389
0 0.626947 0.178138 0.043614 0.117409
1 0.242991 0.902834 0.018692 0.064777
0 0.640966 0.781377 0.051402 0.149798
0 0.813863 0.898785 0.040498 0.109312
0 0.050623 0.742915 0.014019 0.028340
1 0.268692 0.427126 0.079439 0.149798
0 0.456386 0.451417 0.018692 0.036437
1 0.448598 0.530364 0.054517 0.093117
1 0.234424 0.718623 0.029595 0.044534
0 0.263240 0.941296 0.023364 0.068826
0 0.587227 0.702429 0.012461 0.028340
1 0.409657 0.755061 0.056075 0.153846
0 0.165109 0.289474 0.009346 0.028340
0 0.503894 0.119433 0.029595 0.052632
0 0.465732 0.910931 0.028037 0.056680
1 0.785826 0.153846 0.010903 0.024291
0 0.072430 0.807692 0.020249 0.048583
0 0.799065 0.469636 0.048287 0.093117
0 0.607477 0.172065 0.043614 0.044534
1 0.799844 0.230769 0.034268 0.093117
1 0.852025 0.886640 0.051402 0.133603
0 0.770249 0.210526 0.031153 0.072874
1 0.498442 0.408907 0.012461 0.024291
1 0.266355 0.730769 0.031153 0.072874
0 0.685358 0.344130 0.071651 0.178138
0 0.200156 0.338057 0.020249 0.048583
1 0.191589 0.908907 0.035826 0.105263
0 0.658100 0.540486 0.007788 0.020243
0 0.870717 0.797571 0.062305 0.121457
1 0.453271 0.623482 0.052960 0.157895
1 0.232866 0.607287 0.023364 0.076923
1 0.753894 0.550607 0.035826 0.076923
0 0.816199 0.327935 0.026480 0.080972
1 0.237539 0.336032 0.024922 0.056680
0 0.517134 0.649798 0.028037 0.076923
1 0.362150 0.860324 0.035826 0.121457
1 0.629283 0.251012 0.012461 0.028340
1 0.633956 0.449393 0.010903 0.032389
1 0.397975 0.174089 0.035826 0.085020
1 0.327103 0.532389 0.012461 0.044534
1 0.296729 0.170040 0.049844 0.109312
0 0.253115 0.491903 0.048287 0.129555
0 0.798287 0.568826 0.046729 0.137652
1 0.711838 0.483806 0.012461 0.028340
1 0.637850 0.392713 0.010903 0.044534
0 0.286604 0.755061 0.020249 0.044534
