0 0.493769 0.882591 0.017134 0.048583
0 0.474299 0.269231 0.017134 0.044534
1 0.314642 0.599190 0.059190 0.170040
1 0.127726 0.439271 0.037383 0.076923
0 0.838006 0.506073 0.068536 0.206478
1 0.781153 0.706478 0.066978 0.226721
1 0.404206 0.811741 0.014019 0.032389
1 0.065421 0.323887 0.034268 0.149798
1 0.703271 0.874494 0.020249 0.048583
1 0.210280 0.763158 0.118380 0.190283
1 0.633956 0.605263 0.048287 0.076923
1 0.212617 0.497976 0.034268 0.060729
0 0.449377 0.882591 0.035826 0.141700
1 0.497664 0.680162 0.043614 0.113360
1 0.473520 0.900810 0.020249 0.040486
1 0.772586 0.394737 0.032710 0.068826
1 0.548287 0.827935 0.046729 0.093117
1 0.449377 0.441296 0.065421 0.202429
1 0.531153 0.257085 0.015576 0.032389
0 0.212617 0.443320 0.007788 0.020243
1 0.287383 0.585020 0.031153 0.060729
1 0.801402 0.433198 0.048287 0.178138
0 0.929128 0.777328 0.023364 0.048583
1 0.641745 0.180162 0.042056 0.129555
1 0.067757 0.651822 0.023364 0.060729
1 0.926791 0.218623 0.046729 0.157895
0 0.110592 0.611336 0.049844 0.109312
1 0.923676 0.617409 0.023364 0.085020
0 0.622274 0.811741 0.034268 0.097166
0 0.122274 0.876518 0.068536 0.129555
1 0.861371 0.753036 0.062305 0.255061
1 0.161994 0.471660 0.007788 0.012146
1 0.683022 0.665992 0.038941 0.068826
0 0.088006 0.228745 0.023364 0.024291
1 0.573209 0.817814 0.015576 0.032389
1 0.904206 0.827935 0.007788 0.024291
0 0.877726 0.477733 0.048287 0.076923
1 0.164330 0.356275 0.052960 0.121457
0 0.626168 0.214575 0.048287 0.121457
1 0.322430 0.441296 0.006231 0.016194
0 0.411994 0.886640 0.035826 0.080972
1 0.264019 0.366397 0.017134 0.036437
0 0.485981 0.854251 0.017134 0.052632
1 0.077103 0.712551 0.021807 0.044534
0 0.086449 0.757085 0.046729 0.068826
0 0.679907 0.342105 0.029595 0.064777
