0 0.592679 0.271255 0.014019 0.040486
1 0.828660 0.348178 0.021807 0.072874
1 0.052960 0.963563 0.023364 0.048583
1 0.088785 0.226721 0.054517 0.141700
0 0.663551 0.465587 0.057632 0.218623
0 0.898754 0.196356 0.024922 0.056680
1 0.346573 0.904858 0.018692 0.056680
0 0.236760 0.759109 0.010903 0.036437
0 0.957165 0.536437 0.007788 0.016194
1 0.434579 0.728745 0.062305 0.165992
1 0.732866 0.860324 0.014019 0.020243
1 0.817757 0.831984 0.018692 0.040486
1 0.088006 0.427126 0.060748 0.133603
0 0.679128 0.350202 0.023364 0.125506
1 0.207944 0.544534 0.060748 0.113360
0 0.350467 0.672065 0.040498 0.089069
1 0.408879 0.831984 0.107477 0.222672
0 0.717290 0.493927 0.020249 0.040486
1 0.474299 0.455466 0.042056 0.182186
1 0.430685 0.263158 0.031153 0.101215
0 0.265576 0.451417 0.062305 0.141700
1 0.915109 0.904858 0.010903 0.028340
0 0.453271 0.348178 0.031153 0.080972
0 0.587227 0.819838 0.045171 0.137652
1 0.065421 0.825911 0.006231 0.016194
0 0.505452 0.621457 0.046729 0.097166
1 0.155763 0.374494 0.051402 0.137652
0 0.852025 0.846154 0.014019 0.036437
1 0.138629 0.449393 0.045171 0.113360
1 0.767134 0.352227 0.020249 0.052632
1 0.044393 0.196356 0.006231 0.036437
1 0.577103 0.763158 0.035826 0.056680
