1 0.160436 0.344130 0.018692 0.040486
1 0.855919 0.520243 0.042056 0.141700
1 0.623053 0.157895 0.045171 0.105263
0 0.060748 0.676113 0.018692 0.040486
0 0.641745 0.696356 0.024922 0.076923
0 0.736760 0.530364 0.031153 0.085020
0 0.468847 0.542510 0.006231 0.016194
0 0.347352 0.904858 0.006231 0.020243
1 0.243769 0.275304 0.034268 0.080972
1 0.798287 0.257085 0.014019 0.044534
0 0.583333 0.398785 0.015576 0.040486
1 0.258567 0.380567 0.009346 0.024291
0 0.133956 0.917004 0.056075 0.137652
1 0.272586 0.890688 0.031153 0.056680
1 0.524922 0.202429 0.034268 0.105263
1 0.792835 0.331984 0.018692 0.048583
1 0.494548 0.218623 0.063863 0.214575
0 0.119159 0.728745 0.021807 0.048583
0 0.726636 0.708502 0.059190 0.157895
0 0.080997 0.643725 0.009346 0.028340
1 0.605919 0.489879 0.021807 0.044534
0 0.159657 0.811741 0.052960 0.149798
0 0.199377 0.265182 0.032710 0.080972
0 0.645639 0.925101 0.028037 0.052632
1 0.762461 0.275304 0.020249 0.056680
1 0.683801 0.560729 0.063863 0.210526
0 0.294393 0.661943 0.020249 0.040486
0 0.479751 0.864372 0.012461 0.028340
1 0.887072 0.350202 0.012461 0.028340
0 0.481308 0.712551 0.035826 0.085020
1 0.525701 0.819838 0.038941 0.109312
1 0.570872 0.174089 0.037383 0.080972
1 0.844237 0.372470 0.026480 0.040486
0 0.089564 0.242915 0.062305 0.178138
