1 0.791277 0.200405 0.028037 0.085020
1 0.200156 0.597166 0.076324 0.206478
1 0.827103 0.631579 0.028037 0.068826
0 0.573209 0.419028 0.034268 0.089069
0 0.577882 0.115385 0.009346 0.020243
0 0.126168 0.884615 0.037383 0.093117
0 0.808411 0.728745 0.037383 0.080972
1 0.921340 0.338057 0.052960 0.149798
0 0.361371 0.362348 0.028037 0.068826
1 0.243769 0.485830 0.023364 0.056680
1 0.243769 0.176113 0.024922 0.076923
0 0.261682 0.234818 0.040498 0.089069
0 0.871495 0.933198 0.009346 0.020243
0 0.274143 0.585020 0.032710 0.101215
1 0.277259 0.710526 0.085670 0.182186
1 0.551402 0.734818 0.021807 0.060729
0 0.901869 0.850202 0.049844 0.125506
1 0.661994 0.469636 0.032710 0.117409
1 0.087227 0.455466 0.038941 0.141700
1 0.831776 0.518219 0.021807 0.080972
1 0.630841 0.574899 0.024922 0.052632
1 0.894081 0.688259 0.034268 0.072874
0 0.232087 0.390688 0.054517 0.145749
0 0.638629 0.702429 0.057632 0.117409
1 0.447819 0.429150 0.034268 0.085020
0 0.552181 0.170040 0.026480 0.060729
1 0.809190 0.619433 0.015576 0.040486
1 0.425234 0.445344 0.040498 0.093117
0 0.616822 0.613360 0.015576 0.060729
1 0.324766 0.455466 0.017134 0.056680
1 0.231308 0.145749 0.024922 0.101215
