1 0.365265 0.510121 0.014019 0.072874
1 0.356698 0.429150 0.043614 0.109312
1 0.253894 0.352227 0.048287 0.141700
1 0.212617 0.949393 0.029595 0.068826
0 0.568536 0.429150 0.084112 0.178138
0 0.501558 0.694332 0.054517 0.202429
1 0.060748 0.487854 0.028037 0.056680
1 0.664330 0.493927 0.018692 0.052632
1 0.820093 0.360324 0.029595 0.080972
1 0.806854 0.777328 0.023364 0.048583
0 0.537383 0.350202 0.031153 0.089069
1 0.274922 0.655870 0.038941 0.080972
0 0.865265 0.172065 0.037383 0.089069
1 0.568536 0.338057 0.028037 0.089069
1 0.811526 0.427126 0.031153 0.093117
1 0.488318 0.317814 0.037383 0.133603
1 0.409657 0.414980 0.017134 0.056680
0 0.461059 0.319838 0.015576 0.048583
0 0.384735 0.275304 0.017134 0.036437
1 0.879283 0.198381 0.032710 0.064777
1 0.209502 0.319838 0.032710 0.097166
0 0.253115 0.212551 0.042056 0.117409
1 0.144081 0.546559 0.048287 0.137652
1 0.739875 0.803644 0.060748 0.149798
1 0.771807 0.676113 0.012461 0.040486
1 0.607477 0.378543 0.026480 0.076923
0 0.521028 0.844130 0.017134 0.060729
1 0.922118 0.255061 0.032710 0.068826
1 0.478193 0.576923 0.014019 0.044534
0 0.809190 0.878543 0.014019 0.028340
1 0.594237 0.852227 0.046729 0.125506
1 0.160436 0.653846 0.038941 0.072874
0 0.683022 0.204453 0.037383 0.141700
1 0.731308 0.910931 0.012461 0.040486
0 0.901090 0.334008 0.038941 0.121457
1 0.140187 0.761134 0.009346 0.024291
0 0.619938 0.514170 0.026480 0.097166
1 0.543614 0.613360 0.018692 0.036437
0 0.859034 0.844130 0.010903 0.028340
1 0.163551 0.489879 0.045171 0.141700
1 0.905763 0.730769 0.020249 0.072874
1 0.899533 0.487854 0.018692 0.040486
1 0.492212 0.544534 0.024922 0.085020
1 0.211838 0.882591 0.018692 0.048583
1 0.807632 0.935223 0.004673 0.016194
1 0.119938 0.927126 0.006231 0.016194
0 0.411994 0.955466 0.014019 0.040486
1 0.281153 0.773279 0.014019 0.040486
0 0.626168 0.554656 0.038941 0.072874
0 0.520249 0.526316 0.059190 0.097166
1 0.658879 0.767206 0.037383 0.085020
1 0.251558 0.512146 0.018692 0.052632
0 0.605140 0.736842 0.026480 0.064777
1 0.132399 0.194332 0.054517 0.129555
1 0.123832 0.354251 0.012461 0.032389
1 0.690810 0.904858 0.035826 0.105263
0 0.296729 0.230769 0.034268 0.080972
1 0.323988 0.779352 0.034268 0.149798
1 0.334891 0.821862 0.031153 0.076923
