1 0.321651 0.836032 0.090343 0.238866
1 0.105140 0.842105 0.080997 0.178138
1 0.250000 0.647773 0.037383 0.093117
1 0.517913 0.585020 0.029595 0.072874
1 0.550623 0.516194 0.051402 0.121457
1 0.205607 0.534413 0.065421 0.194332
1 0.868380 0.315789 0.040498 0.089069
0 0.568536 0.595142 0.074766 0.190283
0 0.459502 0.463563 0.015576 0.044534
1 0.358255 0.230769 0.045171 0.149798
1 0.867601 0.736842 0.074766 0.198381
1 0.937695 0.625506 0.032710 0.064777
0 0.887072 0.433198 0.014019 0.032389
0 0.412773 0.350202 0.059190 0.117409
0 0.926791 0.738866 0.070093 0.165992
1 0.578660 0.202429 0.017134 0.056680
1 0.741433 0.366397 0.009346 0.028340
0 0.383178 0.949393 0.014019 0.032389
0 0.154984 0.805668 0.085670 0.145749
1 0.750779 0.763158 0.031153 0.060729
0 0.225857 0.641700 0.021807 0.028340
1 0.749221 0.443320 0.021807 0.060729
1 0.732866 0.425101 0.031153 0.056680
1 0.708723 0.890688 0.026480 0.064777
0 0.177570 0.467611 0.065421 0.182186
1 0.305296 0.479757 0.090343 0.222672
1 0.802960 0.204453 0.014019 0.028340
0 0.559190 0.336032 0.034268 0.097166
0 0.089564 0.338057 0.023364 0.052632
1 0.291277 0.303644 0.021807 0.040486
0 0.408100 0.566802 0.012461 0.040486
0 0.709502 0.783401 0.045171 0.076923
1 0.525701 0.663968 0.042056 0.117409
1 0.541277 0.449393 0.051402 0.093117
1 0.137850 0.240891 0.031153 0.060729
1 0.500779 0.404858 0.056075 0.182186
1 0.443146 0.876518 0.017134 0.036437
0 0.355140 0.722672 0.059190 0.178138
1 0.559969 0.884615 0.020249 0.032389
0 0.477414 0.807692 0.018692 0.056680
1 0.750779 0.858300 0.043614 0.153846
1 0.253115 0.777328 0.035826 0.113360
0 0.468847 0.605263 0.018692 0.064777
0 0.628505 0.937247 0.014019 0.036437
1 0.080218 0.285425 0.018692 0.036437
