1 0.456386 0.651822 0.051402 0.141700
0 0.637072 0.524291 0.014019 0.052632
0 0.214174 0.607287 0.021807 0.052632
0 0.707944 0.279352 0.007788 0.016194
1 0.358255 0.767206 0.032710 0.089069
0 0.395639 0.680162 0.018692 0.056680
0 0.547508 0.599190 0.004673 0.008097
0 0.246106 0.548583 0.048287 0.113360
0 0.782710 0.303644 0.010903 0.024291
1 0.119938 0.862348 0.070093 0.170040
0 0.475857 0.145749 0.035826 0.080972
0 0.802960 0.394737 0.024922 0.052632
1 0.566978 0.629555 0.009346 0.028340
1 0.282710 0.228745 0.057632 0.157895
1 0.399533 0.376518 0.062305 0.145749
0 0.558411 0.495951 0.035826 0.064777
0 0.147975 0.672065 0.029595 0.097166
0 0.939252 0.526316 0.009346 0.024291
1 0.439252 0.188259 0.034268 0.072874
1 0.669003 0.629555 0.071651 0.165992
1 0.230530 0.497976 0.043614 0.101215
0 0.657321 0.767206 0.076324 0.186235
1 0.235981 0.279352 0.051402 0.149798
1 0.637850 0.884615 0.056075 0.133603
1 0.720405 0.734818 0.017134 0.036437
1 0.193925 0.657895 0.042056 0.109312
1 0.149533 0.265182 0.045171 0.157895
0 0.302960 0.548583 0.023364 0.064777
1 0.670561 0.354251 0.026480 0.089069
1 0.198598 0.439271 0.038941 0.089069
1 0.113707 0.473684 0.017134 0.036437
1 0.476636 0.811741 0.051402 0.133603
1 0.420561 0.979757 0.010903 0.024291
1 0.297508 0.753036 0.024922 0.052632
1 0.488318 0.291498 0.026480 0.056680
1 0.809190 0.757085 0.012461 0.040486
1 0.470405 0.941296 0.017134 0.048583
1 0.505452 0.540486 0.020249 0.052632
1 0.207944 0.228745 0.038941 0.085020
1 0.336449 0.208502 0.029595 0.089069
1 0.567757 0.216599 0.051402 0.137652
1 0.894860 0.516194 0.023364 0.068826
1 0.229751 0.748988 0.010903 0.024291
