0 0.938474 0.283401 0.024922 0.048583
1 0.794393 0.744939 0.024922 0.064777
0 0.822430 0.876518 0.028037 0.121457
1 0.555296 0.641700 0.012461 0.036437
1 0.376947 0.253036 0.014019 0.040486
1 0.158879 0.854251 0.012461 0.028340
1 0.185358 0.125506 0.017134 0.044534
1 0.769470 0.682186 0.045171 0.105263
1 0.681464 0.536437 0.082555 0.202429
1 0.721184 0.255061 0.006231 0.028340
1 0.352804 0.720648 0.018692 0.056680
1 0.118380 0.799595 0.009346 0.024291
1 0.147975 0.761134 0.017134 0.056680
0 0.084112 0.398785 0.012461 0.028340
1 0.210280 0.815789 0.031153 0.101215
1 0.635514 0.307692 0.020249 0.060729
1 0.361371 0.623482 0.059190 0.093117
1 0.176012 0.880567 0.015576 0.028340
1 0.211059 0.451417 0.091900 0.178138
1 0.848910 0.589069 0.052960 0.186235
1 0.361371 0.906883 0.018692 0.032389
0 0.750000 0.439271 0.032710 0.129555
1 0.926012 0.161943 0.010903 0.032389
1 0.767134 0.184211 0.034268 0.093117
0 0.852025 0.273279 0.032710 0.064777
1 0.249221 0.862348 0.057632 0.157895
1 0.283489 0.198381 0.056075 0.133603
0 0.288162 0.277328 0.049844 0.141700
0 0.557632 0.196356 0.034268 0.056680
0 0.613707 0.445344 0.046729 0.137652
1 0.785826 0.267206 0.015576 0.056680
1 0.907321 0.512146 0.043614 0.113360
1 0.648754 0.269231 0.037383 0.089069
1 0.593458 0.500000 0.029595 0.072874
0 0.567757 0.904858 0.029595 0.064777
0 0.762461 0.479757 0.023364 0.089069
0 0.649533 0.419028 0.046729 0.117409
0 0.763240 0.552632 0.035826 0.097166
0 0.695483 0.795547 0.018692 0.048583
1 0.464953 0.275304 0.007788 0.024291
1 0.367601 0.315789 0.018692 0.056680
0 0.398754 0.178138 0.038941 0.105263
1 0.467290 0.475709 0.031153 0.080972
1 0.714953 0.670040 0.049844 0.097166
1 0.442368 0.388664 0.009346 0.024291
1 0.534268 0.463563 0.062305 0.125506
0 0.230530 0.204453 0.035826 0.121457
0 0.218847 0.131579 0.020249 0.068826
1 0.813863 0.493927 0.026480 0.089069
1 0.888629 0.755061 0.043614 0.129555
0 0.729751 0.753036 0.017134 0.056680
0 0.862150 0.410931 0.015576 0.056680
1 0.434579 0.467611 0.052960 0.109312
