0 0.901869 0.188259 0.015576 0.032389
0 0.588785 0.607287 0.062305 0.113360
1 0.711838 0.487854 0.066978 0.149798
1 0.102804 0.702429 0.060748 0.121457
1 0.875389 0.437247 0.037383 0.056680
1 0.672897 0.898785 0.046729 0.129555
1 0.084112 0.489879 0.051402 0.117409
1 0.384735 0.748988 0.073209 0.113360
0 0.771028 0.582996 0.059190 0.145749
0 0.537383 0.261134 0.006231 0.032389
1 0.383178 0.659919 0.009346 0.020243
0 0.361371 0.878543 0.012461 0.040486
0 0.379283 0.943320 0.004673 0.016194
0 0.820093 0.552632 0.042056 0.129555
1 0.492212 0.947368 0.018692 0.056680
1 0.580218 0.467611 0.017134 0.040486
1 0.281931 0.692308 0.038941 0.113360
1 0.651869 0.423077 0.031153 0.076923
0 0.799844 0.251012 0.028037 0.064777
0 0.380841 0.455466 0.018692 0.048583
0 0.274143 0.591093 0.021807 0.040486
0 0.219626 0.380567 0.091900 0.210526
1 0.634735 0.566802 0.018692 0.052632
1 0.921340 0.514170 0.024922 0.060729
1 0.466511 0.265182 0.054517 0.129555
1 0.948598 0.291498 0.020249 0.048583
0 0.899533 0.910931 0.048287 0.113360
0 0.554517 0.732794 0.056075 0.153846
0 0.906542 0.427126 0.015576 0.068826
1 0.161215 0.967611 0.018692 0.048583
0 0.112928 0.165992 0.042056 0.117409
1 0.757788 0.894737 0.021807 0.036437
