0 0.343458 0.421053 0.015576 0.040486
1 0.299844 0.471660 0.070093 0.178138
1 0.869159 0.190283 0.042056 0.080972
0 0.380841 0.512146 0.056075 0.125506
1 0.230530 0.246964 0.014019 0.036437
1 0.464174 0.168016 0.009346 0.020243
1 0.214174 0.874494 0.059190 0.161943
0 0.883956 0.417004 0.017134 0.048583
0 0.549065 0.670040 0.028037 0.085020
1 0.573209 0.560729 0.068536 0.161943
1 0.383956 0.886640 0.045171 0.149798
1 0.448598 0.872470 0.018692 0.060729
1 0.641745 0.668016 0.007788 0.032389
1 0.534268 0.852227 0.014019 0.048583
1 0.693146 0.269231 0.026480 0.076923
0 0.876947 0.534413 0.014019 0.040486
0 0.568536 0.763158 0.029595 0.085020
1 0.548287 0.712551 0.040498 0.080972
1 0.091121 0.912955 0.038941 0.064777
1 0.812305 0.485830 0.042056 0.097166
0 0.454829 0.607287 0.038941 0.080972
1 0.468847 0.908907 0.029595 0.076923
0 0.732087 0.190283 0.023364 0.052632
1 0.666667 0.836032 0.085670 0.230769
1 0.521028 0.609312 0.004673 0.024291
1 0.339564 0.500000 0.052960 0.068826
0 0.795171 0.840081 0.031153 0.089069
0 0.323209 0.591093 0.038941 0.105263
1 0.595016 0.214575 0.040498 0.165992
0 0.594237 0.680162 0.023364 0.076923
1 0.207944 0.714575 0.021807 0.052632
1 0.777259 0.457490 0.015576 0.040486
1 0.165888 0.487854 0.010903 0.020243
1 0.480530 0.408907 0.098131 0.149798
1 0.619159 0.497976 0.037383 0.052632
1 0.779595 0.522267 0.028037 0.117409
1 0.076324 0.311741 0.032710 0.161943
0 0.768692 0.242915 0.012461 0.032389
1 0.699377 0.663968 0.068536 0.238866
1 0.725078 0.455466 0.034268 0.161943
1 0.322430 0.943320 0.017134 0.036437
1 0.440031 0.362348 0.048287 0.170040
0 0.430685 0.607287 0.035826 0.089069
0 0.563084 0.232794 0.035826 0.105263
1 0.817757 0.398785 0.037383 0.085020
1 0.071651 0.390688 0.032710 0.068826
1 0.133178 0.135628 0.006231 0.020243
1 0.337227 0.321862 0.014019 0.032389
1 0.422897 0.178138 0.017134 0.064777
0 0.324766 0.722672 0.037383 0.101215
1 0.306075 0.688259 0.010903 0.032389
1 0.876168 0.712551 0.057632 0.186235
1 0.451713 0.228745 0.023364 0.080972
0 0.679128 0.340081 0.006231 0.016194
1 0.053738 0.417004 0.010903 0.028340
1 0.242212 0.495951 0.052960 0.218623
0 0.397975 0.635628 0.042056 0.145749
1 0.139408 0.834008 0.040498 0.085020
