0 0.639408 0.572874 0.021807 0.044534
0 0.563084 0.912955 0.010903 0.028340
0 0.647196 0.661943 0.014019 0.036437
1 0.504673 0.880567 0.017134 0.036437
1 0.531153 0.599190 0.063863 0.222672
0 0.073988 0.645749 0.017134 0.044534
0 0.707944 0.607287 0.060748 0.089069
1 0.626168 0.285425 0.045171 0.125506
1 0.893302 0.574899 0.070093 0.125506
1 0.107477 0.461538 0.024922 0.052632
1 0.487539 0.309717 0.042056 0.109312
0 0.287383 0.593117 0.023364 0.072874
1 0.841121 0.356275 0.085670 0.210526
1 0.429907 0.526316 0.043614 0.109312
0 0.761682 0.368421 0.046729 0.072874
1 0.651869 0.467611 0.014019 0.056680
1 0.626947 0.799595 0.076324 0.170040
0 0.232866 0.376518 0.014019 0.040486
1 0.853583 0.783401 0.031153 0.052632
1 0.713396 0.769231 0.107477 0.255061
1 0.549844 0.734818 0.009346 0.024291
0 0.153427 0.753036 0.043614 0.093117
0 0.803738 0.775304 0.087227 0.157895
0 0.939252 0.925101 0.018692 0.044534
1 0.302960 0.518219 0.012461 0.040486
0 0.060748 0.631579 0.010903 0.048583
1 0.796729 0.212551 0.009346 0.024291
0 0.773364 0.888664 0.038941 0.133603
0 0.124611 0.825911 0.012461 0.032389
1 0.088006 0.283401 0.021807 0.064777
0 0.298287 0.546559 0.014019 0.036437
1 0.344237 0.313765 0.012461 0.036437
