1 0.283489 0.131579 0.006231 0.020243
0 0.784268 0.222672 0.035826 0.080972
1 0.164330 0.155870 0.004673 0.020243
1 0.305296 0.686235 0.020249 0.060729
1 0.119159 0.702429 0.054517 0.133603
1 0.682243 0.242915 0.040498 0.105263
1 0.868380 0.619433 0.004673 0.016194
1 0.647975 0.208502 0.009346 0.028340
0 0.811526 0.625506 0.028037 0.056680
1 0.893302 0.643725 0.018692 0.048583
0 0.489097 0.340081 0.015576 0.040486
0 0.366044 0.850202 0.035826 0.093117
0 0.753115 0.799595 0.026480 0.080972
0 0.867601 0.738866 0.023364 0.068826
1 0.888629 0.471660 0.065421 0.145749
1 0.901090 0.248988 0.010903 0.036437
0 0.419003 0.686235 0.015576 0.060729
1 0.270249 0.921053 0.017134 0.044534
1 0.390966 0.819838 0.043614 0.133603
1 0.394860 0.538462 0.038941 0.089069
1 0.785047 0.803644 0.017134 0.040486
0 0.923676 0.368421 0.028037 0.052632
1 0.851246 0.945344 0.023364 0.060729
1 0.469626 0.886640 0.070093 0.121457
0 0.649533 0.323887 0.015576 0.040486
0 0.691589 0.748988 0.031153 0.080972
0 0.800623 0.319838 0.018692 0.052632
1 0.509346 0.746964 0.024922 0.076923
0 0.718847 0.560729 0.051402 0.149798
1 0.643302 0.570850 0.009346 0.032389
1 0.159657 0.313765 0.040498 0.153846
1 0.588785 0.868421 0.012461 0.040486
1 0.233645 0.121457 0.017134 0.040486
1 0.322430 0.829960 0.088785 0.230769
1 0.404206 0.196356 0.060748 0.149798
0 0.093458 0.514170 0.074766 0.210526
1 0.524143 0.360324 0.014019 0.044534
0 0.590343 0.218623 0.045171 0.117409
1 0.371495 0.500000 0.048287 0.121457
1 0.426012 0.532389 0.014019 0.032389
1 0.515576 0.269231 0.032710 0.076923
0 0.641745 0.779352 0.080997 0.230769
0 0.268692 0.848178 0.014019 0.036437
0 0.636293 0.457490 0.017134 0.028340
0 0.511682 0.524291 0.035826 0.080972
1 0.809190 0.690283 0.046729 0.125506
1 0.640187 0.959514 0.015576 0.040486
0 0.335670 0.599190 0.031153 0.080972
1 0.881620 0.692308 0.032710 0.085020
1 0.417445 0.785425 0.032710 0.052632
0 0.523364 0.791498 0.035826 0.093117
0 0.816978 0.900810 0.023364 0.048583
1 0.475857 0.487854 0.048287 0.129555
0 0.753115 0.443320 0.043614 0.133603
1 0.077882 0.935223 0.018692 0.044534
0 0.254673 0.421053 0.014019 0.056680
1 0.855140 0.348178 0.024922 0.044534
0 0.139408 0.184211 0.020249 0.044534
0 0.705607 0.619433 0.034268 0.068826
