1 0.164330 0.815789 0.034268 0.097166
1 0.578660 0.275304 0.029595 0.068826
1 0.372274 0.497976 0.020249 0.048583
1 0.859034 0.941296 0.028037 0.080972
0 0.819315 0.340081 0.060748 0.113360
0 0.671340 0.445344 0.020249 0.036437
1 0.489097 0.172065 0.038941 0.085020
1 0.285826 0.408907 0.102804 0.352227
0 0.531153 0.305668 0.031153 0.076923
0 0.744548 0.904858 0.018692 0.044534
1 0.443146 0.759109 0.015576 0.036437
0 0.407321 0.921053 0.026480 0.072874
1 0.334891 0.226721 0.037383 0.097166
1 0.810748 0.789474 0.049844 0.105263
0 0.686916 0.678138 0.037383 0.149798
1 0.171340 0.906883 0.020249 0.044534
0 0.172118 0.200405 0.040498 0.121457
1 0.204050 0.791498 0.034268 0.076923
1 0.242991 0.603239 0.028037 0.080972
1 0.911994 0.904858 0.010903 0.028340
1 0.335670 0.402834 0.037383 0.109312
1 0.204829 0.722672 0.012461 0.040486
1 0.770249 0.344130 0.009346 0.024291
0 0.454050 0.528340 0.042056 0.141700
1 0.198598 0.309717 0.023364 0.044534
1 0.879283 0.188259 0.028037 0.076923
0 0.468069 0.704453 0.026480 0.068826
0 0.943146 0.163968 0.021807 0.060729
0 0.632399 0.817814 0.031153 0.076923
1 0.351246 0.317814 0.059190 0.125506
1 0.529595 0.135628 0.026480 0.068826
1 0.088785 0.161943 0.015576 0.072874
0 0.725857 0.831984 0.024922 0.048583
1 0.514019 0.376518 0.034268 0.097166
0 0.882399 0.562753 0.057632 0.153846
1 0.088785 0.481781 0.003115 0.008097
0 0.285047 0.738866 0.014019 0.032389
0 0.449377 0.568826 0.037383 0.093117
1 0.295950 0.700405 0.020249 0.048583
1 0.134735 0.392713 0.024922 0.064777
1 0.090343 0.921053 0.015576 0.028340
0 0.577882 0.348178 0.042056 0.117409
1 0.757788 0.392713 0.021807 0.056680
1 0.460280 0.406883 0.029595 0.101215
0 0.338006 0.783401 0.038941 0.121457
1 0.894860 0.491903 0.020249 0.060729
1 0.537383 0.692308 0.038941 0.080972
1 0.247664 0.641700 0.028037 0.044534
