1 0.861371 0.787449 0.073209 0.117409
1 0.431464 0.821862 0.026480 0.056680
1 0.695483 0.271255 0.015576 0.036437
1 0.586449 0.483806 0.037383 0.137652
1 0.672118 0.291498 0.020249 0.052632
1 0.420561 0.710526 0.102804 0.170040
1 0.418224 0.912955 0.023364 0.052632
0 0.635514 0.712551 0.023364 0.076923
1 0.591900 0.661943 0.087227 0.194332
1 0.104361 0.188259 0.057632 0.125506
0 0.251558 0.680162 0.014019 0.040486
1 0.225078 0.356275 0.009346 0.032389
0 0.940810 0.730769 0.020249 0.056680
1 0.864486 0.350202 0.087227 0.226721
0 0.262461 0.388664 0.032710 0.085020
1 0.598910 0.925101 0.038941 0.105263
0 0.327882 0.925101 0.038941 0.105263
1 0.302960 0.819838 0.043614 0.093117
0 0.697040 0.510121 0.009346 0.016194
1 0.106698 0.459514 0.037383 0.085020
1 0.888629 0.809717 0.051402 0.198381
1 0.158100 0.208502 0.066978 0.089069
1 0.126168 0.572874 0.021807 0.125506
1 0.191589 0.744939 0.035826 0.064777
0 0.828660 0.882591 0.012461 0.040486
0 0.810748 0.572874 0.021807 0.036437
1 0.396417 0.348178 0.029595 0.064777
1 0.191589 0.491903 0.029595 0.109312
1 0.257788 0.605263 0.046729 0.129555
0 0.386293 0.263158 0.009346 0.024291
0 0.220405 0.180162 0.049844 0.141700
1 0.475078 0.370445 0.049844 0.125506
1 0.093458 0.661943 0.014019 0.036437
0 0.720405 0.805668 0.045171 0.194332
0 0.132399 0.919028 0.024922 0.064777
1 0.906542 0.493927 0.032710 0.080972
1 0.248442 0.453441 0.020249 0.068826
0 0.328660 0.720648 0.024922 0.089069
1 0.695483 0.665992 0.035826 0.165992
1 0.548287 0.860324 0.006231 0.008097
0 0.760125 0.872470 0.048287 0.145749
1 0.735202 0.143725 0.024922 0.044534
0 0.330997 0.125506 0.006231 0.016194
1 0.206386 0.842105 0.051402 0.113360
1 0.157321 0.572874 0.017134 0.044534
1 0.930685 0.953441 0.010903 0.020243
0 0.672118 0.591093 0.038941 0.121457
1 0.647196 0.190283 0.023364 0.076923
1 0.690810 0.291498 0.014019 0.016194
1 0.334112 0.546559 0.032710 0.072874
0 0.736760 0.665992 0.076324 0.214575
0 0.445483 0.248988 0.021807 0.080972
0 0.421340 0.404858 0.020249 0.056680
0 0.126168 0.477733 0.031153 0.056680
1 0.888629 0.949393 0.015576 0.028340
0 0.081776 0.500000 0.023364 0.052632
1 0.708723 0.443320 0.021807 0.052632
