1 0.663551 0.135628 0.052960 0.076923
0 0.154206 0.463563 0.038941 0.076923
0 0.692368 0.336032 0.018692 0.056680
1 0.299065 0.684211 0.029595 0.085020
1 0.507009 0.176113 0.017134 0.052632
1 0.764019 0.728745 0.012461 0.040486
0 0.341900 0.514170 0.010903 0.028340
1 0.126947 0.285425 0.031153 0.089069
1 0.857477 0.206478 0.014019 0.032389
0 0.421340 0.544534 0.021807 0.056680
1 0.641745 0.348178 0.021807 0.068826
0 0.083333 0.864372 0.084112 0.157895
1 0.822430 0.661943 0.009346 0.024291
1 0.547508 0.323887 0.077882 0.129555
0 0.147196 0.595142 0.017134 0.056680
1 0.605140 0.576923 0.038941 0.097166
0 0.627726 0.690283 0.045171 0.109312
1 0.658100 0.398785 0.021807 0.109312
1 0.338006 0.625506 0.031153 0.080972
0 0.700156 0.204453 0.023364 0.056680
0 0.314642 0.417004 0.037383 0.117409
1 0.697819 0.524291 0.077882 0.202429
1 0.210280 0.690283 0.076324 0.291498
0 0.592679 0.257085 0.021807 0.056680
0 0.651869 0.504049 0.037383 0.080972
1 0.569315 0.773279 0.088785 0.141700
0 0.748442 0.491903 0.009346 0.028340
0 0.117601 0.921053 0.042056 0.101215
0 0.307632 0.336032 0.046729 0.145749
1 0.204829 0.275304 0.029595 0.080972
0 0.794393 0.299595 0.012461 0.020243
1 0.508567 0.884615 0.057632 0.113360
0 0.519470 0.621457 0.014019 0.036437
1 0.314642 0.540486 0.038941 0.068826
0 0.367601 0.757085 0.056075 0.157895
1 0.467290 0.759109 0.023364 0.089069
1 0.862150 0.289474 0.037383 0.072874
0 0.413551 0.560729 0.023364 0.060729
1 0.354361 0.412955 0.049844 0.097166
