0 0.737539 0.923077 0.031153 0.068826
0 0.764019 0.137652 0.014019 0.032389
1 0.876947 0.439271 0.034268 0.109312
1 0.191589 0.753036 0.130841 0.311741
1 0.503894 0.896761 0.014019 0.040486
0 0.549065 0.382591 0.007788 0.020243
0 0.660436 0.157895 0.015576 0.056680
0 0.048287 0.228745 0.007788 0.036437
1 0.715732 0.840081 0.014019 0.032389
1 0.659657 0.613360 0.045171 0.093117
1 0.327103 0.582996 0.068536 0.214575
0 0.347352 0.240891 0.012461 0.028340
1 0.697819 0.429150 0.012461 0.036437
1 0.852804 0.670040 0.037383 0.125506
1 0.934579 0.455466 0.018692 0.036437
1 0.524922 0.811741 0.040498 0.080972
0 0.563084 0.283401 0.018692 0.036437
1 0.852804 0.238866 0.037383 0.109312
0 0.441589 0.639676 0.014019 0.032389
1 0.817757 0.261134 0.029595 0.093117
1 0.542835 0.206478 0.031153 0.056680
0 0.704050 0.174089 0.042056 0.097166
1 0.771807 0.611336 0.012461 0.032389
0 0.088006 0.402834 0.029595 0.089069
1 0.699377 0.597166 0.070093 0.263158
0 0.235202 0.336032 0.051402 0.125506
1 0.452492 0.275304 0.066978 0.093117
0 0.222741 0.467611 0.063863 0.170040
1 0.724299 0.724696 0.059190 0.137652
0 0.922118 0.157895 0.010903 0.028340
1 0.742212 0.329960 0.028037 0.093117
1 0.238318 0.255061 0.034268 0.101215
1 0.277259 0.607287 0.060748 0.141700
1 0.791277 0.315789 0.043614 0.129555
0 0.535047 0.668016 0.028037 0.097166
1 0.860592 0.601215 0.049844 0.113360
1 0.349688 0.412955 0.026480 0.093117
1 0.225857 0.222672 0.045171 0.129555
1 0.316199 0.400810 0.028037 0.060729
1 0.600467 0.277328 0.024922 0.089069
0 0.513240 0.475709 0.023364 0.052632
1 0.804517 0.791498 0.021807 0.036437
0 0.414330 0.155870 0.023364 0.076923
1 0.265576 0.105263 0.007788 0.024291
1 0.630062 0.797571 0.045171 0.161943
1 0.741433 0.483806 0.014019 0.040486
1 0.344237 0.925101 0.021807 0.068826
1 0.462617 0.807692 0.060748 0.157895
