1 0.637850 0.303644 0.010903 0.040486
1 0.196262 0.722672 0.031153 0.060729
0 0.359813 0.321862 0.042056 0.085020
0 0.168224 0.273279 0.018692 0.036437
1 0.574766 0.635628 0.012461 0.040486
0 0.887072 0.860324 0.051402 0.125506
1 0.464953 0.483806 0.007788 0.012146
1 0.280374 0.463563 0.021807 0.052632
1 0.338006 0.170040 0.087227 0.129555
1 0.732087 0.613360 0.051402 0.125506
1 0.778037 0.799595 0.042056 0.129555
1 0.191589 0.631579 0.009346 0.020243
1 0.333333 0.297571 0.056075 0.105263
1 0.554517 0.904858 0.045171 0.165992
0 0.724299 0.352227 0.012461 0.036437
0 0.408879 0.251012 0.007788 0.020243
1 0.154206 0.386640 0.006231 0.016194
0 0.845016 0.601215 0.043614 0.072874
1 0.195483 0.502024 0.043614 0.113360
0 0.089564 0.892713 0.046729 0.089069
1 0.387072 0.180162 0.034268 0.113360
1 0.839564 0.218623 0.046729 0.141700
1 0.214174 0.961538 0.035826 0.060729
1 0.052960 0.789474 0.021807 0.052632
1 0.140966 0.427126 0.017134 0.052632
0 0.291277 0.321862 0.057632 0.170040
1 0.443146 0.977733 0.004673 0.020243
1 0.925234 0.206478 0.017134 0.048583
1 0.420561 0.325911 0.017134 0.064777
1 0.085670 0.831984 0.032710 0.076923
1 0.594237 0.285425 0.014019 0.028340
1 0.310748 0.487854 0.024922 0.052632
