1 0.275701 0.437247 0.028037 0.064777
1 0.757009 0.216599 0.018692 0.036437
1 0.826324 0.730769 0.049844 0.101215
0 0.179907 0.406883 0.035826 0.072874
1 0.724299 0.524291 0.059190 0.202429
1 0.834112 0.641700 0.015576 0.052632
1 0.056854 0.159919 0.023364 0.056680
1 0.267913 0.508097 0.071651 0.145749
0 0.716511 0.866397 0.056075 0.076923
0 0.868380 0.834008 0.090343 0.259109
0 0.080997 0.277328 0.021807 0.052632
1 0.580218 0.325911 0.018692 0.060729
1 0.886293 0.336032 0.021807 0.060729
1 0.220405 0.240891 0.020249 0.072874
1 0.538941 0.504049 0.059190 0.113360
1 0.235202 0.475709 0.048287 0.093117
1 0.696262 0.334008 0.015576 0.040486
0 0.932243 0.216599 0.020249 0.048583
0 0.204050 0.797571 0.028037 0.076923
1 0.099688 0.572874 0.021807 0.060729
1 0.208723 0.564777 0.029595 0.097166
1 0.042056 0.712551 0.009346 0.024291
1 0.807632 0.301619 0.042056 0.125506
1 0.925234 0.917004 0.037383 0.101215
0 0.494548 0.912955 0.043614 0.129555
0 0.278816 0.366397 0.077882 0.157895
1 0.611371 0.402834 0.014019 0.036437
0 0.595016 0.803644 0.068536 0.178138
1 0.096573 0.190283 0.048287 0.113360
1 0.910436 0.338057 0.024922 0.101215
1 0.409657 0.659919 0.029595 0.097166
0 0.519470 0.334008 0.023364 0.048583
