1 0.088785 0.461538 0.063863 0.190283
1 0.743769 0.447368 0.018692 0.044534
1 0.378505 0.479757 0.073209 0.145749
0 0.510903 0.271255 0.048287 0.129555
0 0.292835 0.283401 0.024922 0.056680
0 0.070872 0.305668 0.007788 0.020243
0 0.940810 0.210526 0.015576 0.036437
0 0.401869 0.350202 0.065421 0.117409
0 0.837227 0.850202 0.051402 0.137652
1 0.783489 0.443320 0.037383 0.085020
1 0.090343 0.759109 0.009346 0.024291
0 0.474299 0.200405 0.062305 0.161943
0 0.861371 0.898785 0.028037 0.060729
1 0.706386 0.382591 0.009346 0.020243
1 0.145639 0.708502 0.077882 0.275304
1 0.172118 0.923077 0.014019 0.040486
1 0.412773 0.240891 0.068536 0.097166
1 0.372274 0.236842 0.021807 0.076923
0 0.229751 0.917004 0.018692 0.080972
1 0.250000 0.742915 0.026480 0.149798
0 0.426012 0.678138 0.073209 0.186235
1 0.105919 0.321862 0.031153 0.068826
0 0.341121 0.585020 0.077882 0.182186
1 0.722741 0.251012 0.062305 0.186235
0 0.608255 0.186235 0.056075 0.137652
1 0.689252 0.536437 0.007788 0.032389
0 0.816978 0.591093 0.038941 0.105263
1 0.482866 0.465587 0.060748 0.174089
1 0.216511 0.943320 0.023364 0.056680
0 0.241433 0.309717 0.021807 0.068826
1 0.383178 0.633603 0.076324 0.165992
1 0.659657 0.670040 0.021807 0.052632
1 0.547508 0.475709 0.085670 0.194332
1 0.413551 0.538462 0.056075 0.149798
1 0.760125 0.625506 0.046729 0.121457
1 0.885514 0.356275 0.043614 0.089069
1 0.619938 0.485830 0.028037 0.060729
