1 0.871495 0.348178 0.023364 0.056680
1 0.367601 0.670040 0.071651 0.141700
1 0.299844 0.338057 0.007788 0.020243
1 0.696262 0.872470 0.048287 0.109312
1 0.419782 0.378543 0.082555 0.117409
1 0.738318 0.384615 0.085670 0.153846
1 0.490654 0.846154 0.007788 0.016194
1 0.799844 0.530364 0.007788 0.032389
0 0.333333 0.589069 0.029595 0.072874
1 0.613707 0.319838 0.032710 0.121457
1 0.626947 0.781377 0.042056 0.145749
1 0.730530 0.923077 0.038941 0.105263
1 0.125389 0.621457 0.038941 0.117409
0 0.648754 0.214575 0.048287 0.072874
1 0.683801 0.340081 0.012461 0.028340
1 0.779595 0.834008 0.015576 0.040486
1 0.253115 0.730769 0.034268 0.089069
0 0.093458 0.232794 0.012461 0.044534
1 0.734424 0.823887 0.014019 0.040486
1 0.718069 0.651822 0.032710 0.080972
1 0.337227 0.356275 0.010903 0.020243
0 0.550623 0.783401 0.004673 0.028340
1 0.609034 0.109312 0.015576 0.032389
0 0.408100 0.787449 0.017134 0.036437
1 0.377726 0.421053 0.023364 0.044534
0 0.545950 0.261134 0.029595 0.060729
1 0.492212 0.777328 0.021807 0.056680
0 0.848910 0.504049 0.024922 0.064777
0 0.252336 0.212551 0.023364 0.060729
0 0.460280 0.698381 0.035826 0.072874
1 0.839564 0.277328 0.028037 0.109312
0 0.526480 0.601215 0.032710 0.113360
0 0.751558 0.698381 0.006231 0.012146
1 0.187695 0.834008 0.090343 0.186235
0 0.474299 0.157895 0.028037 0.056680
0 0.183801 0.366397 0.015576 0.048583
0 0.078660 0.613360 0.017134 0.056680
1 0.900312 0.651822 0.060748 0.174089
0 0.710280 0.508097 0.054517 0.145749
0 0.568536 0.732794 0.010903 0.032389
0 0.849688 0.694332 0.007788 0.020243
0 0.128505 0.864372 0.026480 0.060729
1 0.223520 0.157895 0.024922 0.080972
1 0.585670 0.305668 0.006231 0.024291
