1 0.781153 0.605263 0.186916 0.384615
1 0.408100 0.714575 0.043614 0.109312
0 0.181464 0.803644 0.031153 0.113360
1 0.348910 0.445344 0.037383 0.093117
1 0.299065 0.793522 0.037383 0.113360
0 0.859813 0.261134 0.028037 0.105263
0 0.293614 0.856275 0.026480 0.052632
1 0.226636 0.522267 0.007788 0.024291
1 0.596573 0.585020 0.043614 0.101215
0 0.255452 0.548583 0.031153 0.068826
0 0.303738 0.246964 0.015576 0.036437
0 0.458723 0.340081 0.035826 0.117409
1 0.102804 0.429150 0.021807 0.036437
1 0.508567 0.224696 0.012461 0.036437
1 0.098131 0.348178 0.040498 0.113360
1 0.399533 0.562753 0.023364 0.089069
1 0.153427 0.742915 0.045171 0.109312
1 0.925234 0.643725 0.042056 0.089069
0 0.552960 0.878543 0.017134 0.040486
1 0.376947 0.469636 0.024922 0.072874
1 0.056075 0.625506 0.021807 0.052632
0 0.530374 0.645749 0.020249 0.052632
1 0.625389 0.730769 0.068536 0.157895
1 0.541277 0.435223 0.012461 0.036437
0 0.616822 0.451417 0.042056 0.093117
0 0.607477 0.214575 0.034268 0.080972
0 0.085670 0.783401 0.028037 0.052632
0 0.590343 0.722672 0.046729 0.137652
1 0.326324 0.866397 0.037383 0.105263
0 0.408879 0.419028 0.056075 0.149798
0 0.896417 0.819838 0.074766 0.202429
