1 0.873053 0.734818 0.010903 0.020243
1 0.856698 0.641700 0.007788 0.028340
1 0.183022 0.279352 0.043614 0.121457
0 0.802960 0.670040 0.004673 0.016194
1 0.416667 0.858300 0.014019 0.020243
1 0.587227 0.412955 0.031153 0.093117
1 0.640187 0.593117 0.034268 0.085020
1 0.121495 0.781377 0.079439 0.153846
1 0.297508 0.331984 0.045171 0.145749
0 0.140966 0.346154 0.057632 0.174089
0 0.761682 0.870445 0.040498 0.097166
1 0.858255 0.829960 0.018692 0.048583
0 0.664330 0.374494 0.023364 0.040486
1 0.183801 0.453441 0.037383 0.133603
0 0.933801 0.647773 0.029595 0.048583
1 0.781931 0.295547 0.010903 0.024291
0 0.919003 0.736842 0.054517 0.137652
1 0.176791 0.929150 0.028037 0.068826
1 0.623053 0.506073 0.037383 0.089069
1 0.750000 0.465587 0.012461 0.032389
0 0.676012 0.208502 0.009346 0.036437
0 0.399533 0.257085 0.021807 0.060729
1 0.199377 0.779352 0.043614 0.093117
1 0.138629 0.419028 0.057632 0.174089
1 0.066199 0.461538 0.023364 0.064777
0 0.588006 0.639676 0.017134 0.032389
1 0.109034 0.939271 0.023364 0.040486
0 0.508567 0.198381 0.057632 0.109312
0 0.525701 0.495951 0.017134 0.036437
0 0.464174 0.431174 0.037383 0.101215
1 0.153427 0.445344 0.038941 0.161943
0 0.309190 0.961538 0.029595 0.060729
1 0.919782 0.576923 0.007788 0.024291
1 0.161215 0.534413 0.017134 0.028340
0 0.376947 0.914980 0.006231 0.024291
1 0.159657 0.657895 0.059190 0.125506
0 0.398754 0.854251 0.006231 0.032389
0 0.479751 0.508097 0.034268 0.161943
1 0.592679 0.807692 0.017134 0.044534
0 0.726636 0.491903 0.029595 0.089069
