1 0.158100 0.356275 0.059190 0.137652
1 0.385514 0.665992 0.051402 0.149798
1 0.514019 0.562753 0.034268 0.089069
0 0.219626 0.633603 0.073209 0.194332
1 0.549065 0.348178 0.018692 0.056680
1 0.654984 0.580972 0.054517 0.157895
1 0.602025 0.443320 0.023364 0.068826
0 0.260125 0.273279 0.037383 0.093117
1 0.371495 0.556680 0.043614 0.085020
0 0.342679 0.508097 0.065421 0.263158
1 0.436137 0.497976 0.048287 0.113360
1 0.088785 0.216599 0.018692 0.056680
1 0.658100 0.293522 0.026480 0.068826
1 0.757009 0.914980 0.084112 0.137652
0 0.513240 0.797571 0.032710 0.089069
0 0.528037 0.696356 0.024922 0.089069
0 0.294393 0.668016 0.014019 0.064777
1 0.070093 0.390688 0.015576 0.044534
0 0.683022 0.271255 0.017134 0.072874
1 0.791277 0.708502 0.062305 0.210526
0 0.601246 0.829960 0.029595 0.072874
0 0.801402 0.382591 0.029595 0.060729
1 0.387072 0.451417 0.020249 0.080972
1 0.814642 0.777328 0.051402 0.145749
1 0.750000 0.589069 0.057632 0.125506
1 0.173676 0.473684 0.073209 0.194332
0 0.775701 0.200405 0.049844 0.117409
1 0.080997 0.433198 0.029595 0.072874
1 0.499221 0.202429 0.012461 0.036437
1 0.378505 0.141700 0.009346 0.024291
1 0.658100 0.382591 0.066978 0.170040
1 0.447819 0.627530 0.007788 0.036437
1 0.292835 0.781377 0.104361 0.198381
1 0.838785 0.293522 0.059190 0.202429
1 0.897196 0.688259 0.034268 0.072874
0 0.394860 0.275304 0.031153 0.068826
1 0.886293 0.534413 0.038941 0.089069
0 0.505452 0.516194 0.035826 0.076923
1 0.775701 0.346154 0.031153 0.093117
1 0.860592 0.746964 0.015576 0.044534
0 0.314642 0.400810 0.018692 0.048583
1 0.176012 0.793522 0.076324 0.267206
1 0.500779 0.159919 0.020249 0.040486
1 0.485981 0.955466 0.028037 0.052632
0 0.588006 0.502024 0.007788 0.020243
0 0.187695 0.289474 0.040498 0.161943
0 0.709502 0.726721 0.021807 0.036437
1 0.656542 0.212551 0.010903 0.056680
0 0.739097 0.740891 0.032710 0.064777
