0 0.089564 0.868421 0.028037 0.068826
1 0.353583 0.447368 0.032710 0.121457
0 0.165888 0.115385 0.007788 0.028340
0 0.159657 0.668016 0.043614 0.141700
1 0.177570 0.842105 0.015576 0.036437
0 0.150312 0.884615 0.024922 0.093117
0 0.871495 0.730769 0.065421 0.125506
1 0.116044 0.803644 0.031153 0.068826
0 0.366822 0.234818 0.048287 0.097166
1 0.549844 0.635628 0.063863 0.097166
0 0.069315 0.477733 0.014019 0.040486
0 0.637850 0.441296 0.023364 0.060729
1 0.448598 0.457490 0.046729 0.113360
0 0.401869 0.372470 0.046729 0.089069
0 0.235202 0.356275 0.042056 0.097166
1 0.429907 0.700405 0.029595 0.076923
1 0.775701 0.690283 0.079439 0.161943
1 0.792835 0.508097 0.015576 0.036437
0 0.848131 0.402834 0.023364 0.044534
1 0.601246 0.463563 0.026480 0.080972
1 0.084891 0.338057 0.051402 0.113360
1 0.192368 0.386640 0.021807 0.068826
1 0.351246 0.676113 0.084112 0.125506
1 0.858255 0.840081 0.020249 0.068826
1 0.542835 0.360324 0.012461 0.032389
0 0.488318 0.912955 0.045171 0.097166
1 0.408879 0.866397 0.018692 0.080972
1 0.549844 0.139676 0.026480 0.089069
0 0.729751 0.487854 0.028037 0.072874
1 0.225078 0.259109 0.020249 0.056680
1 0.368380 0.969636 0.015576 0.036437
1 0.626947 0.858300 0.042056 0.076923
0 0.389408 0.578947 0.007788 0.032389
1 0.560748 0.340081 0.014019 0.048583
1 0.795950 0.364372 0.006231 0.024291
0 0.193925 0.690283 0.020249 0.052632
