1 0.640187 0.769231 0.024922 0.080972
1 0.920561 0.518219 0.032710 0.080972
0 0.160436 0.139676 0.020249 0.060729
1 0.341900 0.421053 0.038941 0.113360
1 0.695483 0.935223 0.020249 0.044534
1 0.212617 0.755061 0.024922 0.052632
1 0.637850 0.236842 0.037383 0.093117
0 0.422897 0.862348 0.073209 0.190283
1 0.148754 0.502024 0.068536 0.072874
1 0.224299 0.825911 0.026480 0.076923
0 0.654206 0.836032 0.071651 0.076923
0 0.571651 0.829960 0.021807 0.048583
1 0.104361 0.912955 0.043614 0.117409
1 0.676791 0.481781 0.029595 0.048583
1 0.874611 0.544534 0.037383 0.097166
0 0.341121 0.821862 0.023364 0.085020
1 0.440810 0.202429 0.018692 0.044534
1 0.385514 0.198381 0.048287 0.117409
1 0.350467 0.611336 0.052960 0.161943
1 0.459502 0.552632 0.009346 0.036437
0 0.265576 0.935223 0.031153 0.056680
0 0.077882 0.281377 0.015576 0.032389
0 0.756231 0.653846 0.028037 0.068826
1 0.686137 0.848178 0.042056 0.157895
0 0.495327 0.572874 0.015576 0.060729
1 0.812305 0.293522 0.009346 0.024291
1 0.077103 0.949393 0.010903 0.020243
1 0.189252 0.862348 0.010903 0.048583
0 0.531153 0.279352 0.018692 0.056680
0 0.414330 0.459514 0.007788 0.020243
1 0.128505 0.635628 0.032710 0.133603
1 0.752336 0.906883 0.020249 0.036437
0 0.205607 0.522267 0.040498 0.125506
1 0.921340 0.589069 0.037383 0.085020
0 0.595016 0.364372 0.037383 0.080972
1 0.475857 0.271255 0.021807 0.068826
0 0.052181 0.611336 0.026480 0.064777
0 0.288941 0.848178 0.028037 0.072874
1 0.478193 0.625506 0.018692 0.040486
0 0.836449 0.710526 0.062305 0.149798
1 0.869159 0.589069 0.038941 0.080972
1 0.790498 0.192308 0.035826 0.080972
1 0.676791 0.546559 0.004673 0.016194
0 0.280374 0.153846 0.031153 0.085020
1 0.947819 0.708502 0.009346 0.048583
1 0.212617 0.259109 0.037383 0.060729
1 0.644860 0.947368 0.014019 0.064777
0 0.106698 0.831984 0.032710 0.097166
1 0.602025 0.159919 0.040498 0.097166
1 0.507009 0.744939 0.054517 0.125506
0 0.179128 0.556680 0.045171 0.125506
0 0.207944 0.607287 0.024922 0.080972
1 0.500779 0.412955 0.028037 0.068826
1 0.563084 0.234818 0.010903 0.024291
1 0.508567 0.597166 0.007788 0.020243
1 0.872274 0.838057 0.034268 0.085020
