1 0.715732 0.726721 0.023364 0.052632
1 0.919003 0.338057 0.035826 0.125506
0 0.165888 0.714575 0.020249 0.052632
0 0.240654 0.516194 0.084112 0.259109
1 0.890187 0.643725 0.077882 0.242915
1 0.764019 0.603239 0.024922 0.044534
1 0.619938 0.163968 0.014019 0.036437
0 0.417445 0.591093 0.006231 0.028340
0 0.710280 0.273279 0.029595 0.089069
0 0.476636 0.860324 0.010903 0.040486
1 0.751558 0.866397 0.017134 0.052632
0 0.158100 0.425101 0.009346 0.024291
1 0.219626 0.838057 0.068536 0.170040
0 0.331776 0.868421 0.046729 0.141700
1 0.062305 0.366397 0.048287 0.117409
1 0.672897 0.884615 0.046729 0.133603
1 0.151869 0.524291 0.043614 0.089069
0 0.323988 0.291498 0.021807 0.056680
1 0.341900 0.234818 0.049844 0.117409
1 0.615265 0.131579 0.020249 0.052632
0 0.750000 0.214575 0.048287 0.129555
1 0.225078 0.293522 0.021807 0.044534
1 0.130841 0.823887 0.109034 0.178138
1 0.085670 0.453441 0.034268 0.072874
0 0.500779 0.285425 0.007788 0.020243
0 0.359813 0.651822 0.015576 0.056680
1 0.598131 0.463563 0.026480 0.097166
0 0.140187 0.321862 0.057632 0.137652
0 0.670561 0.115385 0.017134 0.040486
1 0.897975 0.202429 0.017134 0.040486
1 0.755452 0.489879 0.046729 0.137652
0 0.161215 0.639676 0.017134 0.032389
0 0.389408 0.939271 0.015576 0.040486
1 0.256231 0.386640 0.029595 0.076923
0 0.535047 0.283401 0.037383 0.089069
1 0.454050 0.174089 0.035826 0.097166
0 0.577882 0.477733 0.028037 0.052632
0 0.624611 0.846154 0.031153 0.064777
1 0.440810 0.283401 0.059190 0.157895
1 0.733645 0.643725 0.034268 0.125506
0 0.846573 0.463563 0.034268 0.109312
1 0.483645 0.732794 0.077882 0.178138
1 0.584112 0.799595 0.024922 0.032389
0 0.175234 0.131579 0.038941 0.076923
0 0.556854 0.522267 0.023364 0.060729
1 0.679907 0.514170 0.073209 0.190283
1 0.620717 0.753036 0.051402 0.121457
1 0.285047 0.854251 0.084112 0.133603
0 0.546729 0.825911 0.046729 0.109312
1 0.614486 0.297571 0.032710 0.174089
1 0.341900 0.414980 0.051402 0.129555
0 0.126947 0.477733 0.028037 0.072874
0 0.765576 0.730769 0.042056 0.109312
1 0.394860 0.447368 0.007788 0.028340
1 0.116044 0.605263 0.054517 0.190283
1 0.265576 0.299595 0.015576 0.036437
1 0.357477 0.892713 0.018692 0.048583
1 0.829439 0.155870 0.007788 0.020243
