1 0.385514 0.530364 0.037383 0.121457
0 0.321651 0.255061 0.071651 0.182186
1 0.249221 0.281377 0.006231 0.012146
1 0.545950 0.461538 0.028037 0.097166
1 0.654206 0.457490 0.049844 0.145749
1 0.186137 0.295547 0.070093 0.145749
1 0.662773 0.829960 0.026480 0.109312
0 0.118380 0.698381 0.040498 0.105263
1 0.926791 0.321862 0.007788 0.024291
0 0.552181 0.728745 0.020249 0.064777
1 0.598131 0.829960 0.014019 0.044534
0 0.072430 0.497976 0.023364 0.056680
1 0.076324 0.809717 0.043614 0.129555
1 0.072430 0.421053 0.014019 0.048583
1 0.762461 0.508097 0.004673 0.012146
0 0.795950 0.364372 0.009346 0.024291
1 0.912773 0.459514 0.018692 0.048583
0 0.462617 0.854251 0.035826 0.097166
0 0.814642 0.890688 0.017134 0.048583
1 0.487539 0.238866 0.034268 0.064777
0 0.763240 0.433198 0.024922 0.056680
0 0.842679 0.497976 0.023364 0.068826
1 0.940810 0.546559 0.026480 0.032389
1 0.914330 0.732794 0.042056 0.109312
1 0.738318 0.392713 0.035826 0.097166
0 0.765576 0.657895 0.046729 0.141700
1 0.711059 0.461538 0.049844 0.186235
1 0.915109 0.580972 0.020249 0.044534
0 0.579439 0.329960 0.028037 0.068826
0 0.459502 0.510121 0.028037 0.048583
1 0.818536 0.797571 0.004673 0.016194
1 0.498442 0.445344 0.021807 0.048583
1 0.503894 0.297571 0.004673 0.012146
1 0.146417 0.809717 0.038941 0.157895
1 0.396417 0.315789 0.009346 0.020243
0 0.676012 0.352227 0.079439 0.222672
1 0.808411 0.580972 0.037383 0.117409
1 0.873832 0.645749 0.034268 0.076923
0 0.163551 0.912955 0.018692 0.044534
0 0.158100 0.603239 0.032710 0.089069
0 0.686137 0.680162 0.048287 0.121457
0 0.878505 0.265182 0.009346 0.020243
0 0.273364 0.554656 0.026480 0.089069
1 0.066978 0.665992 0.028037 0.137652
