0 0.848910 0.524291 0.096573 0.259109
1 0.455607 0.289474 0.020249 0.056680
1 0.623832 0.242915 0.073209 0.149798
0 0.702492 0.380567 0.031153 0.089069
1 0.487539 0.682186 0.140187 0.218623
1 0.301402 0.504049 0.014019 0.036437
1 0.726636 0.477733 0.014019 0.028340
0 0.137850 0.742915 0.029595 0.064777
0 0.371495 0.317814 0.098131 0.279352
0 0.284268 0.706478 0.040498 0.141700
1 0.374611 0.489879 0.023364 0.097166
0 0.282710 0.305668 0.066978 0.186235
1 0.170561 0.378543 0.012461 0.044534
1 0.892523 0.825911 0.038941 0.145749
0 0.059969 0.722672 0.024922 0.064777
1 0.182243 0.317814 0.026480 0.105263
0 0.577103 0.765182 0.017134 0.040486
0 0.669782 0.271255 0.070093 0.202429
1 0.458723 0.441296 0.014019 0.040486
1 0.485202 0.234818 0.023364 0.097166
1 0.580218 0.886640 0.014019 0.036437
1 0.479751 0.838057 0.037383 0.093117
1 0.802960 0.540486 0.026480 0.080972
1 0.389408 0.512146 0.023364 0.064777
1 0.233645 0.281377 0.029595 0.068826
1 0.552181 0.481781 0.038941 0.068826
1 0.185358 0.242915 0.031153 0.076923
1 0.842679 0.672065 0.015576 0.040486
0 0.063084 0.423077 0.017134 0.068826
1 0.244548 0.210526 0.031153 0.080972
1 0.305296 0.900810 0.056075 0.145749
1 0.428349 0.862348 0.020249 0.040486
1 0.436137 0.882591 0.028037 0.068826
1 0.747664 0.410931 0.026480 0.052632
0 0.127726 0.412955 0.018692 0.060729
1 0.545171 0.297571 0.031153 0.170040
0 0.410436 0.212551 0.042056 0.101215
1 0.314642 0.655870 0.059190 0.186235
1 0.239875 0.358300 0.035826 0.068826
1 0.241433 0.805668 0.023364 0.068826
1 0.513240 0.495951 0.031153 0.085020
1 0.049844 0.836032 0.015576 0.036437
0 0.849688 0.809717 0.009346 0.052632
0 0.940810 0.591093 0.021807 0.064777
1 0.394081 0.748988 0.035826 0.117409
0 0.930685 0.408907 0.007788 0.016194
0 0.077103 0.380567 0.035826 0.101215
0 0.315421 0.125506 0.007788 0.024291
0 0.781153 0.281377 0.090343 0.222672
1 0.727414 0.910931 0.037383 0.060729
0 0.640187 0.811741 0.024922 0.064777
1 0.101246 0.985830 0.009346 0.020243
