1 0.847352 0.372470 0.063863 0.117409
1 0.891745 0.222672 0.038941 0.068826
0 0.732866 0.799595 0.020249 0.060729
1 0.549844 0.344130 0.046729 0.113360
1 0.170561 0.607287 0.028037 0.048583
1 0.815421 0.419028 0.018692 0.052632
1 0.894081 0.840081 0.028037 0.080972
1 0.588785 0.621457 0.023364 0.040486
0 0.143302 0.740891 0.015576 0.060729
0 0.330218 0.558704 0.028037 0.072874
1 0.726636 0.388664 0.042056 0.113360
0 0.260125 0.544534 0.006231 0.020243
1 0.536604 0.955466 0.020249 0.048583
0 0.206386 0.801619 0.054517 0.064777
1 0.566978 0.524291 0.020249 0.064777
1 0.673676 0.327935 0.032710 0.068826
1 0.084891 0.301619 0.020249 0.060729
1 0.499221 0.265182 0.062305 0.129555
1 0.105919 0.220648 0.023364 0.060729
0 0.539720 0.761134 0.023364 0.060729
0 0.943146 0.400810 0.032710 0.085020
1 0.890966 0.293522 0.034268 0.060729
0 0.218069 0.680162 0.024922 0.060729
0 0.491433 0.726721 0.032710 0.133603
1 0.335670 0.917004 0.007788 0.028340
0 0.536604 0.580972 0.031153 0.068826
1 0.131620 0.279352 0.031153 0.072874
0 0.687695 0.708502 0.010903 0.024291
1 0.787383 0.627530 0.017134 0.036437
1 0.692368 0.447368 0.017134 0.076923
1 0.887850 0.759109 0.068536 0.109312
1 0.362150 0.544534 0.034268 0.093117
1 0.196262 0.712551 0.037383 0.133603
1 0.955607 0.753036 0.006231 0.024291
1 0.362150 0.303644 0.076324 0.182186
0 0.654984 0.125506 0.026480 0.056680
1 0.639408 0.704453 0.017134 0.036437
1 0.401869 0.412955 0.020249 0.048583
1 0.116822 0.854251 0.073209 0.149798
1 0.312305 0.461538 0.018692 0.044534
1 0.416667 0.935223 0.026480 0.044534
1 0.280374 0.680162 0.018692 0.052632
1 0.324766 0.744939 0.018692 0.064777
0 0.422118 0.696356 0.015576 0.032389
1 0.307632 0.246964 0.038941 0.113360
1 0.045171 0.670040 0.012461 0.024291
1 0.063084 0.342105 0.007788 0.020243
0 0.561526 0.220648 0.014019 0.052632
1 0.101246 0.180162 0.029595 0.085020
1 0.215732 0.479757 0.007788 0.028340
1 0.521028 0.927126 0.023364 0.064777
0 0.176791 0.321862 0.037383 0.117409
1 0.357477 0.809717 0.024922 0.080972
1 0.603583 0.263158 0.032710 0.113360
1 0.842679 0.269231 0.060748 0.145749
1 0.071651 0.329960 0.009346 0.020243
0 0.566978 0.433198 0.035826 0.060729
1 0.257009 0.378543 0.052960 0.149798
1 0.727414 0.204453 0.042056 0.125506
