1 0.625389 0.643725 0.017134 0.064777
1 0.249221 0.378543 0.023364 0.068826
0 0.909657 0.708502 0.006231 0.016194
0 0.679907 0.329960 0.018692 0.048583
1 0.385514 0.259109 0.052960 0.133603
1 0.664330 0.538462 0.031153 0.089069
1 0.584891 0.868421 0.012461 0.028340
1 0.597352 0.396761 0.096573 0.137652
1 0.479751 0.668016 0.007788 0.024291
0 0.073209 0.512146 0.065421 0.125506
1 0.908100 0.842105 0.062305 0.165992
1 0.074766 0.904858 0.026480 0.060729
0 0.545950 0.821862 0.014019 0.032389
0 0.723520 0.417004 0.031153 0.105263
1 0.890966 0.483806 0.037383 0.109312
0 0.082555 0.686235 0.049844 0.121457
1 0.264798 0.155870 0.012461 0.048583
1 0.307632 0.732794 0.051402 0.141700
1 0.257009 0.323887 0.014019 0.036437
1 0.830997 0.147773 0.012461 0.044534
0 0.845794 0.882591 0.028037 0.076923
0 0.827103 0.376518 0.015576 0.040486
1 0.659657 0.429150 0.018692 0.048583
1 0.189252 0.380567 0.088785 0.230769
1 0.262461 0.623482 0.028037 0.085020
1 0.176791 0.137652 0.037383 0.080972
0 0.795171 0.261134 0.063863 0.174089
1 0.545950 0.609312 0.020249 0.052632
0 0.706386 0.862348 0.021807 0.060729
1 0.703271 0.293522 0.017134 0.044534
1 0.757009 0.639676 0.031153 0.097166
0 0.891745 0.368421 0.048287 0.222672
1 0.820872 0.447368 0.021807 0.072874
1 0.235202 0.700405 0.046729 0.105263
1 0.147975 0.676113 0.048287 0.101215
0 0.457165 0.467611 0.042056 0.101215
1 0.278037 0.803644 0.028037 0.064777
0 0.213396 0.585020 0.032710 0.089069
