0 0.822430 0.186235 0.018692 0.048583
0 0.214174 0.582996 0.105919 0.230769
1 0.113707 0.670040 0.028037 0.085020
0 0.073988 0.151822 0.015576 0.052632
1 0.125389 0.390688 0.024922 0.076923
1 0.577882 0.789474 0.028037 0.044534
1 0.419782 0.844130 0.035826 0.080972
0 0.309190 0.643725 0.042056 0.097166
0 0.765576 0.281377 0.007788 0.020243
1 0.598131 0.578947 0.015576 0.040486
1 0.140966 0.647773 0.014019 0.024291
0 0.802960 0.959514 0.014019 0.044534
0 0.131620 0.965587 0.006231 0.012146
0 0.665109 0.366397 0.042056 0.157895
0 0.927570 0.204453 0.029595 0.080972
1 0.097352 0.884615 0.015576 0.036437
1 0.683022 0.748988 0.017134 0.044534
1 0.125389 0.520243 0.051402 0.137652
1 0.626168 0.734818 0.046729 0.141700
1 0.354361 0.471660 0.026480 0.052632
1 0.273364 0.921053 0.029595 0.068826
0 0.079439 0.663968 0.032710 0.093117
0 0.216511 0.115385 0.014019 0.040486
1 0.153427 0.803644 0.024922 0.085020
0 0.733645 0.582996 0.040498 0.129555
1 0.203271 0.196356 0.021807 0.052632
1 0.876168 0.708502 0.014019 0.040486
1 0.618380 0.894737 0.007788 0.028340
0 0.726636 0.331984 0.014019 0.028340
0 0.539720 0.340081 0.038941 0.089069
1 0.936137 0.487854 0.029595 0.085020
1 0.882399 0.917004 0.029595 0.085020
1 0.593458 0.692308 0.012461 0.040486
1 0.260125 0.917004 0.026480 0.076923
