0 0.443146 0.570850 0.070093 0.153846
1 0.387072 0.874494 0.026480 0.064777
1 0.643302 0.358300 0.015576 0.044534
1 0.214953 0.518219 0.009346 0.024291
1 0.443146 0.761134 0.007788 0.024291
1 0.515576 0.202429 0.032710 0.105263
0 0.277259 0.680162 0.028037 0.056680
0 0.584891 0.811741 0.009346 0.024291
1 0.869159 0.299595 0.021807 0.056680
0 0.507788 0.831984 0.009346 0.036437
1 0.672118 0.113360 0.010903 0.036437
1 0.320872 0.783401 0.098131 0.170040
0 0.126947 0.763158 0.032710 0.121457
0 0.443146 0.155870 0.010903 0.028340
0 0.436137 0.483806 0.102804 0.153846
1 0.239097 0.419028 0.062305 0.093117
1 0.197819 0.441296 0.026480 0.072874
0 0.198598 0.516194 0.020249 0.060729
1 0.788941 0.562753 0.017134 0.024291
0 0.379283 0.147773 0.009346 0.020243
0 0.287383 0.398785 0.026480 0.068826
1 0.624611 0.943320 0.015576 0.032389
0 0.259346 0.777328 0.042056 0.117409
1 0.428349 0.145749 0.021807 0.048583
1 0.638629 0.852227 0.024922 0.052632
0 0.803738 0.627530 0.018692 0.032389
1 0.496106 0.528340 0.034268 0.093117
1 0.862150 0.497976 0.026480 0.113360
1 0.947040 0.307692 0.015576 0.048583
1 0.943925 0.461538 0.007788 0.016194
1 0.599688 0.459514 0.045171 0.089069
0 0.252336 0.228745 0.014019 0.028340
0 0.671340 0.135628 0.012461 0.032389
1 0.490654 0.690283 0.052960 0.141700
1 0.658879 0.172065 0.006231 0.012146
0 0.045950 0.269231 0.018692 0.048583
1 0.598910 0.570850 0.029595 0.044534
1 0.764798 0.746964 0.026480 0.060729
1 0.186916 0.862348 0.023364 0.044534
0 0.527259 0.139676 0.012461 0.036437
0 0.394860 0.785425 0.007788 0.024291
1 0.205607 0.981781 0.012461 0.020243
1 0.415109 0.941296 0.032710 0.056680
1 0.696262 0.781377 0.029595 0.076923
0 0.104361 0.315789 0.045171 0.153846
1 0.085670 0.696356 0.009346 0.032389
1 0.877726 0.890688 0.026480 0.076923
1 0.147196 0.293522 0.063863 0.137652
1 0.392523 0.451417 0.059190 0.109312
