1 0.728193 0.714575 0.031153 0.056680
1 0.451713 0.740891 0.060748 0.129555
0 0.867601 0.732794 0.038941 0.121457
0 0.823209 0.953441 0.015576 0.048583
1 0.156542 0.730769 0.023364 0.068826
1 0.692368 0.151822 0.031153 0.072874
0 0.231308 0.301619 0.024922 0.044534
1 0.653427 0.528340 0.091900 0.153846
0 0.897196 0.623482 0.029595 0.068826
1 0.437695 0.868421 0.026480 0.089069
0 0.203271 0.564777 0.017134 0.048583
1 0.086449 0.483806 0.068536 0.165992
1 0.781931 0.712551 0.017134 0.052632
1 0.359813 0.291498 0.042056 0.093117
1 0.593458 0.912955 0.029595 0.117409
1 0.190031 0.736842 0.049844 0.117409
1 0.559190 0.744939 0.037383 0.085020
1 0.671340 0.412955 0.034268 0.089069
1 0.506231 0.892713 0.038941 0.097166
0 0.896417 0.248988 0.012461 0.040486
1 0.926012 0.354251 0.032710 0.072874
1 0.915109 0.449393 0.034268 0.056680
1 0.373832 0.439271 0.028037 0.056680
1 0.302960 0.338057 0.024922 0.060729
1 0.522586 0.682186 0.062305 0.121457
1 0.786604 0.548583 0.012461 0.028340
1 0.493769 0.483806 0.079439 0.117409
1 0.357477 0.791498 0.066978 0.149798
1 0.897196 0.880567 0.031153 0.085020
0 0.125389 0.724696 0.020249 0.056680
0 0.567757 0.289474 0.023364 0.080972
1 0.914330 0.858300 0.043614 0.072874
1 0.332555 0.457490 0.021807 0.072874
0 0.059190 0.829960 0.006231 0.016194
1 0.706386 0.686235 0.056075 0.085020
1 0.490654 0.732794 0.031153 0.060729
1 0.123832 0.133603 0.028037 0.052632
0 0.846573 0.178138 0.032710 0.157895
0 0.564642 0.651822 0.026480 0.117409
0 0.774922 0.609312 0.037383 0.064777
1 0.543614 0.204453 0.052960 0.109312
1 0.442368 0.599190 0.020249 0.048583
0 0.211059 0.497976 0.045171 0.093117
1 0.846573 0.378543 0.056075 0.161943
