1 0.913551 0.259109 0.012461 0.044534
0 0.597352 0.692308 0.023364 0.080972
1 0.178349 0.487854 0.017134 0.036437
1 0.471963 0.504049 0.093458 0.174089
1 0.845794 0.680162 0.084112 0.182186
1 0.846573 0.805668 0.042056 0.089069
0 0.214174 0.587045 0.035826 0.109312
1 0.637850 0.471660 0.014019 0.036437
1 0.742212 0.580972 0.020249 0.056680
0 0.480530 0.240891 0.034268 0.089069
1 0.552960 0.651822 0.059190 0.117409
1 0.242212 0.471660 0.010903 0.024291
1 0.233645 0.323887 0.024922 0.044534
0 0.804517 0.831984 0.028037 0.101215
0 0.534268 0.281377 0.006231 0.016194
1 0.822430 0.216599 0.042056 0.170040
1 0.081776 0.222672 0.018692 0.056680
1 0.947040 0.898785 0.014019 0.032389
1 0.246106 0.402834 0.020249 0.056680
1 0.735202 0.376518 0.015576 0.044534
0 0.088006 0.661943 0.007788 0.020243
1 0.376168 0.289474 0.046729 0.153846
0 0.586449 0.552632 0.037383 0.109312
1 0.320093 0.419028 0.023364 0.052632
1 0.187695 0.757085 0.101246 0.214575
0 0.711838 0.421053 0.034268 0.093117
0 0.936916 0.518219 0.017134 0.056680
0 0.401090 0.842105 0.009346 0.016194
0 0.680685 0.797571 0.048287 0.089069
1 0.410436 0.688259 0.060748 0.105263
1 0.605140 0.396761 0.054517 0.109312
1 0.804517 0.172065 0.057632 0.157895
0 0.359034 0.338057 0.045171 0.121457
0 0.525701 0.641700 0.026480 0.064777
0 0.884735 0.368421 0.032710 0.048583
0 0.486760 0.362348 0.026480 0.085020
0 0.779595 0.823887 0.007788 0.020243
1 0.310748 0.570850 0.018692 0.048583
0 0.791277 0.465587 0.023364 0.040486
0 0.764798 0.682186 0.049844 0.101215
0 0.514798 0.852227 0.057632 0.165992
1 0.386293 0.467611 0.046729 0.129555
1 0.618380 0.925101 0.015576 0.032389
0 0.121495 0.892713 0.043614 0.125506
