0 0.501558 0.696356 0.010903 0.028340
1 0.820093 0.684211 0.118380 0.311741
1 0.681464 0.568826 0.007788 0.020243
1 0.320093 0.722672 0.028037 0.068826
1 0.286604 0.433198 0.085670 0.170040
0 0.565421 0.263158 0.015576 0.048583
0 0.461838 0.781377 0.023364 0.060729
0 0.444704 0.775304 0.017134 0.048583
1 0.417445 0.261134 0.020249 0.056680
1 0.680685 0.751012 0.026480 0.072874
0 0.440810 0.880567 0.009346 0.028340
1 0.371495 0.589069 0.028037 0.060729
0 0.362928 0.704453 0.023364 0.052632
1 0.720405 0.603239 0.028037 0.048583
1 0.598910 0.678138 0.051402 0.174089
0 0.488318 0.323887 0.026480 0.056680
1 0.196262 0.212551 0.049844 0.178138
0 0.532710 0.829960 0.056075 0.093117
1 0.589564 0.283401 0.014019 0.032389
1 0.700935 0.692308 0.031153 0.072874
1 0.753894 0.858300 0.024922 0.072874
1 0.741433 0.364372 0.009346 0.028340
1 0.683022 0.384615 0.066978 0.202429
0 0.363707 0.309717 0.004673 0.012146
0 0.210280 0.295547 0.066978 0.198381
1 0.626947 0.279352 0.015576 0.056680
1 0.585670 0.834008 0.062305 0.178138
1 0.147196 0.696356 0.021807 0.060729
1 0.929128 0.797571 0.029595 0.089069
1 0.140187 0.595142 0.031153 0.113360
0 0.893302 0.578947 0.010903 0.024291
1 0.485202 0.190283 0.035826 0.101215
1 0.764019 0.119433 0.020249 0.052632
0 0.190810 0.765182 0.014019 0.024291
1 0.615265 0.502024 0.032710 0.097166
