0 0.647196 0.801619 0.026480 0.064777
0 0.344237 0.767206 0.017134 0.048583
1 0.120717 0.305668 0.034268 0.089069
1 0.546729 0.655870 0.023364 0.064777
1 0.463396 0.538462 0.034268 0.085020
0 0.182243 0.700405 0.035826 0.109312
0 0.271807 0.661943 0.042056 0.097166
1 0.826324 0.617409 0.060748 0.133603
1 0.480530 0.732794 0.037383 0.097166
0 0.496106 0.267206 0.017134 0.048583
0 0.524922 0.823887 0.032710 0.121457
1 0.721963 0.481781 0.035826 0.072874
0 0.366822 0.350202 0.024922 0.072874
0 0.244548 0.500000 0.040498 0.113360
0 0.883956 0.738866 0.038941 0.080972
1 0.571651 0.396761 0.012461 0.032389
0 0.387072 0.271255 0.035826 0.097166
1 0.908879 0.931174 0.020249 0.056680
1 0.059190 0.597166 0.006231 0.012146
0 0.059969 0.714575 0.032710 0.085020
1 0.377726 0.621457 0.077882 0.206478
0 0.311526 0.554656 0.032710 0.048583
1 0.698598 0.927126 0.014019 0.024291
1 0.840343 0.374494 0.130841 0.251012
0 0.219626 0.281377 0.026480 0.068826
0 0.730530 0.617409 0.009346 0.024291
1 0.424455 0.200405 0.006231 0.020243
1 0.288162 0.334008 0.006231 0.028340
1 0.287383 0.751012 0.045171 0.117409
1 0.387072 0.412955 0.040498 0.101215
0 0.700156 0.528340 0.004673 0.012146
0 0.563084 0.512146 0.042056 0.157895
1 0.077103 0.350202 0.034268 0.133603
0 0.935358 0.876518 0.038941 0.129555
1 0.858255 0.672065 0.028037 0.056680
