1 0.277259 0.910931 0.051402 0.157895
1 0.722741 0.234818 0.032710 0.089069
0 0.241433 0.524291 0.037383 0.125506
0 0.510125 0.665992 0.031153 0.097166
1 0.159657 0.574899 0.051402 0.064777
0 0.873832 0.435223 0.107477 0.165992
0 0.137072 0.864372 0.037383 0.101215
1 0.889408 0.827935 0.054517 0.182186
1 0.928349 0.331984 0.057632 0.141700
1 0.202492 0.522267 0.057632 0.149798
1 0.832555 0.176113 0.029595 0.060729
1 0.228193 0.368421 0.018692 0.044534
1 0.853583 0.896761 0.029595 0.097166
0 0.420561 0.554656 0.045171 0.141700
0 0.431464 0.141700 0.009346 0.032389
1 0.680685 0.797571 0.082555 0.145749
1 0.369159 0.751012 0.009346 0.016194
1 0.915888 0.753036 0.085670 0.101215
1 0.538941 0.331984 0.060748 0.125506
1 0.239875 0.301619 0.024922 0.101215
1 0.454050 0.524291 0.049844 0.085020
1 0.316199 0.172065 0.051402 0.089069
0 0.571651 0.388664 0.018692 0.044534
0 0.739097 0.842105 0.017134 0.028340
1 0.917445 0.627530 0.049844 0.198381
0 0.809969 0.145749 0.056075 0.101215
0 0.262461 0.661943 0.017134 0.044534
1 0.059190 0.836032 0.032710 0.056680
0 0.088785 0.172065 0.045171 0.097166
1 0.755452 0.358300 0.091900 0.214575
1 0.845016 0.625506 0.017134 0.036437
0 0.734424 0.753036 0.015576 0.085020
1 0.560748 0.744939 0.012461 0.032389
1 0.444704 0.941296 0.015576 0.040486
1 0.123832 0.502024 0.018692 0.044534
1 0.660436 0.455466 0.040498 0.149798
1 0.884735 0.226721 0.043614 0.133603
0 0.792056 0.698381 0.007788 0.020243
1 0.330218 0.506073 0.038941 0.097166
0 0.646417 0.963563 0.010903 0.040486
1 0.482866 0.633603 0.015576 0.036437
1 0.535047 0.870445 0.015576 0.040486
1 0.834891 0.520243 0.062305 0.182186
1 0.080997 0.779352 0.046729 0.157895
1 0.805296 0.311741 0.054517 0.121457
1 0.370717 0.686235 0.010903 0.028340
1 0.120717 0.793522 0.051402 0.121457
