1 0.111371 0.445344 0.021807 0.036437
1 0.786604 0.323887 0.014019 0.036437
0 0.775701 0.831984 0.035826 0.117409
0 0.208723 0.331984 0.115265 0.323887
0 0.572430 0.862348 0.037383 0.085020
1 0.500779 0.206478 0.035826 0.109312
1 0.676791 0.204453 0.042056 0.085020
1 0.294393 0.376518 0.032710 0.149798
0 0.916667 0.939271 0.017134 0.044534
0 0.447819 0.880567 0.040498 0.048583
1 0.140966 0.495951 0.010903 0.032389
0 0.234424 0.734818 0.007788 0.016194
0 0.842679 0.609312 0.029595 0.060729
1 0.473520 0.356275 0.020249 0.036437
1 0.108255 0.293522 0.071651 0.149798
1 0.086449 0.485830 0.012461 0.028340
1 0.888629 0.417004 0.028037 0.072874
1 0.557632 0.273279 0.028037 0.080972
1 0.390966 0.504049 0.087227 0.234818
0 0.388629 0.139676 0.021807 0.052632
1 0.524922 0.303644 0.020249 0.056680
1 0.797508 0.937247 0.029595 0.072874
0 0.580997 0.417004 0.023364 0.060729
1 0.268692 0.354251 0.020249 0.068826
1 0.200935 0.892713 0.054517 0.129555
1 0.778816 0.649798 0.049844 0.117409
1 0.883956 0.323887 0.009346 0.028340
0 0.933022 0.493927 0.031153 0.064777
1 0.142523 0.688259 0.043614 0.068826
1 0.931464 0.524291 0.029595 0.060729
0 0.299844 0.447368 0.048287 0.064777
1 0.799844 0.836032 0.014019 0.036437
0 0.816978 0.170040 0.051402 0.097166
1 0.392523 0.684211 0.012461 0.032389
1 0.575545 0.767206 0.051402 0.085020
1 0.363707 0.297571 0.028037 0.085020
1 0.469626 0.682186 0.082555 0.275304
0 0.482866 0.433198 0.031153 0.060729
1 0.673676 0.321862 0.006231 0.028340
1 0.152648 0.801619 0.074766 0.145749
0 0.452492 0.947368 0.009346 0.020243
1 0.842679 0.649798 0.015576 0.052632
0 0.616822 0.242915 0.031153 0.141700
1 0.263240 0.607287 0.029595 0.093117
