1 0.045950 0.315789 0.018692 0.044534
1 0.123832 0.155870 0.010903 0.036437
0 0.894081 0.783401 0.020249 0.060729
1 0.718847 0.425101 0.060748 0.178138
1 0.913551 0.455466 0.063863 0.145749
0 0.688474 0.516194 0.026480 0.076923
1 0.798287 0.261134 0.084112 0.133603
0 0.781153 0.170040 0.028037 0.068826
1 0.409657 0.287449 0.014019 0.040486
1 0.767913 0.641700 0.052960 0.141700
1 0.567757 0.872470 0.007788 0.020243
1 0.545171 0.643725 0.029595 0.072874
0 0.077103 0.690283 0.042056 0.093117
1 0.484424 0.603239 0.026480 0.089069
1 0.899533 0.299595 0.068536 0.149798
1 0.444704 0.382591 0.018692 0.064777
1 0.333333 0.386640 0.026480 0.068826
0 0.694704 0.763158 0.070093 0.153846
1 0.479751 0.775304 0.028037 0.097166
1 0.383956 0.479757 0.020249 0.068826
0 0.468069 0.293522 0.004673 0.012146
1 0.309190 0.801619 0.015576 0.036437
0 0.546729 0.489879 0.028037 0.068826
1 0.166667 0.572874 0.082555 0.210526
1 0.193925 0.785425 0.090343 0.198381
1 0.655763 0.781377 0.035826 0.072874
0 0.064642 0.178138 0.037383 0.125506
0 0.285826 0.366397 0.014019 0.028340
1 0.329439 0.200405 0.040498 0.117409
1 0.935358 0.174089 0.020249 0.052632
0 0.806854 0.512146 0.076324 0.190283
1 0.122274 0.665992 0.035826 0.056680
0 0.614486 0.759109 0.028037 0.093117
1 0.274922 0.704453 0.017134 0.028340
0 0.641745 0.712551 0.056075 0.093117
1 0.409657 0.398785 0.056075 0.165992
0 0.718069 0.301619 0.046729 0.165992
1 0.199377 0.489879 0.042056 0.133603
0 0.147196 0.289474 0.073209 0.125506
