1 0.672118 0.718623 0.024922 0.068826
0 0.547508 0.564777 0.043614 0.105263
0 0.254673 0.398785 0.028037 0.076923
0 0.583333 0.443320 0.020249 0.072874
0 0.417445 0.168016 0.029595 0.044534
1 0.702492 0.827935 0.087227 0.153846
1 0.281153 0.864372 0.040498 0.117409
0 0.635514 0.744939 0.040498 0.097166
1 0.228193 0.900810 0.020249 0.044534
1 0.405763 0.404858 0.049844 0.113360
1 0.349688 0.279352 0.057632 0.170040
1 0.698598 0.224696 0.020249 0.064777
1 0.285047 0.661943 0.018692 0.056680
0 0.374611 0.522267 0.029595 0.089069
1 0.313084 0.763158 0.037383 0.113360
1 0.157321 0.473684 0.045171 0.125506
1 0.330997 0.364372 0.045171 0.064777
1 0.654206 0.858300 0.048287 0.133603
1 0.706386 0.635628 0.045171 0.182186
0 0.444704 0.763158 0.020249 0.068826
0 0.218069 0.809717 0.038941 0.056680
0 0.282710 0.307692 0.021807 0.060729
1 0.896417 0.190283 0.052960 0.129555
1 0.503115 0.676113 0.076324 0.222672
1 0.222741 0.728745 0.042056 0.093117
0 0.906542 0.821862 0.018692 0.052632
1 0.162773 0.309717 0.034268 0.109312
1 0.085670 0.346154 0.020249 0.044534
0 0.533489 0.431174 0.026480 0.048583
0 0.623832 0.477733 0.007788 0.024291
1 0.436137 0.736842 0.021807 0.056680
1 0.456386 0.884615 0.007788 0.036437
0 0.066199 0.113360 0.007788 0.024291
1 0.751558 0.291498 0.057632 0.153846
