1 0.150312 0.303644 0.049844 0.182186
0 0.313863 0.587045 0.065421 0.165992
0 0.852025 0.688259 0.032710 0.105263
1 0.690031 0.560729 0.088785 0.246964
1 0.575545 0.423077 0.017134 0.072874
0 0.204829 0.852227 0.014019 0.032389
1 0.152648 0.163968 0.043614 0.093117
0 0.488318 0.591093 0.040498 0.101215
1 0.911994 0.574899 0.054517 0.198381
0 0.819315 0.497976 0.034268 0.056680
1 0.829439 0.844130 0.063863 0.161943
1 0.791277 0.769231 0.018692 0.056680
1 0.460280 0.303644 0.042056 0.117409
1 0.496885 0.645749 0.038941 0.089069
0 0.264019 0.495951 0.017134 0.052632
0 0.382399 0.277328 0.032710 0.068826
0 0.837227 0.170040 0.010903 0.048583
1 0.331776 0.724696 0.021807 0.076923
0 0.795171 0.398785 0.010903 0.036437
0 0.531931 0.291498 0.017134 0.036437
1 0.331776 0.969636 0.004673 0.016194
1 0.453271 0.937247 0.040498 0.113360
1 0.691589 0.295547 0.065421 0.129555
1 0.270249 0.362348 0.020249 0.080972
1 0.496885 0.712551 0.052960 0.109312
1 0.455607 0.728745 0.023364 0.076923
0 0.341900 0.769231 0.046729 0.105263
1 0.863707 0.917004 0.021807 0.080972
1 0.735202 0.876518 0.028037 0.064777
0 0.075545 0.827935 0.026480 0.060729
1 0.446262 0.508097 0.018692 0.076923
