1 0.766355 0.196356 0.057632 0.145749
1 0.367601 0.530364 0.034268 0.109312
0 0.273364 0.344130 0.034268 0.097166
1 0.253894 0.552632 0.034268 0.089069
0 0.614486 0.783401 0.035826 0.064777
0 0.801402 0.846154 0.048287 0.113360
1 0.394081 0.854251 0.018692 0.040486
0 0.485202 0.297571 0.017134 0.044534
0 0.607477 0.238866 0.070093 0.161943
1 0.573988 0.372470 0.014019 0.040486
1 0.303738 0.684211 0.028037 0.076923
0 0.589564 0.761134 0.034268 0.117409
1 0.647196 0.789474 0.032710 0.089069
1 0.093458 0.487854 0.048287 0.085020
1 0.210280 0.748988 0.037383 0.109312
1 0.270249 0.398785 0.014019 0.044534
1 0.285047 0.900810 0.020249 0.044534
1 0.218847 0.109312 0.012461 0.032389
1 0.156542 0.684211 0.021807 0.064777
1 0.333333 0.414980 0.029595 0.080972
0 0.399533 0.670040 0.060748 0.165992
1 0.241433 0.886640 0.028037 0.109312
0 0.456386 0.914980 0.028037 0.080972
1 0.439252 0.789474 0.045171 0.113360
1 0.728972 0.479757 0.080997 0.311741
0 0.168224 0.582996 0.031153 0.064777
1 0.240654 0.536437 0.021807 0.072874
1 0.643302 0.665992 0.084112 0.165992
1 0.239097 0.303644 0.032710 0.076923
0 0.816199 0.504049 0.020249 0.052632
1 0.169782 0.384615 0.071651 0.161943
1 0.630062 0.111336 0.004673 0.016194
0 0.261682 0.248988 0.034268 0.109312
0 0.212617 0.556680 0.021807 0.060729
1 0.928349 0.352227 0.054517 0.121457
1 0.742991 0.163968 0.046729 0.113360
0 0.384735 0.392713 0.035826 0.101215
0 0.699377 0.686235 0.052960 0.145749
1 0.285826 0.155870 0.007788 0.020243
1 0.309969 0.445344 0.020249 0.040486
1 0.180685 0.690283 0.040498 0.089069
1 0.240654 0.394737 0.048287 0.097166
1 0.337227 0.789474 0.038941 0.072874
1 0.801402 0.165992 0.023364 0.044534
1 0.391745 0.497976 0.045171 0.068826
0 0.727414 0.255061 0.021807 0.097166
1 0.171340 0.653846 0.040498 0.068826
0 0.800623 0.350202 0.056075 0.145749
