1 0.900312 0.684211 0.062305 0.157895
0 0.202492 0.240891 0.054517 0.174089
1 0.326324 0.710526 0.034268 0.117409
1 0.257009 0.331984 0.043614 0.093117
1 0.657321 0.514170 0.051402 0.125506
0 0.767134 0.127530 0.026480 0.060729
0 0.518692 0.253036 0.073209 0.251012
0 0.367601 0.670040 0.014019 0.044534
1 0.309969 0.376518 0.043614 0.105263
1 0.242212 0.892713 0.035826 0.089069
1 0.750000 0.439271 0.045171 0.109312
1 0.612150 0.368421 0.040498 0.121457
1 0.112928 0.461538 0.031153 0.101215
0 0.158100 0.686235 0.035826 0.097166
1 0.257009 0.665992 0.024922 0.060729
0 0.614486 0.576923 0.020249 0.052632
0 0.651090 0.692308 0.012461 0.032389
0 0.078660 0.651822 0.029595 0.093117
1 0.626947 0.811741 0.020249 0.068826
1 0.074766 0.734818 0.032710 0.085020
1 0.847352 0.732794 0.066978 0.174089
0 0.295950 0.578947 0.026480 0.064777
0 0.507788 0.904858 0.018692 0.032389
1 0.566199 0.831984 0.032710 0.117409
0 0.708723 0.599190 0.085670 0.230769
1 0.349688 0.554656 0.034268 0.076923
1 0.905763 0.619433 0.087227 0.186235
0 0.696262 0.269231 0.006231 0.012146
0 0.484424 0.963563 0.009346 0.024291
0 0.440031 0.945344 0.004673 0.012146
1 0.492212 0.508097 0.049844 0.190283
1 0.746106 0.248988 0.026480 0.085020
1 0.612150 0.512146 0.046729 0.068826
1 0.097352 0.370445 0.015576 0.048583
1 0.611371 0.609312 0.020249 0.060729
0 0.314642 0.485830 0.015576 0.036437
1 0.362150 0.502024 0.012461 0.040486
1 0.820872 0.562753 0.029595 0.097166
1 0.867601 0.917004 0.010903 0.024291
