1 0.222741 0.113360 0.015576 0.024291
1 0.446262 0.526316 0.042056 0.149798
1 0.629283 0.823887 0.040498 0.117409
0 0.155763 0.400810 0.042056 0.085020
1 0.507009 0.323887 0.040498 0.145749
0 0.641745 0.971660 0.010903 0.036437
0 0.684579 0.445344 0.020249 0.080972
1 0.324766 0.512146 0.034268 0.113360
0 0.738318 0.396761 0.035826 0.089069
1 0.188474 0.793522 0.031153 0.085020
1 0.435358 0.445344 0.023364 0.064777
1 0.834112 0.311741 0.068536 0.255061
1 0.783489 0.242915 0.060748 0.153846
0 0.528037 0.967611 0.012461 0.020243
0 0.241433 0.836032 0.021807 0.056680
0 0.371495 0.471660 0.017134 0.048583
0 0.072430 0.206478 0.049844 0.117409
0 0.579439 0.220648 0.063863 0.190283
1 0.267134 0.376518 0.048287 0.153846
0 0.550623 0.455466 0.023364 0.052632
1 0.105140 0.929150 0.034268 0.076923
1 0.147196 0.846154 0.010903 0.064777
0 0.161994 0.578947 0.043614 0.141700
0 0.672118 0.263158 0.031153 0.085020
0 0.232866 0.805668 0.014019 0.036437
1 0.834112 0.137652 0.020249 0.040486
1 0.337227 0.690283 0.021807 0.093117
1 0.523364 0.692308 0.045171 0.170040
1 0.947040 0.884615 0.026480 0.085020
0 0.305296 0.576923 0.048287 0.186235
0 0.283489 0.696356 0.020249 0.048583
