1 0.481308 0.251012 0.028037 0.048583
1 0.255452 0.267206 0.012461 0.048583
1 0.613707 0.394737 0.029595 0.101215
1 0.576324 0.639676 0.023364 0.064777
1 0.428349 0.874494 0.012461 0.020243
1 0.386293 0.184211 0.024922 0.080972
1 0.405763 0.115385 0.009346 0.032389
1 0.759346 0.751012 0.010903 0.028340
1 0.049065 0.680162 0.020249 0.068826
1 0.697819 0.663968 0.077882 0.178138
1 0.109034 0.534413 0.043614 0.137652
1 0.148754 0.755061 0.071651 0.206478
0 0.046729 0.874494 0.012461 0.032389
1 0.687695 0.925101 0.024922 0.064777
1 0.878505 0.714575 0.028037 0.060729
1 0.814642 0.200405 0.015576 0.032389
0 0.063863 0.724696 0.024922 0.076923
1 0.788162 0.153846 0.029595 0.089069
1 0.647196 0.888664 0.046729 0.117409
1 0.724299 0.493927 0.037383 0.194332
0 0.547508 0.779352 0.037383 0.056680
0 0.165888 0.404858 0.059190 0.125506
1 0.245327 0.510121 0.073209 0.178138
0 0.712617 0.309717 0.059190 0.141700
1 0.840343 0.882591 0.010903 0.032389
0 0.694704 0.775304 0.015576 0.024291
0 0.388629 0.771255 0.021807 0.060729
1 0.392523 0.224696 0.007788 0.028340
0 0.854361 0.661943 0.007788 0.016194
1 0.300623 0.354251 0.031153 0.089069
1 0.781931 0.880567 0.057632 0.157895
0 0.459502 0.730769 0.040498 0.072874
1 0.864486 0.819838 0.017134 0.048583
1 0.613707 0.627530 0.056075 0.117409
1 0.658100 0.161943 0.035826 0.060729
1 0.358255 0.599190 0.037383 0.068826
1 0.459502 0.825911 0.017134 0.044534
1 0.257788 0.765182 0.026480 0.048583
1 0.888629 0.194332 0.035826 0.093117
0 0.843458 0.779352 0.021807 0.052632
0 0.205607 0.580972 0.054517 0.068826
1 0.649533 0.759109 0.062305 0.133603
1 0.070093 0.491903 0.042056 0.093117
0 0.357477 0.706478 0.032710 0.080972
0 0.258567 0.380567 0.037383 0.085020
1 0.799065 0.564777 0.012461 0.052632
1 0.826324 0.546559 0.049844 0.080972
1 0.505452 0.390688 0.015576 0.060729
1 0.209502 0.311741 0.045171 0.174089
1 0.633956 0.317814 0.012461 0.028340
1 0.894081 0.629555 0.009346 0.032389
0 0.547508 0.259109 0.054517 0.089069
1 0.920561 0.366397 0.049844 0.080972
1 0.613707 0.876518 0.035826 0.064777
1 0.691589 0.803644 0.015576 0.028340
0 0.580218 0.939271 0.010903 0.024291
1 0.518692 0.797571 0.029595 0.089069
1 0.489875 0.176113 0.042056 0.113360
1 0.420561 0.680162 0.060748 0.089069
