1 0.376168 0.510121 0.026480 0.064777
1 0.334112 0.791498 0.015576 0.032389
0 0.667445 0.253036 0.048287 0.145749
1 0.793614 0.234818 0.023364 0.052632
0 0.080997 0.206478 0.037383 0.174089
0 0.449377 0.447368 0.085670 0.210526
1 0.832555 0.279352 0.070093 0.113360
0 0.874611 0.625506 0.023364 0.093117
1 0.229751 0.475709 0.146417 0.319838
1 0.772586 0.218623 0.006231 0.024291
1 0.917445 0.366397 0.024922 0.105263
0 0.154206 0.672065 0.056075 0.153846
1 0.787383 0.536437 0.023364 0.044534
1 0.091900 0.510121 0.018692 0.036437
1 0.433801 0.742915 0.031153 0.113360
1 0.305296 0.914980 0.015576 0.032389
1 0.738318 0.842105 0.012461 0.032389
1 0.894081 0.672065 0.043614 0.097166
1 0.834112 0.890688 0.009346 0.040486
0 0.643302 0.386640 0.068536 0.125506
1 0.109034 0.285425 0.023364 0.044534
0 0.921340 0.576923 0.021807 0.056680
0 0.943925 0.360324 0.021807 0.064777
1 0.418224 0.350202 0.093458 0.214575
1 0.651869 0.589069 0.015576 0.036437
0 0.698598 0.690283 0.042056 0.125506
1 0.573209 0.455466 0.093458 0.246964
0 0.797508 0.643725 0.023364 0.060729
1 0.549065 0.587045 0.020249 0.064777
0 0.740654 0.734818 0.037383 0.109312
0 0.718847 0.218623 0.020249 0.048583
0 0.633956 0.769231 0.063863 0.133603
0 0.339564 0.287449 0.018692 0.048583
1 0.834112 0.481781 0.018692 0.036437
1 0.270249 0.805668 0.042056 0.085020
1 0.479751 0.686235 0.066978 0.133603
0 0.270249 0.137652 0.007788 0.016194
1 0.225857 0.732794 0.017134 0.032389
1 0.903427 0.631579 0.045171 0.105263
0 0.725078 0.615385 0.029595 0.109312
1 0.439252 0.597166 0.040498 0.109312
0 0.920561 0.180162 0.014019 0.032389
