1 0.472741 0.647773 0.093458 0.263158
0 0.507788 0.846154 0.034268 0.097166
1 0.429128 0.188259 0.024922 0.085020
1 0.252336 0.520243 0.077882 0.141700
0 0.772586 0.785425 0.029595 0.089069
1 0.905763 0.645749 0.014019 0.032389
1 0.050623 0.674089 0.014019 0.044534
0 0.737539 0.510121 0.043614 0.097166
0 0.172118 0.919028 0.042056 0.105263
1 0.798287 0.459514 0.010903 0.028340
1 0.893302 0.562753 0.010903 0.024291
1 0.706386 0.251012 0.076324 0.105263
1 0.863707 0.603239 0.021807 0.105263
1 0.374611 0.277328 0.017134 0.028340
0 0.330997 0.463563 0.088785 0.190283
1 0.785826 0.714575 0.024922 0.072874
1 0.602804 0.295547 0.023364 0.064777
0 0.046729 0.410931 0.009346 0.032389
1 0.255452 0.649798 0.031153 0.109312
1 0.364486 0.538462 0.077882 0.137652
1 0.179128 0.775304 0.085670 0.226721
1 0.448598 0.868421 0.059190 0.210526
1 0.057632 0.417004 0.018692 0.040486
0 0.819315 0.692308 0.023364 0.040486
0 0.550623 0.406883 0.020249 0.044534
1 0.749221 0.712551 0.028037 0.052632
1 0.898754 0.825911 0.091900 0.263158
1 0.168224 0.665992 0.085670 0.255061
0 0.389408 0.372470 0.021807 0.072874
1 0.165109 0.182186 0.009346 0.020243
1 0.468847 0.238866 0.029595 0.089069
1 0.578660 0.787449 0.096573 0.210526
1 0.168224 0.433198 0.018692 0.052632
1 0.579439 0.336032 0.009346 0.024291
1 0.729751 0.244939 0.056075 0.170040
1 0.600467 0.641700 0.017134 0.052632
0 0.950935 0.131579 0.010903 0.032389
1 0.848131 0.356275 0.038941 0.109312
1 0.884735 0.421053 0.054517 0.093117
