1 0.136293 0.429150 0.077882 0.133603
1 0.680685 0.633603 0.028037 0.056680
1 0.862928 0.386640 0.054517 0.101215
0 0.483645 0.437247 0.023364 0.060729
0 0.415888 0.716599 0.009346 0.024291
0 0.629283 0.453441 0.010903 0.032389
0 0.495327 0.896761 0.034268 0.085020
1 0.491433 0.844130 0.037383 0.117409
0 0.290498 0.544534 0.048287 0.137652
1 0.750779 0.619433 0.028037 0.080972
0 0.562305 0.204453 0.028037 0.060729
1 0.704829 0.785425 0.060748 0.101215
1 0.242212 0.368421 0.017134 0.036437
1 0.165109 0.933198 0.014019 0.048583
1 0.411215 0.311741 0.052960 0.153846
1 0.212617 0.477733 0.020249 0.052632
1 0.934579 0.574899 0.042056 0.052632
1 0.581776 0.751012 0.057632 0.238866
0 0.446262 0.165992 0.009346 0.024291
0 0.717290 0.570850 0.052960 0.113360
0 0.345016 0.358300 0.015576 0.036437
0 0.275701 0.755061 0.054517 0.101215
1 0.186137 0.317814 0.023364 0.072874
1 0.382399 0.196356 0.040498 0.072874
1 0.362150 0.882591 0.032710 0.089069
0 0.892523 0.202429 0.009346 0.024291
0 0.719626 0.651822 0.045171 0.064777
0 0.823209 0.874494 0.052960 0.101215
1 0.352804 0.728745 0.042056 0.145749
1 0.662773 0.174089 0.010903 0.052632
1 0.115265 0.554656 0.007788 0.032389
1 0.523364 0.188259 0.038941 0.072874
1 0.478972 0.293522 0.021807 0.056680
1 0.454829 0.544534 0.009346 0.028340
1 0.928349 0.319838 0.010903 0.032389
1 0.397975 0.619433 0.010903 0.024291
1 0.741433 0.325911 0.021807 0.060729
1 0.793614 0.255061 0.065421 0.178138
0 0.093458 0.665992 0.015576 0.048583
0 0.430685 0.475709 0.015576 0.048583
1 0.455607 0.674089 0.023364 0.048583
0 0.193925 0.374494 0.012461 0.036437
0 0.055296 0.668016 0.010903 0.032389
0 0.454829 0.886640 0.009346 0.024291
1 0.862150 0.516194 0.012461 0.036437
1 0.239097 0.504049 0.010903 0.044534
