1 0.797508 0.402834 0.043614 0.113360
1 0.050623 0.906883 0.012461 0.032389
0 0.834112 0.730769 0.024922 0.068826
1 0.385514 0.414980 0.023364 0.064777
0 0.732866 0.941296 0.015576 0.040486
0 0.841900 0.641700 0.042056 0.105263
1 0.620717 0.710526 0.034268 0.113360
0 0.419003 0.736842 0.051402 0.129555
1 0.560748 0.757085 0.063863 0.291498
1 0.281931 0.281377 0.007788 0.024291
1 0.266355 0.753036 0.096573 0.178138
1 0.805296 0.676113 0.037383 0.121457
1 0.909657 0.321862 0.023364 0.085020
1 0.374611 0.785425 0.068536 0.222672
1 0.402648 0.151822 0.028037 0.080972
1 0.676012 0.763158 0.034268 0.129555
1 0.215732 0.967611 0.010903 0.032389
1 0.750779 0.633603 0.059190 0.145749
0 0.787383 0.769231 0.010903 0.024291
1 0.058411 0.611336 0.029595 0.097166
1 0.387072 0.692308 0.070093 0.153846
1 0.106698 0.568826 0.021807 0.048583
1 0.790498 0.147773 0.029595 0.085020
1 0.606698 0.374494 0.048287 0.165992
1 0.837227 0.475709 0.018692 0.085020
1 0.347352 0.354251 0.051402 0.109312
0 0.500000 0.896761 0.018692 0.044534
0 0.289720 0.593117 0.035826 0.076923
1 0.669003 0.263158 0.007788 0.016194
1 0.700935 0.396761 0.037383 0.109312
0 0.728972 0.340081 0.006231 0.016194
