1 0.503894 0.755061 0.020249 0.068826
1 0.190031 0.714575 0.060748 0.137652
1 0.509346 0.477733 0.129283 0.287449
1 0.785047 0.388664 0.028037 0.101215
1 0.271028 0.601215 0.009346 0.036437
0 0.217290 0.587045 0.026480 0.085020
1 0.732087 0.421053 0.012461 0.040486
1 0.389408 0.477733 0.009346 0.032389
1 0.297508 0.368421 0.042056 0.133603
1 0.948598 0.269231 0.010903 0.028340
0 0.630062 0.350202 0.063863 0.178138
1 0.718069 0.700405 0.038941 0.072874
1 0.259346 0.884615 0.007788 0.012146
1 0.430685 0.755061 0.014019 0.036437
1 0.876947 0.433198 0.023364 0.048583
1 0.210280 0.665992 0.038941 0.105263
1 0.169782 0.206478 0.029595 0.056680
0 0.741433 0.931174 0.017134 0.052632
1 0.327103 0.856275 0.021807 0.093117
1 0.679128 0.722672 0.063863 0.109312
1 0.468069 0.961538 0.009346 0.028340
1 0.435358 0.639676 0.038941 0.072874
0 0.288162 0.236842 0.009346 0.028340
1 0.087227 0.244939 0.023364 0.064777
1 0.055296 0.710526 0.010903 0.048583
1 0.838785 0.246964 0.015576 0.032389
0 0.454829 0.696356 0.021807 0.056680
1 0.945483 0.591093 0.024922 0.068826
1 0.557632 0.607287 0.068536 0.178138
1 0.146417 0.927126 0.021807 0.076923
1 0.876168 0.356275 0.045171 0.080972
0 0.084112 0.172065 0.012461 0.036437
1 0.322430 0.459514 0.035826 0.089069
1 0.230530 0.971660 0.009346 0.024291
0 0.926012 0.840081 0.024922 0.068826
0 0.653427 0.572874 0.095016 0.145749
1 0.225857 0.821862 0.017134 0.036437
0 0.888629 0.289474 0.037383 0.085020
1 0.605140 0.599190 0.017134 0.044534
1 0.825545 0.939271 0.034268 0.080972
0 0.815421 0.908907 0.024922 0.085020
1 0.073988 0.619433 0.014019 0.024291
1 0.767134 0.518219 0.032710 0.052632
1 0.465732 0.267206 0.040498 0.182186
1 0.872274 0.872470 0.035826 0.109312
1 0.809190 0.665992 0.007788 0.020243
1 0.608255 0.228745 0.054517 0.165992
