1 0.894081 0.408907 0.038941 0.060729
0 0.207944 0.206478 0.052960 0.109312
0 0.816978 0.751012 0.062305 0.161943
1 0.403427 0.651822 0.057632 0.137652
0 0.354361 0.688259 0.048287 0.133603
1 0.684579 0.738866 0.065421 0.157895
1 0.338006 0.244939 0.043614 0.129555
1 0.396417 0.477733 0.066978 0.145749
1 0.108255 0.366397 0.102804 0.234818
1 0.441589 0.305668 0.020249 0.036437
1 0.443925 0.473684 0.028037 0.056680
0 0.696262 0.914980 0.020249 0.056680
1 0.754673 0.738866 0.023364 0.056680
1 0.841121 0.836032 0.024922 0.052632
1 0.235981 0.827935 0.079439 0.149798
0 0.815421 0.202429 0.029595 0.080972
1 0.869159 0.313765 0.032710 0.125506
1 0.260125 0.613360 0.028037 0.085020
1 0.654984 0.779352 0.048287 0.133603
1 0.358255 0.550607 0.026480 0.060729
0 0.526480 0.524291 0.015576 0.036437
1 0.658100 0.500000 0.007788 0.024291
0 0.791277 0.943320 0.015576 0.036437
1 0.236760 0.502024 0.034268 0.044534
1 0.876947 0.613360 0.026480 0.080972
1 0.792056 0.228745 0.040498 0.101215
1 0.174455 0.854251 0.023364 0.076923
0 0.103583 0.787449 0.035826 0.109312
1 0.632399 0.198381 0.034268 0.072874
1 0.771028 0.455466 0.012461 0.032389
1 0.179907 0.267206 0.042056 0.109312
1 0.217290 0.512146 0.026480 0.109312
0 0.450935 0.267206 0.023364 0.076923
0 0.669003 0.888664 0.014019 0.036437
1 0.200156 0.293522 0.012461 0.036437
1 0.553738 0.139676 0.014019 0.044534
