0 0.390187 0.854251 0.035826 0.068826
1 0.624611 0.362348 0.038941 0.097166
0 0.333333 0.582996 0.021807 0.052632
0 0.095016 0.155870 0.037383 0.085020
1 0.909657 0.631579 0.042056 0.085020
0 0.137850 0.220648 0.023364 0.044534
0 0.467290 0.176113 0.024922 0.044534
0 0.183022 0.224696 0.029595 0.048583
1 0.829439 0.538462 0.088785 0.157895
1 0.079439 0.485830 0.014019 0.032389
1 0.849688 0.378543 0.032710 0.089069
0 0.809190 0.313765 0.009346 0.024291
0 0.210280 0.694332 0.035826 0.145749
0 0.079439 0.502024 0.018692 0.032389
1 0.292835 0.779352 0.024922 0.076923
1 0.424455 0.684211 0.020249 0.048583
0 0.395639 0.582996 0.012461 0.028340
0 0.085670 0.295547 0.040498 0.113360
1 0.184579 0.856275 0.040498 0.109312
0 0.107477 0.137652 0.026480 0.052632
0 0.506231 0.957490 0.015576 0.020243
1 0.358255 0.742915 0.042056 0.089069
1 0.122274 0.550607 0.029595 0.048583
0 0.448598 0.419028 0.040498 0.089069
1 0.337227 0.289474 0.049844 0.125506
1 0.409657 0.753036 0.028037 0.064777
0 0.242991 0.702429 0.012461 0.052632
0 0.662773 0.269231 0.038941 0.093117
0 0.461059 0.564777 0.048287 0.133603
0 0.158100 0.827935 0.014019 0.032389
0 0.777259 0.287449 0.032710 0.085020
1 0.852804 0.570850 0.048287 0.157895
0 0.812305 0.694332 0.034268 0.101215
1 0.695483 0.542510 0.043614 0.121457
0 0.950156 0.311741 0.009346 0.032389
0 0.049065 0.793522 0.010903 0.024291
1 0.757009 0.556680 0.040498 0.076923
0 0.535047 0.467611 0.038941 0.101215
