0 0.488318 0.184211 0.037383 0.133603
1 0.500000 0.744939 0.012461 0.044534
1 0.135514 0.852227 0.020249 0.060729
1 0.304517 0.726721 0.076324 0.307692
0 0.421340 0.593117 0.042056 0.109312
1 0.125389 0.410931 0.010903 0.036437
0 0.780374 0.643725 0.012461 0.032389
1 0.281153 0.449393 0.007788 0.016194
0 0.374611 0.481781 0.023364 0.056680
0 0.331776 0.265182 0.051402 0.186235
1 0.907321 0.639676 0.034268 0.056680
1 0.630841 0.196356 0.017134 0.032389
1 0.570093 0.935223 0.014019 0.048583
1 0.156542 0.287449 0.037383 0.093117
0 0.907321 0.404858 0.007788 0.024291
1 0.227414 0.858300 0.014019 0.068826
1 0.093458 0.589069 0.102804 0.202429
1 0.503894 0.882591 0.031153 0.052632
1 0.204829 0.174089 0.063863 0.137652
0 0.941589 0.665992 0.035826 0.093117
0 0.165888 0.174089 0.020249 0.052632
1 0.394860 0.748988 0.085670 0.137652
0 0.477414 0.641700 0.021807 0.060729
0 0.422897 0.508097 0.042056 0.085020
1 0.318536 0.358300 0.029595 0.105263
1 0.348910 0.807692 0.052960 0.170040
1 0.665109 0.500000 0.084112 0.255061
1 0.839564 0.655870 0.006231 0.016194
1 0.280374 0.180162 0.021807 0.060729
1 0.759346 0.131579 0.012461 0.028340
0 0.409657 0.334008 0.029595 0.064777
0 0.857477 0.852227 0.035826 0.137652
1 0.387072 0.576923 0.057632 0.174089
1 0.779595 0.352227 0.010903 0.016194
0 0.904984 0.933198 0.040498 0.109312
1 0.245327 0.645749 0.024922 0.117409
1 0.091900 0.702429 0.049844 0.182186
1 0.813863 0.613360 0.007788 0.016194
1 0.115265 0.771255 0.020249 0.133603
0 0.461838 0.526316 0.029595 0.060729
1 0.461838 0.781377 0.040498 0.085020
1 0.347352 0.151822 0.026480 0.072874
0 0.680685 0.898785 0.018692 0.056680
1 0.353583 0.305668 0.031153 0.117409
