0 0.115265 0.949393 0.009346 0.028340
1 0.906542 0.876518 0.052960 0.093117
1 0.239875 0.261134 0.037383 0.097166
1 0.809969 0.615385 0.015576 0.048583
0 0.187695 0.489879 0.010903 0.024291
1 0.443146 0.696356 0.054517 0.121457
1 0.436916 0.435223 0.057632 0.133603
1 0.675234 0.840081 0.066978 0.165992
0 0.139408 0.141700 0.007788 0.024291
0 0.504673 0.419028 0.018692 0.072874
1 0.652648 0.170040 0.035826 0.072874
1 0.278037 0.485830 0.063863 0.202429
0 0.752336 0.587045 0.038941 0.149798
0 0.724299 0.914980 0.021807 0.048583
0 0.584891 0.487854 0.007788 0.020243
1 0.638629 0.894737 0.035826 0.072874
1 0.894860 0.696356 0.038941 0.117409
1 0.397196 0.149798 0.029595 0.076923
1 0.840343 0.271255 0.045171 0.129555
1 0.862150 0.477733 0.026480 0.060729
1 0.598910 0.253036 0.079439 0.170040
1 0.507009 0.585020 0.037383 0.190283
1 0.722741 0.188259 0.024922 0.060729
0 0.137850 0.232794 0.038941 0.093117
1 0.624611 0.400810 0.043614 0.089069
1 0.796729 0.406883 0.014019 0.024291
1 0.217290 0.965587 0.010903 0.036437
1 0.264798 0.767206 0.068536 0.226721
1 0.158100 0.309717 0.010903 0.032389
1 0.675234 0.281377 0.054517 0.101215
0 0.095016 0.708502 0.054517 0.149798
1 0.217290 0.378543 0.009346 0.024291
1 0.880062 0.613360 0.048287 0.117409
0 0.190031 0.443320 0.018692 0.044534
1 0.510125 0.147773 0.018692 0.064777
