0 0.491433 0.809717 0.085670 0.234818
0 0.841900 0.210526 0.034268 0.085020
1 0.130841 0.433198 0.014019 0.052632
1 0.103583 0.291498 0.056075 0.226721
1 0.422897 0.394737 0.046729 0.186235
1 0.783489 0.935223 0.009346 0.048583
1 0.655763 0.305668 0.043614 0.129555
1 0.602025 0.625506 0.010903 0.036437
1 0.328660 0.965587 0.015576 0.044534
1 0.924455 0.570850 0.007788 0.024291
0 0.580218 0.317814 0.014019 0.036437
0 0.915109 0.779352 0.052960 0.178138
1 0.401869 0.613360 0.024922 0.080972
0 0.480530 0.941296 0.023364 0.056680
1 0.097352 0.722672 0.062305 0.210526
0 0.389408 0.765182 0.049844 0.125506
1 0.792835 0.793522 0.029595 0.072874
1 0.235202 0.309717 0.043614 0.153846
1 0.500000 0.544534 0.034268 0.125506
0 0.279595 0.805668 0.026480 0.064777
1 0.757788 0.487854 0.023364 0.048583
1 0.340343 0.886640 0.032710 0.085020
0 0.366044 0.840081 0.031153 0.089069
1 0.469626 0.220648 0.015576 0.052632
0 0.306075 0.718623 0.057632 0.174089
1 0.635514 0.188259 0.021807 0.076923
1 0.140187 0.273279 0.010903 0.044534
1 0.683022 0.497976 0.014019 0.032389
1 0.658100 0.170040 0.035826 0.080972
1 0.514798 0.293522 0.031153 0.076923
1 0.690031 0.761134 0.032710 0.060729
0 0.687695 0.852227 0.048287 0.145749
1 0.052960 0.331984 0.034268 0.080972
0 0.093458 0.580972 0.003115 0.012146
1 0.880062 0.287449 0.037383 0.117409
0 0.218069 0.827935 0.015576 0.068826
1 0.221184 0.692308 0.054517 0.170040
1 0.793614 0.649798 0.034268 0.080972
0 0.813863 0.538462 0.038941 0.137652
1 0.818536 0.410931 0.017134 0.048583
1 0.754673 0.386640 0.023364 0.052632
0 0.751558 0.463563 0.021807 0.052632
0 0.208723 0.854251 0.003115 0.008097
1 0.944704 0.437247 0.015576 0.040486
0 0.257009 0.572874 0.012461 0.036437
1 0.913551 0.447368 0.051402 0.129555
0 0.841121 0.698381 0.060748 0.097166
