0 0.133178 0.848178 0.043614 0.109312
1 0.280374 0.358300 0.032710 0.072874
1 0.751558 0.202429 0.034268 0.072874
1 0.665888 0.688259 0.057632 0.133603
1 0.538941 0.607287 0.052960 0.178138
1 0.934579 0.455466 0.018692 0.036437
1 0.437695 0.686235 0.028037 0.044534
1 0.311526 0.838057 0.043614 0.080972
1 0.616044 0.759109 0.045171 0.141700
1 0.848131 0.805668 0.021807 0.068826
1 0.742212 0.779352 0.076324 0.307692
0 0.602804 0.354251 0.045171 0.165992
0 0.808411 0.168016 0.042056 0.064777
1 0.576324 0.696356 0.042056 0.101215
1 0.362150 0.461538 0.060748 0.194332
1 0.768692 0.147773 0.024922 0.068826
0 0.424455 0.414980 0.065421 0.198381
1 0.678349 0.902834 0.020249 0.052632
1 0.552960 0.838057 0.031153 0.089069
1 0.706386 0.251012 0.074766 0.178138
0 0.650312 0.417004 0.018692 0.072874
1 0.351246 0.273279 0.037383 0.101215
0 0.396417 0.740891 0.020249 0.060729
1 0.838785 0.242915 0.014019 0.036437
1 0.239875 0.807692 0.038941 0.080972
0 0.404206 0.313765 0.079439 0.165992
1 0.306075 0.876518 0.026480 0.072874
1 0.140966 0.404858 0.042056 0.210526
1 0.102804 0.307692 0.018692 0.052632
1 0.308411 0.311741 0.032710 0.121457
1 0.380062 0.923077 0.026480 0.060729
1 0.100467 0.637652 0.063863 0.170040
1 0.854361 0.425101 0.021807 0.032389
1 0.038941 0.900810 0.006231 0.012146
0 0.864486 0.755061 0.037383 0.072874
1 0.162773 0.105263 0.014019 0.024291
0 0.069315 0.771255 0.014019 0.032389
1 0.052960 0.894737 0.015576 0.064777
0 0.454050 0.603239 0.014019 0.040486
0 0.892523 0.927126 0.009346 0.024291
