1 0.336449 0.303644 0.087227 0.125506
1 0.605919 0.740891 0.024922 0.080972
1 0.830218 0.672065 0.056075 0.234818
1 0.405763 0.386640 0.010903 0.036437
1 0.058411 0.890688 0.028037 0.052632
1 0.906542 0.216599 0.010903 0.028340
1 0.196262 0.336032 0.024922 0.093117
0 0.583333 0.244939 0.040498 0.105263
0 0.271028 0.398785 0.052960 0.125506
1 0.218069 0.635628 0.023364 0.060729
1 0.764798 0.548583 0.048287 0.129555
1 0.919003 0.736842 0.076324 0.198381
0 0.091900 0.744939 0.010903 0.032389
1 0.862928 0.495951 0.046729 0.117409
0 0.727414 0.665992 0.028037 0.109312
1 0.793614 0.212551 0.029595 0.137652
1 0.663551 0.206478 0.021807 0.060729
0 0.577882 0.570850 0.032710 0.089069
1 0.712617 0.174089 0.026480 0.097166
0 0.154984 0.775304 0.035826 0.072874
0 0.296729 0.587045 0.018692 0.064777
1 0.306075 0.178138 0.035826 0.109312
1 0.187695 0.609312 0.054517 0.133603
1 0.535826 0.651822 0.031153 0.105263
0 0.680685 0.410931 0.042056 0.109312
1 0.871495 0.777328 0.021807 0.076923
0 0.074766 0.455466 0.028037 0.080972
1 0.057632 0.512146 0.006231 0.028340
1 0.224299 0.125506 0.015576 0.040486
1 0.370717 0.898785 0.046729 0.137652
1 0.517134 0.536437 0.023364 0.101215
1 0.633956 0.483806 0.037383 0.117409
0 0.883178 0.161943 0.043614 0.113360
0 0.134735 0.360324 0.021807 0.064777
1 0.475857 0.805668 0.023364 0.036437
1 0.170561 0.352227 0.060748 0.105263
0 0.504673 0.746964 0.006231 0.020243
1 0.211059 0.858300 0.017134 0.056680
1 0.528037 0.251012 0.034268 0.113360
1 0.770249 0.451417 0.026480 0.068826
1 0.166667 0.894737 0.015576 0.028340
0 0.338006 0.580972 0.032710 0.080972
1 0.795950 0.809717 0.014019 0.032389
0 0.355140 0.485830 0.024922 0.048583
0 0.552181 0.267206 0.009346 0.028340
1 0.493769 0.961538 0.015576 0.044534
0 0.151869 0.641700 0.028037 0.080972
1 0.732087 0.542510 0.018692 0.072874
1 0.390966 0.263158 0.021807 0.080972
0 0.585670 0.714575 0.028037 0.085020
