1 0.863707 0.767206 0.029595 0.056680
1 0.182243 0.825911 0.006231 0.024291
1 0.275701 0.461538 0.020249 0.040486
1 0.535047 0.275304 0.038941 0.076923
1 0.712617 0.289474 0.054517 0.117409
0 0.120717 0.248988 0.023364 0.040486
1 0.454050 0.406883 0.040498 0.105263
0 0.455607 0.803644 0.057632 0.149798
1 0.609813 0.439271 0.071651 0.178138
1 0.563863 0.441296 0.056075 0.255061
0 0.331776 0.506073 0.035826 0.076923
1 0.098910 0.548583 0.012461 0.052632
1 0.468069 0.495951 0.026480 0.080972
1 0.919782 0.352227 0.032710 0.076923
1 0.412773 0.585020 0.049844 0.145749
0 0.614486 0.797571 0.048287 0.141700
0 0.657321 0.380567 0.023364 0.068826
1 0.723520 0.455466 0.026480 0.076923
0 0.451713 0.295547 0.028037 0.068826
1 0.167445 0.382591 0.071651 0.194332
1 0.235981 0.441296 0.035826 0.064777
0 0.839564 0.139676 0.021807 0.080972
0 0.700156 0.722672 0.010903 0.028340
1 0.292835 0.360324 0.021807 0.064777
0 0.285047 0.263158 0.070093 0.129555
0 0.259346 0.850202 0.014019 0.032389
1 0.151869 0.285425 0.024922 0.052632
0 0.351246 0.793522 0.065421 0.174089
0 0.209502 0.595142 0.026480 0.072874
1 0.330218 0.904858 0.037383 0.105263
1 0.931464 0.180162 0.018692 0.044534
0 0.039720 0.481781 0.004673 0.024291
1 0.069315 0.526316 0.023364 0.056680
1 0.602025 0.621457 0.028037 0.068826
1 0.386293 0.763158 0.057632 0.161943
0 0.069315 0.929150 0.020249 0.048583
1 0.849688 0.410931 0.024922 0.052632
1 0.504673 0.740891 0.060748 0.141700
1 0.834112 0.836032 0.045171 0.129555
0 0.765576 0.787449 0.057632 0.157895
0 0.088785 0.678138 0.037383 0.121457
1 0.254673 0.487854 0.037383 0.125506
0 0.772586 0.149798 0.024922 0.064777
0 0.097352 0.208502 0.014019 0.036437
0 0.913551 0.275304 0.057632 0.097166
0 0.416667 0.360324 0.051402 0.097166
1 0.491433 0.884615 0.028037 0.076923
1 0.120717 0.827935 0.049844 0.170040
0 0.647196 0.868421 0.045171 0.117409
1 0.577882 0.791498 0.090343 0.202429
1 0.696262 0.661943 0.032710 0.097166
1 0.600467 0.724696 0.056075 0.153846
1 0.222741 0.748988 0.026480 0.093117
1 0.383956 0.506073 0.017134 0.072874
1 0.508567 0.303644 0.029595 0.064777
