1 0.383178 0.216599 0.043614 0.133603
1 0.643302 0.218623 0.037383 0.080972
1 0.187695 0.817814 0.020249 0.060729
0 0.146417 0.360324 0.054517 0.097166
1 0.188474 0.200405 0.024922 0.060729
0 0.538162 0.145749 0.012461 0.044534
1 0.144081 0.763158 0.051402 0.121457
1 0.237539 0.783401 0.028037 0.113360
0 0.683801 0.860324 0.085670 0.222672
1 0.905763 0.342105 0.020249 0.044534
1 0.276480 0.161943 0.018692 0.048583
1 0.832555 0.635628 0.014019 0.044534
1 0.386293 0.564777 0.056075 0.093117
1 0.606698 0.550607 0.043614 0.121457
0 0.436916 0.603239 0.045171 0.129555
1 0.320093 0.435223 0.032710 0.097166
1 0.693146 0.240891 0.043614 0.064777
1 0.818536 0.159919 0.023364 0.064777
1 0.811526 0.536437 0.015576 0.044534
1 0.609813 0.734818 0.024922 0.060729
1 0.251558 0.212551 0.040498 0.060729
1 0.470405 0.854251 0.015576 0.040486
1 0.340343 0.149798 0.032710 0.060729
0 0.728193 0.914980 0.029595 0.076923
1 0.564642 0.629555 0.004673 0.024291
0 0.933022 0.777328 0.009346 0.024291
0 0.733645 0.141700 0.015576 0.040486
0 0.203271 0.368421 0.032710 0.080972
1 0.886293 0.443320 0.018692 0.072874
1 0.584112 0.493927 0.060748 0.133603
0 0.468069 0.700405 0.021807 0.056680
1 0.146417 0.419028 0.029595 0.068826
1 0.454050 0.417004 0.076324 0.210526
0 0.299844 0.184211 0.035826 0.101215
0 0.068536 0.323887 0.020249 0.044534
0 0.517913 0.259109 0.049844 0.125506
1 0.641745 0.777328 0.012461 0.032389
1 0.862928 0.246964 0.035826 0.133603
1 0.148754 0.560729 0.034268 0.097166
1 0.660436 0.220648 0.042056 0.085020
0 0.225857 0.267206 0.035826 0.085020
1 0.553738 0.283401 0.042056 0.157895
1 0.172118 0.759109 0.014019 0.036437
1 0.377726 0.394737 0.012461 0.028340
0 0.288162 0.582996 0.059190 0.129555
0 0.288941 0.216599 0.031153 0.076923
0 0.364486 0.417004 0.004673 0.016194
1 0.521028 0.862348 0.051402 0.097166
0 0.841121 0.151822 0.018692 0.052632
0 0.587227 0.101215 0.006231 0.016194
1 0.673676 0.621457 0.057632 0.165992
