1 0.802181 0.271255 0.007788 0.028340
1 0.619159 0.799595 0.014019 0.052632
1 0.084112 0.283401 0.028037 0.072874
1 0.626168 0.449393 0.021807 0.056680
0 0.120717 0.836032 0.079439 0.141700
1 0.442368 0.635628 0.010903 0.048583
1 0.637072 0.684211 0.076324 0.170040
0 0.728972 0.805668 0.060748 0.141700
0 0.802960 0.544534 0.060748 0.186235
1 0.323988 0.860324 0.034268 0.085020
0 0.824766 0.370445 0.026480 0.117409
1 0.771807 0.176113 0.010903 0.024291
1 0.316978 0.591093 0.057632 0.145749
1 0.601246 0.147773 0.051402 0.105263
1 0.191589 0.497976 0.073209 0.137652
0 0.753115 0.176113 0.038941 0.101215
1 0.825545 0.884615 0.010903 0.028340
1 0.804517 0.443320 0.024922 0.040486
1 0.823209 0.244939 0.009346 0.032389
1 0.255452 0.578947 0.037383 0.097166
0 0.334891 0.406883 0.028037 0.068826
1 0.918224 0.435223 0.032710 0.076923
1 0.649533 0.269231 0.060748 0.129555
0 0.264798 0.398785 0.015576 0.032389
1 0.906542 0.267206 0.021807 0.048583
1 0.830997 0.244939 0.014019 0.032389
0 0.159657 0.878543 0.046729 0.174089
1 0.826324 0.722672 0.035826 0.105263
1 0.647196 0.168016 0.017134 0.040486
1 0.272586 0.787449 0.037383 0.064777
1 0.932243 0.797571 0.045171 0.105263
0 0.887072 0.969636 0.007788 0.028340
1 0.542056 0.291498 0.048287 0.093117
0 0.531931 0.540486 0.051402 0.125506
1 0.165109 0.759109 0.009346 0.032389
1 0.562305 0.605263 0.062305 0.263158
1 0.866044 0.834008 0.073209 0.178138
1 0.278037 0.844130 0.031153 0.080972
0 0.268692 0.451417 0.024922 0.076923
0 0.359813 0.710526 0.034268 0.109312
1 0.355140 0.309717 0.042056 0.089069
0 0.362150 0.131579 0.017134 0.044534
0 0.093458 0.145749 0.021807 0.056680
0 0.056854 0.564777 0.038941 0.085020
1 0.116822 0.578947 0.015576 0.024291
1 0.676012 0.864372 0.051402 0.117409
1 0.333333 0.829960 0.043614 0.068826
1 0.385514 0.755061 0.017134 0.040486
1 0.929907 0.309717 0.014019 0.052632
