1 0.691589 0.597166 0.015576 0.036437
1 0.539720 0.807692 0.031153 0.076923
1 0.095794 0.969636 0.007788 0.028340
1 0.794393 0.906883 0.009346 0.028340
0 0.750000 0.473684 0.054517 0.121457
1 0.373832 0.449393 0.026480 0.052632
0 0.732866 0.862348 0.063863 0.161943
0 0.143302 0.730769 0.018692 0.036437
1 0.441589 0.483806 0.020249 0.060729
0 0.781153 0.947368 0.014019 0.048583
1 0.535826 0.672065 0.034268 0.105263
1 0.341900 0.639676 0.066978 0.194332
1 0.393302 0.552632 0.051402 0.133603
1 0.795171 0.793522 0.073209 0.202429
0 0.098910 0.619433 0.015576 0.040486
1 0.545171 0.514170 0.056075 0.182186
0 0.857477 0.910931 0.007788 0.024291
0 0.088785 0.556680 0.009346 0.028340
0 0.710280 0.852227 0.056075 0.133603
1 0.669003 0.228745 0.017134 0.052632
0 0.649533 0.904858 0.031153 0.093117
1 0.595016 0.465587 0.038941 0.117409
1 0.761682 0.151822 0.032710 0.064777
1 0.841121 0.955466 0.015576 0.040486
1 0.416667 0.870445 0.045171 0.105263
1 0.592679 0.184211 0.017134 0.036437
0 0.831776 0.554656 0.046729 0.113360
1 0.364486 0.198381 0.010903 0.040486
1 0.813084 0.672065 0.051402 0.133603
0 0.580218 0.491903 0.045171 0.141700
1 0.628505 0.368421 0.049844 0.153846
1 0.546729 0.746964 0.040498 0.141700
1 0.495327 0.437247 0.043614 0.097166
1 0.139408 0.459514 0.049844 0.145749
1 0.663551 0.688259 0.065421 0.170040
1 0.609813 0.125506 0.032710 0.052632
0 0.386293 0.441296 0.009346 0.032389
0 0.278816 0.121457 0.012461 0.016194
1 0.693925 0.676113 0.028037 0.101215
0 0.086449 0.174089 0.023364 0.064777
1 0.077103 0.457490 0.035826 0.105263
0 0.570093 0.621457 0.037383 0.113360
0 0.595794 0.123482 0.021807 0.056680
1 0.212617 0.823887 0.034268 0.085020
0 0.759346 0.927126 0.020249 0.044534
1 0.690031 0.323887 0.042056 0.097166
0 0.509346 0.848178 0.018692 0.040486
0 0.129283 0.714575 0.004673 0.020243
1 0.181464 0.777328 0.029595 0.072874
1 0.371495 0.261134 0.018692 0.048583
0 0.548287 0.218623 0.010903 0.040486
1 0.489097 0.882591 0.024922 0.040486
