1 0.122274 0.368421 0.043614 0.105263
0 0.718069 0.364372 0.048287 0.137652
0 0.213396 0.651822 0.074766 0.226721
1 0.343458 0.319838 0.029595 0.093117
1 0.242212 0.714575 0.048287 0.230769
0 0.655763 0.263158 0.023364 0.056680
0 0.107477 0.619433 0.035826 0.089069
1 0.370717 0.761134 0.034268 0.072874
1 0.453271 0.297571 0.038941 0.056680
1 0.257009 0.888664 0.026480 0.064777
0 0.520249 0.647773 0.071651 0.129555
1 0.144860 0.242915 0.018692 0.052632
0 0.750779 0.317814 0.068536 0.145749
0 0.804517 0.287449 0.007788 0.016194
0 0.180685 0.643725 0.028037 0.064777
0 0.517913 0.823887 0.020249 0.048583
0 0.562305 0.959514 0.012461 0.032389
0 0.149533 0.688259 0.020249 0.060729
0 0.939252 0.965587 0.014019 0.032389
0 0.947040 0.923077 0.017134 0.044534
1 0.336449 0.585020 0.009346 0.028340
1 0.878505 0.520243 0.012461 0.024291
0 0.841900 0.779352 0.042056 0.080972
1 0.203271 0.362348 0.082555 0.214575
1 0.239875 0.224696 0.018692 0.056680
1 0.486760 0.447368 0.046729 0.113360
0 0.672897 0.564777 0.026480 0.072874
1 0.132399 0.599190 0.029595 0.068826
0 0.836449 0.437247 0.066978 0.101215
0 0.611371 0.659919 0.004673 0.016194
0 0.056854 0.842105 0.009346 0.032389
0 0.716511 0.700405 0.024922 0.072874
1 0.316199 0.218623 0.031153 0.113360
0 0.279595 0.467611 0.080997 0.210526
1 0.886293 0.293522 0.056075 0.117409
1 0.585670 0.789474 0.040498 0.133603
1 0.375389 0.546559 0.062305 0.186235
