1 0.151090 0.240891 0.056075 0.109312
1 0.908100 0.716599 0.088785 0.218623
1 0.486760 0.912955 0.010903 0.024291
1 0.303738 0.336032 0.017134 0.064777
0 0.181464 0.607287 0.035826 0.068826
1 0.609034 0.589069 0.113707 0.336032
0 0.624611 0.342105 0.009346 0.028340
1 0.457944 0.850202 0.017134 0.048583
1 0.475078 0.726721 0.034268 0.097166
1 0.869938 0.255061 0.015576 0.032389
1 0.729751 0.791498 0.079439 0.125506
0 0.922897 0.508097 0.028037 0.085020
1 0.473520 0.823887 0.026480 0.052632
0 0.679907 0.933198 0.023364 0.072874
1 0.785826 0.801619 0.057632 0.113360
1 0.728972 0.151822 0.017134 0.044534
1 0.751558 0.629555 0.035826 0.101215
1 0.739875 0.289474 0.059190 0.170040
1 0.181464 0.953441 0.031153 0.072874
1 0.799065 0.457490 0.017134 0.036437
0 0.709502 0.617409 0.038941 0.085020
1 0.407321 0.184211 0.012461 0.036437
1 0.298287 0.746964 0.017134 0.036437
1 0.882399 0.445344 0.054517 0.101215
1 0.471184 0.202429 0.059190 0.125506
1 0.604361 0.854251 0.020249 0.072874
1 0.657321 0.805668 0.040498 0.101215
1 0.849688 0.317814 0.029595 0.093117
1 0.929907 0.554656 0.012461 0.036437
0 0.366044 0.955466 0.012461 0.040486
0 0.655763 0.866397 0.007788 0.040486
0 0.122274 0.396761 0.029595 0.072874
1 0.699377 0.864372 0.028037 0.052632
