0 0.746885 0.248988 0.004673 0.012146
1 0.239875 0.587045 0.034268 0.064777
0 0.161994 0.408907 0.028037 0.064777
1 0.377726 0.439271 0.021807 0.052632
0 0.492212 0.779352 0.029595 0.089069
0 0.471184 0.419028 0.024922 0.064777
1 0.827103 0.388664 0.034268 0.080972
0 0.094237 0.550607 0.028037 0.072874
1 0.295171 0.487854 0.009346 0.020243
0 0.624611 0.502024 0.080997 0.178138
1 0.489875 0.884615 0.026480 0.085020
1 0.299065 0.384615 0.040498 0.145749
0 0.605140 0.767206 0.010903 0.028340
1 0.631620 0.342105 0.020249 0.040486
1 0.352025 0.295547 0.062305 0.174089
1 0.201713 0.860324 0.035826 0.125506
1 0.473520 0.906883 0.017134 0.048583
0 0.890187 0.400810 0.017134 0.044534
1 0.549844 0.267206 0.038941 0.113360
0 0.240654 0.163968 0.042056 0.105263
0 0.098910 0.757085 0.024922 0.072874
1 0.482866 0.246964 0.040498 0.145749
0 0.243769 0.823887 0.020249 0.060729
1 0.313084 0.198381 0.032710 0.080972
0 0.068536 0.461538 0.012461 0.032389
1 0.947040 0.714575 0.028037 0.052632
1 0.615265 0.777328 0.018692 0.036437
1 0.315421 0.143725 0.015576 0.048583
1 0.225857 0.736842 0.046729 0.093117
1 0.362150 0.714575 0.020249 0.085020
1 0.056854 0.738866 0.034268 0.089069
1 0.936137 0.437247 0.007788 0.024291
1 0.508567 0.516194 0.038941 0.101215
1 0.795171 0.459514 0.010903 0.016194
1 0.444704 0.251012 0.038941 0.113360
1 0.697040 0.564777 0.038941 0.085020
1 0.904206 0.700405 0.066978 0.145749
1 0.704050 0.908907 0.032710 0.072874
0 0.782710 0.888664 0.035826 0.121457
1 0.742212 0.878543 0.026480 0.048583
0 0.861371 0.364372 0.028037 0.072874
1 0.392523 0.570850 0.031153 0.133603
0 0.798287 0.443320 0.014019 0.032389
0 0.295950 0.744939 0.060748 0.141700
0 0.577103 0.358300 0.031153 0.097166
0 0.620717 0.678138 0.015576 0.032389
