1 0.528816 0.985830 0.007788 0.020243
1 0.816199 0.493927 0.035826 0.121457
0 0.323988 0.676113 0.038941 0.149798
0 0.328660 0.283401 0.063863 0.178138
0 0.193925 0.611336 0.021807 0.064777
1 0.916667 0.475709 0.035826 0.089069
1 0.140187 0.872470 0.028037 0.101215
0 0.925234 0.819838 0.015576 0.040486
1 0.238318 0.761134 0.070093 0.125506
1 0.855140 0.372470 0.060748 0.125506
0 0.383178 0.471660 0.059190 0.125506
1 0.940031 0.884615 0.021807 0.068826
0 0.523364 0.463563 0.042056 0.129555
1 0.356698 0.228745 0.076324 0.097166
0 0.482866 0.789474 0.035826 0.153846
1 0.447040 0.439271 0.017134 0.052632
0 0.168224 0.404858 0.014019 0.040486
0 0.193925 0.850202 0.049844 0.157895
1 0.555296 0.773279 0.048287 0.161943
1 0.471963 0.732794 0.049844 0.109312
0 0.383956 0.710526 0.012461 0.036437
0 0.753894 0.568826 0.006231 0.020243
1 0.794393 0.257085 0.040498 0.133603
1 0.448598 0.937247 0.029595 0.072874
0 0.181464 0.226721 0.012461 0.036437
1 0.616044 0.870445 0.018692 0.048583
1 0.144081 0.259109 0.012461 0.036437
1 0.297508 0.740891 0.034268 0.109312
1 0.242212 0.184211 0.034268 0.109312
0 0.942368 0.599190 0.014019 0.044534
1 0.489875 0.131579 0.009346 0.032389
1 0.113707 0.329960 0.015576 0.052632
1 0.709502 0.236842 0.045171 0.080972
1 0.111371 0.961538 0.015576 0.040486
1 0.183022 0.155870 0.010903 0.028340
1 0.575545 0.212551 0.020249 0.085020
0 0.669003 0.698381 0.040498 0.093117
0 0.697040 0.947368 0.021807 0.064777
0 0.336449 0.882591 0.046729 0.068826
1 0.870717 0.441296 0.040498 0.085020
1 0.725078 0.819838 0.010903 0.028340
1 0.260903 0.338057 0.020249 0.093117
0 0.665109 0.329960 0.059190 0.133603
0 0.949377 0.712551 0.017134 0.032389
1 0.691589 0.591093 0.034268 0.080972
0 0.306075 0.153846 0.020249 0.052632
1 0.397196 0.850202 0.071651 0.222672
0 0.874611 0.200405 0.065421 0.101215
1 0.876947 0.720648 0.024922 0.056680
