0 0.860592 0.376518 0.091900 0.283401
1 0.630841 0.457490 0.076324 0.174089
0 0.789720 0.327935 0.119938 0.206478
1 0.661994 0.748988 0.024922 0.052632
1 0.247664 0.123482 0.009346 0.020243
0 0.244548 0.787449 0.065421 0.133603
1 0.539720 0.489879 0.034268 0.064777
1 0.408100 0.319838 0.017134 0.020243
0 0.129283 0.271255 0.031153 0.064777
1 0.397196 0.858300 0.056075 0.129555
0 0.611371 0.311741 0.007788 0.016194
0 0.365265 0.350202 0.029595 0.093117
0 0.503115 0.419028 0.051402 0.129555
1 0.754673 0.888664 0.049844 0.157895
0 0.129283 0.554656 0.031153 0.080972
1 0.927570 0.421053 0.015576 0.040486
1 0.154206 0.398785 0.059190 0.202429
1 0.660436 0.143725 0.028037 0.052632
0 0.060748 0.421053 0.024922 0.072874
1 0.693146 0.384615 0.074766 0.190283
1 0.480530 0.746964 0.007788 0.020243
0 0.069315 0.805668 0.060748 0.194332
1 0.477414 0.455466 0.024922 0.052632
0 0.562305 0.356275 0.021807 0.068826
1 0.464953 0.204453 0.029595 0.076923
1 0.781153 0.542510 0.021807 0.064777
0 0.526480 0.831984 0.024922 0.056680
1 0.243769 0.680162 0.052960 0.194332
1 0.383956 0.704453 0.038941 0.101215
1 0.124611 0.412955 0.043614 0.085020
1 0.484424 0.615385 0.015576 0.076923
1 0.281931 0.823887 0.015576 0.036437
1 0.559969 0.819838 0.015576 0.028340
1 0.927570 0.690283 0.028037 0.076923
0 0.260903 0.354251 0.057632 0.198381
1 0.639408 0.641700 0.032710 0.085020
1 0.760125 0.597166 0.035826 0.093117
1 0.427570 0.811741 0.070093 0.141700
0 0.200935 0.299595 0.024922 0.072874
1 0.318536 0.923077 0.032710 0.080972
0 0.747664 0.228745 0.082555 0.174089
