1 0.131620 0.465587 0.046729 0.157895
1 0.477414 0.344130 0.007788 0.024291
1 0.464953 0.538462 0.035826 0.064777
1 0.637072 0.285425 0.046729 0.076923
1 0.179907 0.692308 0.037383 0.093117
1 0.814642 0.690283 0.021807 0.072874
1 0.097352 0.900810 0.038941 0.085020
1 0.756231 0.929150 0.012461 0.040486
1 0.389408 0.775304 0.031153 0.064777
1 0.263240 0.651822 0.049844 0.137652
0 0.721184 0.248988 0.035826 0.076923
0 0.387850 0.500000 0.012461 0.028340
1 0.200156 0.236842 0.048287 0.121457
1 0.700935 0.746964 0.085670 0.238866
0 0.430685 0.188259 0.029595 0.093117
1 0.327103 0.443320 0.012461 0.028340
0 0.806075 0.819838 0.014019 0.028340
1 0.070872 0.603239 0.010903 0.024291
0 0.312305 0.536437 0.017134 0.052632
1 0.835670 0.451417 0.040498 0.093117
0 0.451713 0.433198 0.038941 0.101215
1 0.548287 0.410931 0.006231 0.016194
1 0.581776 0.787449 0.051402 0.113360
1 0.415888 0.289474 0.018692 0.044534
1 0.616044 0.386640 0.028037 0.048583
0 0.091900 0.145749 0.012461 0.028340
1 0.189252 0.917004 0.014019 0.036437
0 0.887072 0.518219 0.043614 0.226721
0 0.665888 0.465587 0.017134 0.052632
0 0.750000 0.524291 0.020249 0.064777
1 0.417445 0.651822 0.052960 0.161943
0 0.822430 0.617409 0.028037 0.064777
1 0.591121 0.419028 0.028037 0.089069
1 0.899533 0.255061 0.037383 0.113360
1 0.626947 0.751012 0.029595 0.085020
1 0.766355 0.390688 0.040498 0.149798
1 0.107477 0.645749 0.035826 0.109312
1 0.739097 0.309717 0.031153 0.068826
1 0.299844 0.878543 0.010903 0.032389
