1 0.232087 0.360324 0.054517 0.089069
1 0.836449 0.398785 0.015576 0.020243
1 0.265576 0.649798 0.062305 0.182186
0 0.531153 0.846154 0.040498 0.076923
1 0.371495 0.512146 0.043614 0.113360
1 0.933022 0.688259 0.026480 0.064777
0 0.354361 0.793522 0.040498 0.085020
1 0.084112 0.724696 0.017134 0.056680
0 0.373053 0.856275 0.023364 0.060729
0 0.500779 0.214575 0.042056 0.085020
0 0.867601 0.321862 0.012461 0.036437
1 0.490654 0.327935 0.014019 0.032389
1 0.140966 0.170040 0.026480 0.097166
1 0.738318 0.809717 0.054517 0.101215
0 0.864486 0.603239 0.015576 0.028340
1 0.856698 0.949393 0.021807 0.044534
1 0.286604 0.823887 0.017134 0.036437
0 0.499221 0.453441 0.007788 0.048583
0 0.281931 0.380567 0.010903 0.032389
0 0.848910 0.279352 0.040498 0.068826
0 0.584112 0.321862 0.040498 0.105263
1 0.095016 0.425101 0.052960 0.149798
0 0.586449 0.672065 0.014019 0.032389
0 0.842679 0.748988 0.014019 0.048583
1 0.173676 0.408907 0.091900 0.210526
0 0.260903 0.311741 0.029595 0.076923
1 0.846573 0.718623 0.020249 0.068826
0 0.119938 0.510121 0.049844 0.097166
1 0.193925 0.759109 0.037383 0.072874
1 0.426012 0.534413 0.065421 0.101215
0 0.496106 0.862348 0.043614 0.085020
0 0.707944 0.868421 0.080997 0.218623
0 0.739097 0.607287 0.038941 0.121457
0 0.799844 0.860324 0.012461 0.044534
1 0.836449 0.896761 0.021807 0.080972
1 0.785826 0.728745 0.028037 0.093117
0 0.927570 0.578947 0.043614 0.125506
1 0.211838 0.912955 0.021807 0.060729
0 0.538162 0.775304 0.032710 0.129555
1 0.245327 0.570850 0.043614 0.125506
0 0.695483 0.372470 0.068536 0.125506
1 0.121495 0.176113 0.038941 0.105263
