1 0.215732 0.653846 0.020249 0.060729
1 0.119159 0.374494 0.024922 0.076923
0 0.285047 0.655870 0.012461 0.032389
1 0.798287 0.141700 0.023364 0.064777
1 0.806854 0.852227 0.024922 0.064777
1 0.583333 0.277328 0.040498 0.089069
0 0.144081 0.400810 0.029595 0.076923
1 0.472741 0.305668 0.076324 0.246964
0 0.868380 0.540486 0.040498 0.080972
0 0.211059 0.751012 0.026480 0.076923
1 0.286604 0.240891 0.046729 0.133603
1 0.351246 0.400810 0.063863 0.226721
1 0.271028 0.425101 0.026480 0.064777
1 0.530374 0.429150 0.026480 0.048583
1 0.767913 0.599190 0.032710 0.117409
1 0.660436 0.471660 0.023364 0.048583
0 0.501558 0.874494 0.046729 0.072874
1 0.223520 0.605263 0.015576 0.036437
1 0.732866 0.473684 0.020249 0.072874
1 0.658100 0.599190 0.049844 0.133603
1 0.897196 0.500000 0.032710 0.048583
1 0.724299 0.718623 0.046729 0.129555
0 0.071651 0.147773 0.028037 0.068826
0 0.549065 0.414980 0.032710 0.089069
1 0.750779 0.419028 0.029595 0.105263
1 0.899533 0.585020 0.042056 0.076923
0 0.750779 0.676113 0.037383 0.076923
0 0.399533 0.856275 0.007788 0.020243
1 0.722741 0.884615 0.024922 0.089069
1 0.440031 0.888664 0.009346 0.036437
1 0.901090 0.192308 0.074766 0.165992
0 0.578660 0.817814 0.060748 0.145749
1 0.622274 0.431174 0.051402 0.153846
1 0.256231 0.340081 0.082555 0.153846
1 0.490654 0.730769 0.037383 0.076923
0 0.552181 0.548583 0.023364 0.076923
