0 0.659657 0.793522 0.031153 0.089069
1 0.602804 0.744939 0.054517 0.133603
1 0.784268 0.526316 0.073209 0.198381
1 0.219626 0.433198 0.012461 0.028340
1 0.509346 0.331984 0.043614 0.170040
1 0.482087 0.425101 0.007788 0.016194
0 0.371495 0.210526 0.029595 0.080972
0 0.509346 0.542510 0.026480 0.097166
0 0.256231 0.208502 0.051402 0.170040
0 0.613707 0.435223 0.077882 0.222672
1 0.951713 0.287449 0.009346 0.024291
1 0.936137 0.706478 0.024922 0.060729
1 0.496106 0.684211 0.101246 0.283401
0 0.310748 0.180162 0.007788 0.020243
0 0.680685 0.589069 0.054517 0.149798
0 0.762461 0.789474 0.088785 0.311741
1 0.868380 0.884615 0.037383 0.080972
1 0.602804 0.210526 0.017134 0.048583
1 0.496106 0.870445 0.017134 0.068826
1 0.546729 0.574899 0.038941 0.105263
1 0.736760 0.635628 0.017134 0.048583
1 0.654984 0.951417 0.020249 0.064777
0 0.894860 0.451417 0.042056 0.093117
0 0.329439 0.635628 0.043614 0.161943
0 0.577103 0.178138 0.051402 0.093117
0 0.154206 0.344130 0.032710 0.085020
0 0.239097 0.647773 0.082555 0.246964
0 0.683801 0.655870 0.054517 0.153846
0 0.290498 0.248988 0.017134 0.044534
0 0.350467 0.793522 0.012461 0.024291
0 0.146417 0.740891 0.021807 0.052632
1 0.898754 0.653846 0.038941 0.097166
0 0.818536 0.937247 0.017134 0.068826
0 0.367601 0.595142 0.024922 0.072874
1 0.352025 0.390688 0.032710 0.068826
0 0.305296 0.570850 0.040498 0.141700
1 0.255452 0.941296 0.026480 0.052632
1 0.684579 0.236842 0.010903 0.036437
0 0.168224 0.406883 0.021807 0.052632
1 0.060748 0.380567 0.021807 0.056680
1 0.612150 0.621457 0.015576 0.036437
1 0.419782 0.773279 0.040498 0.072874
0 0.744548 0.431174 0.034268 0.097166
0 0.453271 0.240891 0.021807 0.044534
1 0.188474 0.251012 0.048287 0.080972
0 0.278816 0.876518 0.014019 0.028340
0 0.839564 0.732794 0.034268 0.093117
0 0.821651 0.263158 0.037383 0.125506
0 0.294393 0.516194 0.040498 0.093117
1 0.251558 0.495951 0.021807 0.052632
1 0.119938 0.184211 0.056075 0.174089
1 0.591900 0.884615 0.031153 0.068826
1 0.174455 0.698381 0.038941 0.085020
