0 0.126168 0.471660 0.024922 0.048583
1 0.414330 0.771255 0.026480 0.089069
1 0.600467 0.609312 0.034268 0.141700
1 0.806854 0.370445 0.043614 0.109312
0 0.264019 0.730769 0.017134 0.052632
1 0.228193 0.894737 0.065421 0.105263
0 0.074766 0.556680 0.020249 0.068826
1 0.542056 0.838057 0.035826 0.109312
1 0.783489 0.228745 0.037383 0.137652
1 0.510903 0.283401 0.009346 0.020243
0 0.497664 0.838057 0.020249 0.040486
1 0.362150 0.842105 0.020249 0.072874
1 0.303738 0.275304 0.070093 0.125506
0 0.365265 0.738866 0.023364 0.068826
0 0.401869 0.182186 0.015576 0.036437
1 0.339564 0.576923 0.026480 0.056680
1 0.195483 0.370445 0.059190 0.113360
1 0.139408 0.751012 0.026480 0.093117
0 0.609034 0.718623 0.034268 0.117409
1 0.472741 0.769231 0.024922 0.040486
0 0.103583 0.791498 0.014019 0.036437
0 0.176012 0.872470 0.031153 0.085020
1 0.111371 0.542510 0.029595 0.064777
1 0.863707 0.384615 0.021807 0.072874
1 0.646417 0.344130 0.057632 0.218623
0 0.923676 0.493927 0.056075 0.149798
0 0.593458 0.226721 0.010903 0.036437
0 0.281153 0.520243 0.009346 0.028340
0 0.454050 0.633603 0.068536 0.109312
1 0.221963 0.255061 0.023364 0.056680
0 0.475857 0.813765 0.007788 0.020243
0 0.163551 0.437247 0.042056 0.105263
1 0.837227 0.530364 0.029595 0.105263
1 0.373053 0.854251 0.020249 0.080972
0 0.478193 0.295547 0.014019 0.044534
1 0.561526 0.394737 0.017134 0.036437
1 0.746885 0.943320 0.023364 0.089069
1 0.788941 0.680162 0.029595 0.072874
0 0.624611 0.506073 0.049844 0.141700
