1 0.792835 0.789474 0.043614 0.105263
1 0.613707 0.732794 0.029595 0.113360
1 0.195483 0.923077 0.018692 0.048583
1 0.696262 0.232794 0.034268 0.085020
1 0.356698 0.352227 0.032710 0.117409
0 0.791277 0.514170 0.012461 0.024291
0 0.637850 0.419028 0.023364 0.056680
0 0.405763 0.224696 0.023364 0.097166
1 0.894860 0.611336 0.034268 0.101215
1 0.650312 0.141700 0.026480 0.072874
1 0.768692 0.315789 0.021807 0.064777
1 0.121495 0.617409 0.060748 0.194332
1 0.859034 0.119433 0.007788 0.020243
0 0.900312 0.502024 0.023364 0.064777
1 0.391745 0.925101 0.024922 0.117409
1 0.272586 0.593117 0.026480 0.093117
1 0.232866 0.360324 0.024922 0.064777
1 0.539720 0.827935 0.082555 0.238866
1 0.683801 0.309717 0.037383 0.117409
0 0.774922 0.670040 0.023364 0.052632
1 0.320872 0.467611 0.040498 0.133603
1 0.746106 0.609312 0.015576 0.056680
0 0.714953 0.777328 0.066978 0.259109
0 0.382399 0.633603 0.068536 0.117409
1 0.310748 0.831984 0.066978 0.153846
1 0.401090 0.866397 0.007788 0.024291
0 0.095016 0.514170 0.031153 0.072874
0 0.868380 0.821862 0.093458 0.182186
0 0.201713 0.153846 0.015576 0.048583
1 0.214174 0.842105 0.020249 0.048583
0 0.476636 0.925101 0.045171 0.109312
0 0.683022 0.445344 0.038941 0.089069
1 0.591900 0.797571 0.012461 0.028340
0 0.620717 0.246964 0.056075 0.174089
0 0.724299 0.196356 0.049844 0.133603
0 0.151869 0.165992 0.018692 0.085020
0 0.732866 0.251012 0.042056 0.117409
0 0.798287 0.222672 0.040498 0.149798
1 0.185358 0.410931 0.037383 0.097166
1 0.875389 0.259109 0.060748 0.129555
1 0.492991 0.564777 0.070093 0.263158
1 0.814642 0.672065 0.023364 0.076923
0 0.397196 0.457490 0.023364 0.060729
1 0.077882 0.726721 0.071651 0.109312
1 0.166667 0.902834 0.035826 0.072874
1 0.276480 0.686235 0.028037 0.076923
1 0.200156 0.554656 0.023364 0.044534
0 0.609034 0.819838 0.018692 0.036437
0 0.119938 0.159919 0.023364 0.076923
0 0.696262 0.119433 0.010903 0.032389
0 0.657321 0.253036 0.009346 0.028340
0 0.223520 0.801619 0.012461 0.024291
1 0.098131 0.186235 0.020249 0.032389
1 0.861371 0.133603 0.010903 0.032389
1 0.903427 0.350202 0.054517 0.157895
1 0.619938 0.617409 0.010903 0.036437
1 0.411215 0.637652 0.049844 0.178138
1 0.168224 0.261134 0.012461 0.028340
0 0.320872 0.157895 0.062305 0.097166
