1 0.209502 0.759109 0.031153 0.076923
1 0.431464 0.649798 0.051402 0.085020
0 0.116822 0.419028 0.031153 0.068826
1 0.738318 0.556680 0.035826 0.113360
1 0.340343 0.311741 0.006231 0.008097
1 0.574766 0.629555 0.070093 0.190283
0 0.711838 0.753036 0.026480 0.068826
0 0.515576 0.809717 0.009346 0.024291
1 0.539720 0.224696 0.018692 0.040486
1 0.144860 0.704453 0.028037 0.052632
1 0.902648 0.226721 0.060748 0.145749
1 0.211838 0.831984 0.032710 0.085020
0 0.441589 0.815789 0.045171 0.109312
0 0.104361 0.176113 0.018692 0.052632
1 0.854361 0.827935 0.090343 0.174089
0 0.739097 0.194332 0.059190 0.129555
0 0.322430 0.941296 0.017134 0.040486
1 0.841900 0.722672 0.063863 0.141700
0 0.375389 0.346154 0.037383 0.097166
0 0.470405 0.500000 0.017134 0.040486
1 0.297508 0.925101 0.031153 0.085020
1 0.403427 0.722672 0.021807 0.060729
1 0.362150 0.765182 0.040498 0.117409
1 0.834112 0.358300 0.045171 0.149798
0 0.295171 0.868421 0.043614 0.105263
0 0.271028 0.534413 0.009346 0.036437
1 0.535047 0.544534 0.068536 0.238866
0 0.243769 0.619433 0.046729 0.153846
0 0.246106 0.358300 0.021807 0.052632
0 0.395639 0.317814 0.042056 0.105263
0 0.744548 0.607287 0.046729 0.101215
1 0.160436 0.560729 0.015576 0.040486
1 0.760125 0.275304 0.068536 0.153846
0 0.686137 0.763158 0.038941 0.080972
1 0.542835 0.157895 0.020249 0.060729
1 0.594237 0.188259 0.043614 0.170040
1 0.320872 0.497976 0.035826 0.068826
1 0.699377 0.639676 0.059190 0.170040
1 0.605919 0.394737 0.023364 0.076923
0 0.580218 0.384615 0.042056 0.149798
