1 0.202492 0.218623 0.009346 0.052632
1 0.688474 0.795547 0.079439 0.214575
1 0.566978 0.477733 0.052960 0.153846
1 0.199377 0.823887 0.048287 0.129555
0 0.268692 0.348178 0.052960 0.113360
0 0.236760 0.313765 0.010903 0.040486
1 0.180685 0.534413 0.040498 0.068826
0 0.851246 0.445344 0.056075 0.182186
1 0.256231 0.884615 0.034268 0.080972
0 0.241433 0.641700 0.042056 0.072874
1 0.759346 0.370445 0.074766 0.190283
1 0.752336 0.829960 0.021807 0.052632
0 0.923676 0.819838 0.017134 0.032389
1 0.401090 0.627530 0.032710 0.125506
1 0.400312 0.748988 0.015576 0.036437
0 0.900312 0.696356 0.080997 0.178138
0 0.563863 0.556680 0.038941 0.121457
1 0.786604 0.149798 0.018692 0.052632
1 0.390966 0.471660 0.049844 0.105263
1 0.475078 0.927126 0.029595 0.080972
1 0.788941 0.311741 0.056075 0.170040
0 0.318536 0.244939 0.068536 0.194332
0 0.409657 0.141700 0.024922 0.048583
1 0.910436 0.400810 0.043614 0.089069
1 0.609034 0.617409 0.015576 0.044534
0 0.836449 0.534413 0.074766 0.198381
1 0.145639 0.919028 0.026480 0.109312
0 0.404984 0.759109 0.009346 0.036437
0 0.599688 0.530364 0.012461 0.028340
1 0.679128 0.457490 0.045171 0.105263
0 0.503115 0.777328 0.006231 0.008097
0 0.465732 0.299595 0.020249 0.048583
1 0.816978 0.627530 0.060748 0.259109
1 0.534268 0.469636 0.035826 0.113360
1 0.352804 0.374494 0.023364 0.056680
1 0.159657 0.633603 0.052960 0.129555
1 0.128505 0.558704 0.034268 0.089069
1 0.220405 0.493927 0.020249 0.072874
1 0.448598 0.542510 0.035826 0.064777
1 0.486760 0.720648 0.042056 0.101215
0 0.816199 0.838057 0.023364 0.060729
0 0.475078 0.540486 0.049844 0.137652
1 0.545171 0.759109 0.038941 0.080972
1 0.571651 0.708502 0.018692 0.036437
0 0.626947 0.325911 0.029595 0.085020
0 0.257788 0.803644 0.029595 0.068826
1 0.682243 0.629555 0.035826 0.089069
1 0.873832 0.856275 0.020249 0.060729
1 0.328660 0.437247 0.023364 0.113360
1 0.521028 0.629555 0.023364 0.048583
0 0.593458 0.975709 0.012461 0.024291
0 0.095794 0.884615 0.004673 0.012146
1 0.520249 0.248988 0.057632 0.137652
1 0.176012 0.263158 0.026480 0.097166
1 0.806075 0.202429 0.037383 0.089069
1 0.616822 0.135628 0.015576 0.040486
1 0.892523 0.305668 0.009346 0.040486
1 0.614486 0.536437 0.029595 0.052632
1 0.066978 0.639676 0.023364 0.060729
