0 0.827882 0.469636 0.060748 0.222672
1 0.140187 0.289474 0.017134 0.040486
1 0.328660 0.315789 0.040498 0.060729
0 0.329439 0.840081 0.037383 0.109312
1 0.700935 0.329960 0.007788 0.020243
1 0.327103 0.668016 0.048287 0.089069
1 0.288941 0.765182 0.056075 0.133603
1 0.629283 0.240891 0.017134 0.040486
1 0.693925 0.860324 0.045171 0.137652
0 0.713396 0.307692 0.015576 0.032389
1 0.523364 0.819838 0.082555 0.165992
0 0.292835 0.431174 0.099688 0.230769
1 0.106698 0.564777 0.021807 0.044534
1 0.953271 0.866397 0.017134 0.044534
0 0.590343 0.775304 0.045171 0.105263
1 0.193925 0.872470 0.015576 0.040486
1 0.390187 0.384615 0.042056 0.125506
0 0.708723 0.467611 0.028037 0.064777
1 0.170561 0.815789 0.028037 0.056680
1 0.500779 0.923077 0.020249 0.040486
1 0.878505 0.382591 0.010903 0.044534
1 0.455607 0.831984 0.007788 0.032389
0 0.172897 0.619433 0.012461 0.024291
0 0.239875 0.311741 0.043614 0.133603
1 0.427570 0.625506 0.028037 0.085020
1 0.517913 0.417004 0.035826 0.093117
1 0.886293 0.635628 0.080997 0.202429
1 0.859813 0.368421 0.023364 0.080972
0 0.799065 0.208502 0.051402 0.149798
1 0.286604 0.261134 0.066978 0.133603
1 0.211059 0.246964 0.031153 0.076923
0 0.757009 0.441296 0.068536 0.218623
0 0.099688 0.829960 0.018692 0.040486
1 0.385514 0.538462 0.057632 0.129555
0 0.353583 0.914980 0.007788 0.032389
0 0.901090 0.455466 0.018692 0.044534
0 0.908100 0.945344 0.010903 0.028340
1 0.897196 0.336032 0.029595 0.048583
