1 0.580218 0.597166 0.042056 0.113360
1 0.623053 0.230769 0.066978 0.194332
0 0.157321 0.657895 0.059190 0.198381
1 0.063863 0.311741 0.009346 0.020243
1 0.401090 0.704453 0.048287 0.161943
1 0.501558 0.771255 0.119938 0.283401
0 0.704050 0.560729 0.021807 0.068826
1 0.257009 0.445344 0.028037 0.093117
0 0.883956 0.297571 0.031153 0.113360
1 0.775701 0.222672 0.023364 0.060729
1 0.239097 0.813765 0.026480 0.068826
1 0.271028 0.864372 0.056075 0.129555
1 0.193925 0.153846 0.017134 0.056680
1 0.806075 0.773279 0.028037 0.097166
0 0.837227 0.471660 0.028037 0.072874
0 0.428349 0.827935 0.051402 0.137652
0 0.180685 0.421053 0.056075 0.210526
1 0.306854 0.216599 0.026480 0.056680
0 0.943925 0.317814 0.028037 0.060729
1 0.599688 0.317814 0.057632 0.121457
1 0.618380 0.661943 0.074766 0.210526
1 0.052181 0.742915 0.012461 0.036437
0 0.563084 0.228745 0.031153 0.076923
1 0.344237 0.842105 0.049844 0.121457
1 0.767913 0.340081 0.018692 0.052632
1 0.948598 0.627530 0.012461 0.032389
0 0.157321 0.214575 0.026480 0.072874
1 0.186916 0.787449 0.035826 0.121457
1 0.277259 0.441296 0.018692 0.056680
1 0.908100 0.601215 0.018692 0.040486
1 0.262461 0.645749 0.088785 0.210526
