1 0.418224 0.277328 0.049844 0.097166
0 0.424455 0.710526 0.010903 0.028340
1 0.079439 0.744939 0.052960 0.149798
1 0.761682 0.317814 0.152648 0.271255
1 0.584112 0.558704 0.052960 0.145749
1 0.547508 0.429150 0.045171 0.194332
1 0.928349 0.724696 0.018692 0.040486
1 0.897975 0.528340 0.012461 0.032389
1 0.314642 0.194332 0.048287 0.097166
0 0.480530 0.815789 0.054517 0.085020
1 0.552960 0.317814 0.102804 0.170040
0 0.314642 0.609312 0.099688 0.206478
1 0.177570 0.135628 0.012461 0.036437
1 0.180685 0.524291 0.038941 0.109312
1 0.763240 0.661943 0.037383 0.085020
1 0.655763 0.827935 0.062305 0.133603
1 0.396417 0.823887 0.054517 0.161943
1 0.858255 0.546559 0.054517 0.149798
1 0.609034 0.882591 0.068536 0.117409
1 0.852804 0.204453 0.029595 0.064777
1 0.747664 0.751012 0.015576 0.032389
0 0.517913 0.736842 0.046729 0.097166
1 0.588006 0.419028 0.049844 0.117409
1 0.288941 0.791498 0.017134 0.036437
1 0.055296 0.242915 0.007788 0.016194
0 0.261682 0.364372 0.007788 0.024291
0 0.946262 0.597166 0.012461 0.044534
1 0.242991 0.439271 0.026480 0.044534
1 0.872274 0.900810 0.015576 0.036437
1 0.122274 0.951417 0.026480 0.048583
1 0.447040 0.384615 0.052960 0.242915
1 0.317757 0.469636 0.049844 0.113360
1 0.377726 0.172065 0.042056 0.076923
1 0.673676 0.289474 0.048287 0.141700
0 0.257009 0.817814 0.012461 0.032389
0 0.343458 0.119433 0.010903 0.016194
1 0.850467 0.708502 0.026480 0.085020
0 0.869938 0.414980 0.035826 0.117409
1 0.905763 0.858300 0.020249 0.048583
1 0.288941 0.755061 0.023364 0.036437
1 0.430685 0.238866 0.054517 0.121457
1 0.150312 0.471660 0.042056 0.080972
1 0.085670 0.908907 0.037383 0.117409
1 0.678349 0.591093 0.040498 0.161943
0 0.401869 0.603239 0.045171 0.121457
0 0.816978 0.906883 0.032710 0.129555
0 0.894081 0.777328 0.028037 0.068826
1 0.707165 0.777328 0.020249 0.064777
1 0.623053 0.190283 0.014019 0.036437
1 0.832555 0.597166 0.065421 0.129555
1 0.110592 0.840081 0.040498 0.149798
