0 0.527259 0.914980 0.037383 0.076923
0 0.189252 0.400810 0.056075 0.206478
1 0.449377 0.813765 0.017134 0.048583
1 0.525701 0.686235 0.098131 0.230769
0 0.903427 0.777328 0.015576 0.048583
1 0.620717 0.621457 0.014019 0.044534
1 0.810748 0.398785 0.080997 0.137652
0 0.231308 0.872470 0.007788 0.016194
1 0.591121 0.234818 0.026480 0.048583
0 0.936137 0.763158 0.023364 0.044534
0 0.818536 0.246964 0.029595 0.085020
1 0.895639 0.291498 0.024922 0.093117
1 0.723520 0.844130 0.049844 0.165992
1 0.109813 0.520243 0.028037 0.060729
0 0.837227 0.180162 0.010903 0.036437
0 0.630062 0.220648 0.057632 0.133603
0 0.595016 0.463563 0.020249 0.048583
1 0.737539 0.323887 0.031153 0.089069
1 0.749221 0.653846 0.017134 0.044534
1 0.333333 0.232794 0.056075 0.109312
0 0.478972 0.512146 0.066978 0.174089
1 0.548287 0.238866 0.063863 0.178138
1 0.641745 0.491903 0.056075 0.080972
0 0.871495 0.651822 0.028037 0.085020
0 0.541277 0.967611 0.004673 0.020243
1 0.751558 0.615385 0.010903 0.032389
1 0.411994 0.821862 0.054517 0.109312
1 0.104361 0.708502 0.009346 0.024291
0 0.563863 0.441296 0.012461 0.032389
1 0.323209 0.809717 0.048287 0.109312
1 0.436137 0.279352 0.090343 0.251012
0 0.087227 0.412955 0.042056 0.109312
1 0.612928 0.493927 0.026480 0.072874
1 0.633178 0.372470 0.045171 0.137652
1 0.158100 0.210526 0.091900 0.149798
1 0.299065 0.615385 0.012461 0.016194
1 0.260125 0.862348 0.020249 0.064777
1 0.286604 0.751012 0.031153 0.068826
1 0.310748 0.455466 0.079439 0.222672
1 0.051402 0.129555 0.015576 0.056680
1 0.783489 0.206478 0.029595 0.089069
1 0.649533 0.676113 0.023364 0.048583
1 0.081776 0.327935 0.017134 0.044534
1 0.061526 0.348178 0.015576 0.048583
1 0.592679 0.825911 0.074766 0.125506
1 0.658879 0.931174 0.018692 0.048583
0 0.897975 0.694332 0.038941 0.085020
1 0.891745 0.376518 0.038941 0.089069
0 0.078660 0.961538 0.014019 0.036437
0 0.323209 0.645749 0.037383 0.093117
1 0.853583 0.921053 0.049844 0.097166
