1 0.398754 0.447368 0.049844 0.076923
1 0.471963 0.574899 0.110592 0.259109
1 0.914330 0.321862 0.054517 0.174089
1 0.568536 0.340081 0.037383 0.080972
1 0.245327 0.799595 0.020249 0.089069
1 0.921340 0.182186 0.028037 0.068826
1 0.384735 0.251012 0.052960 0.097166
1 0.443925 0.736842 0.046729 0.101215
1 0.173676 0.475709 0.015576 0.036437
0 0.503894 0.342105 0.046729 0.093117
1 0.116822 0.562753 0.076324 0.222672
1 0.846573 0.688259 0.087227 0.372470
1 0.419003 0.485830 0.026480 0.072874
1 0.273364 0.376518 0.060748 0.178138
0 0.168224 0.202429 0.014019 0.040486
0 0.190031 0.198381 0.007788 0.020243
1 0.535826 0.538462 0.051402 0.157895
1 0.711059 0.157895 0.038941 0.080972
0 0.521807 0.890688 0.035826 0.093117
1 0.295950 0.912955 0.018692 0.048583
1 0.313084 0.785425 0.032710 0.101215
1 0.159657 0.317814 0.007788 0.012146
0 0.388629 0.844130 0.007788 0.020243
1 0.880841 0.382591 0.049844 0.153846
1 0.430685 0.884615 0.052960 0.121457
0 0.288941 0.275304 0.048287 0.137652
1 0.217290 0.538462 0.017134 0.080972
1 0.240654 0.457490 0.034268 0.068826
1 0.305296 0.643725 0.071651 0.113360
1 0.358255 0.765182 0.038941 0.097166
1 0.753115 0.232794 0.018692 0.040486
1 0.462617 0.283401 0.017134 0.044534
1 0.232866 0.684211 0.028037 0.097166
1 0.776480 0.504049 0.048287 0.182186
1 0.468069 0.817814 0.063863 0.129555
1 0.427570 0.319838 0.035826 0.125506
1 0.839564 0.516194 0.074766 0.178138
1 0.257788 0.240891 0.018692 0.068826
1 0.567757 0.914980 0.066978 0.097166
0 0.220405 0.423077 0.014019 0.060729
1 0.119938 0.904858 0.029595 0.068826
1 0.935358 0.157895 0.032710 0.089069
1 0.225857 0.315789 0.040498 0.105263
0 0.805296 0.914980 0.029595 0.097166
1 0.683801 0.672065 0.029595 0.076923
1 0.721184 0.348178 0.020249 0.064777
0 0.686137 0.791498 0.010903 0.016194
1 0.410436 0.370445 0.014019 0.044534
