0 0.225078 0.908907 0.023364 0.056680
0 0.933801 0.163968 0.014019 0.044534
0 0.109813 0.597166 0.012461 0.032389
1 0.603583 0.694332 0.015576 0.056680
1 0.648754 0.198381 0.057632 0.161943
0 0.901090 0.170040 0.014019 0.040486
0 0.453271 0.718623 0.029595 0.068826
1 0.761682 0.396761 0.071651 0.202429
0 0.645639 0.447368 0.035826 0.052632
0 0.892523 0.467611 0.021807 0.052632
0 0.563863 0.880567 0.054517 0.165992
0 0.493769 0.437247 0.006231 0.016194
0 0.408100 0.414980 0.009346 0.032389
1 0.781153 0.242915 0.046729 0.101215
1 0.414330 0.534413 0.012461 0.036437
0 0.826324 0.732794 0.006231 0.016194
1 0.823209 0.791498 0.034268 0.044534
1 0.808411 0.182186 0.024922 0.080972
1 0.827103 0.293522 0.066978 0.194332
0 0.288941 0.198381 0.020249 0.060729
1 0.732866 0.912955 0.031153 0.056680
1 0.471963 0.370445 0.035826 0.117409
1 0.271807 0.779352 0.014019 0.032389
1 0.332555 0.576923 0.007788 0.020243
0 0.676012 0.534413 0.012461 0.040486
0 0.517913 0.718623 0.026480 0.072874
1 0.803738 0.716599 0.031153 0.072874
1 0.753894 0.532389 0.052960 0.153846
1 0.915888 0.562753 0.060748 0.129555
0 0.263240 0.226721 0.034268 0.093117
1 0.489875 0.180162 0.026480 0.068826
1 0.181464 0.765182 0.074766 0.157895
0 0.228193 0.585020 0.014019 0.068826
1 0.232866 0.467611 0.014019 0.032389
0 0.251558 0.959514 0.007788 0.016194
