1 0.406542 0.888664 0.042056 0.113360
1 0.774922 0.485830 0.037383 0.076923
1 0.208723 0.623482 0.014019 0.048583
0 0.654984 0.516194 0.009346 0.028340
1 0.351246 0.625506 0.101246 0.194332
1 0.176012 0.372470 0.018692 0.060729
1 0.387072 0.265182 0.026480 0.085020
1 0.750000 0.815789 0.031153 0.137652
0 0.573209 0.589069 0.010903 0.028340
0 0.514019 0.273279 0.113707 0.153846
0 0.418224 0.834008 0.018692 0.056680
0 0.239875 0.890688 0.026480 0.056680
0 0.735202 0.396761 0.076324 0.190283
1 0.656542 0.307692 0.040498 0.101215
1 0.321651 0.257085 0.017134 0.036437
1 0.856698 0.287449 0.161994 0.259109
0 0.440810 0.825911 0.023364 0.093117
0 0.088006 0.603239 0.024922 0.056680
1 0.780374 0.631579 0.043614 0.080972
1 0.369938 0.360324 0.042056 0.117409
1 0.342679 0.439271 0.010903 0.028340
1 0.519470 0.560729 0.063863 0.153846
0 0.189252 0.603239 0.007788 0.020243
1 0.695483 0.372470 0.068536 0.255061
1 0.095794 0.435223 0.043614 0.109312
1 0.487539 0.777328 0.024922 0.072874
0 0.209502 0.562753 0.024922 0.040486
1 0.113707 0.817814 0.068536 0.157895
1 0.447819 0.427126 0.012461 0.044534
1 0.781931 0.591093 0.021807 0.052632
1 0.862928 0.512146 0.021807 0.044534
1 0.627726 0.441296 0.048287 0.129555
1 0.700935 0.123482 0.009346 0.020243
1 0.482087 0.643725 0.026480 0.080972
1 0.676791 0.589069 0.012461 0.036437
1 0.587227 0.354251 0.034268 0.072874
0 0.484424 0.728745 0.035826 0.089069
1 0.408100 0.975709 0.015576 0.024291
0 0.768692 0.307692 0.042056 0.121457
