1 0.658879 0.348178 0.018692 0.048583
0 0.502336 0.872470 0.010903 0.028340
1 0.820872 0.273279 0.037383 0.097166
0 0.225078 0.672065 0.068536 0.165992
1 0.531931 0.840081 0.018692 0.101215
0 0.452492 0.536437 0.014019 0.032389
1 0.509346 0.734818 0.038941 0.117409
1 0.647975 0.647773 0.020249 0.072874
1 0.166667 0.125506 0.006231 0.016194
1 0.919782 0.813765 0.038941 0.105263
1 0.478972 0.941296 0.021807 0.060729
1 0.305296 0.858300 0.015576 0.052632
1 0.233645 0.287449 0.031153 0.060729
0 0.835670 0.510121 0.079439 0.129555
1 0.898754 0.692308 0.049844 0.133603
1 0.659657 0.151822 0.017134 0.044534
1 0.684579 0.759109 0.023364 0.060729
0 0.148754 0.746964 0.032710 0.149798
0 0.191589 0.714575 0.056075 0.145749
0 0.105140 0.283401 0.042056 0.105263
0 0.232866 0.194332 0.034268 0.101215
1 0.649533 0.556680 0.009346 0.028340
0 0.353583 0.212551 0.032710 0.080972
1 0.726636 0.593117 0.010903 0.024291
1 0.206386 0.137652 0.010903 0.028340
1 0.870717 0.593117 0.063863 0.133603
0 0.563863 0.955466 0.031153 0.052632
1 0.310748 0.898785 0.026480 0.085020
1 0.757788 0.706478 0.007788 0.028340
1 0.396417 0.479757 0.015576 0.060729
1 0.088785 0.459514 0.065421 0.161943
1 0.322430 0.354251 0.037383 0.085020
1 0.788941 0.585020 0.004673 0.020243
1 0.352804 0.888664 0.029595 0.097166
1 0.926791 0.576923 0.031153 0.089069
0 0.133956 0.370445 0.037383 0.105263
0 0.828660 0.805668 0.015576 0.044534
1 0.592679 0.506073 0.040498 0.064777
0 0.111371 0.560729 0.038941 0.105263
1 0.612928 0.564777 0.007788 0.020243
0 0.384735 0.882591 0.021807 0.064777
1 0.335670 0.253036 0.024922 0.064777
1 0.563084 0.896761 0.040498 0.101215
1 0.811526 0.165992 0.032710 0.064777
1 0.213396 0.935223 0.014019 0.024291
0 0.671340 0.603239 0.017134 0.044534
1 0.381620 0.580972 0.023364 0.072874
0 0.550623 0.447368 0.032710 0.101215
0 0.738318 0.781377 0.037383 0.076923
1 0.904984 0.139676 0.009346 0.012146
1 0.636293 0.866397 0.079439 0.101215
