1 0.758567 0.659919 0.123053 0.178138
1 0.902648 0.888664 0.029595 0.072874
1 0.218847 0.696356 0.048287 0.117409
1 0.623832 0.400810 0.046729 0.093117
1 0.427570 0.744939 0.014019 0.032389
1 0.665109 0.275304 0.048287 0.178138
0 0.306075 0.194332 0.048287 0.133603
1 0.176791 0.797571 0.021807 0.040486
0 0.262461 0.495951 0.006231 0.012146
1 0.331776 0.682186 0.054517 0.117409
1 0.361371 0.783401 0.032710 0.036437
1 0.797508 0.376518 0.042056 0.105263
1 0.804517 0.338057 0.043614 0.117409
0 0.364486 0.344130 0.015576 0.036437
0 0.471184 0.728745 0.054517 0.170040
1 0.408100 0.214575 0.032710 0.174089
1 0.045171 0.603239 0.017134 0.056680
0 0.809969 0.269231 0.037383 0.097166
1 0.271807 0.785425 0.029595 0.072874
1 0.542056 0.408907 0.037383 0.105263
1 0.830218 0.423077 0.020249 0.060729
1 0.195483 0.362348 0.023364 0.060729
1 0.679907 0.479757 0.018692 0.044534
1 0.520249 0.338057 0.015576 0.036437
1 0.063084 0.143725 0.014019 0.052632
1 0.175234 0.528340 0.068536 0.141700
1 0.228972 0.900810 0.023364 0.068826
0 0.512461 0.437247 0.020249 0.060729
1 0.092679 0.240891 0.026480 0.085020
0 0.806854 0.882591 0.007788 0.024291
1 0.392523 0.631579 0.018692 0.056680
0 0.267913 0.902834 0.040498 0.068826
1 0.392523 0.524291 0.009346 0.028340
1 0.489875 0.668016 0.088785 0.190283
1 0.592679 0.623482 0.014019 0.016194
1 0.062305 0.463563 0.023364 0.048583
0 0.845016 0.319838 0.035826 0.113360
0 0.741433 0.226721 0.049844 0.133603
1 0.682243 0.607287 0.063863 0.129555
1 0.213396 0.530364 0.028037 0.044534
1 0.143302 0.441296 0.037383 0.089069
0 0.951713 0.809717 0.021807 0.056680
1 0.792056 0.937247 0.037383 0.076923
1 0.894081 0.613360 0.088785 0.210526
0 0.582555 0.431174 0.009346 0.020243
