0 0.109034 0.408907 0.031153 0.072874
0 0.944704 0.176113 0.021807 0.076923
1 0.669782 0.599190 0.037383 0.170040
0 0.732866 0.795547 0.056075 0.129555
1 0.874611 0.224696 0.018692 0.048583
1 0.429907 0.821862 0.038941 0.149798
1 0.612928 0.819838 0.085670 0.218623
0 0.672118 0.251012 0.015576 0.040486
0 0.763240 0.493927 0.035826 0.101215
1 0.401869 0.645749 0.029595 0.093117
0 0.285826 0.374494 0.021807 0.089069
0 0.206386 0.321862 0.057632 0.117409
0 0.477414 0.548583 0.012461 0.032389
1 0.446262 0.479757 0.024922 0.064777
0 0.542835 0.121457 0.014019 0.040486
1 0.370717 0.793522 0.038941 0.072874
0 0.694704 0.755061 0.046729 0.141700
1 0.235202 0.578947 0.046729 0.121457
1 0.395639 0.785425 0.010903 0.032389
1 0.841121 0.196356 0.031153 0.052632
1 0.503894 0.684211 0.066978 0.178138
0 0.780374 0.827935 0.035826 0.101215
1 0.677570 0.674089 0.035826 0.153846
1 0.694704 0.412955 0.020249 0.048583
1 0.172897 0.236842 0.031153 0.052632
0 0.347352 0.283401 0.017134 0.044534
1 0.897975 0.516194 0.051402 0.178138
1 0.804517 0.803644 0.040498 0.149798
1 0.845016 0.872470 0.014019 0.040486
1 0.536604 0.908907 0.010903 0.024291
1 0.915109 0.757085 0.060748 0.137652
1 0.760125 0.317814 0.066978 0.149798
1 0.951713 0.775304 0.020249 0.060729
1 0.094237 0.846154 0.060748 0.137652
1 0.066978 0.629555 0.051402 0.101215
1 0.313863 0.904858 0.051402 0.149798
0 0.070093 0.427126 0.009346 0.020243
0 0.237539 0.380567 0.017134 0.056680
0 0.282710 0.139676 0.023364 0.060729
1 0.506231 0.157895 0.014019 0.032389
1 0.683801 0.218623 0.026480 0.085020
1 0.109813 0.617409 0.054517 0.153846
1 0.520249 0.309717 0.051402 0.125506
