0 0.662773 0.838057 0.014019 0.024291
1 0.615265 0.151822 0.028037 0.052632
0 0.433801 0.961538 0.012461 0.020243
1 0.942368 0.544534 0.017134 0.056680
1 0.257009 0.902834 0.035826 0.080972
0 0.744548 0.449393 0.009346 0.016194
1 0.833333 0.712551 0.115265 0.348178
0 0.608255 0.516194 0.052960 0.141700
1 0.538162 0.425101 0.032710 0.068826
1 0.443146 0.929150 0.009346 0.020243
0 0.198598 0.305668 0.080997 0.267206
1 0.626947 0.672065 0.031153 0.105263
1 0.581776 0.787449 0.017134 0.032389
1 0.679907 0.805668 0.015576 0.036437
1 0.068536 0.323887 0.021807 0.056680
1 0.690031 0.684211 0.042056 0.105263
1 0.792835 0.180162 0.021807 0.048583
1 0.277259 0.601215 0.057632 0.137652
1 0.835670 0.912955 0.034268 0.072874
1 0.173676 0.489879 0.095016 0.210526
1 0.359034 0.483806 0.028037 0.105263
1 0.327103 0.447368 0.021807 0.052632
1 0.333333 0.283401 0.035826 0.121457
0 0.830997 0.226721 0.052960 0.101215
1 0.633178 0.483806 0.043614 0.121457
0 0.120717 0.740891 0.026480 0.076923
1 0.294393 0.510121 0.017134 0.048583
0 0.274922 0.763158 0.040498 0.129555
0 0.450935 0.566802 0.046729 0.125506
0 0.534268 0.309717 0.024922 0.089069
1 0.903427 0.269231 0.054517 0.089069
1 0.496106 0.574899 0.017134 0.056680
1 0.723520 0.746964 0.070093 0.186235
1 0.518692 0.803644 0.040498 0.105263
1 0.127726 0.641700 0.079439 0.202429
1 0.510903 0.518219 0.042056 0.080972
0 0.620717 0.253036 0.032710 0.076923
1 0.769470 0.912955 0.037383 0.080972
1 0.724299 0.362348 0.023364 0.072874
0 0.140966 0.303644 0.032710 0.080972
1 0.392523 0.601215 0.020249 0.040486
0 0.091900 0.878543 0.046729 0.170040
1 0.716511 0.279352 0.056075 0.133603
1 0.464953 0.742915 0.024922 0.080972
1 0.876168 0.528340 0.035826 0.113360
1 0.249221 0.738866 0.037383 0.085020
1 0.124611 0.240891 0.031153 0.105263
1 0.174455 0.615385 0.043614 0.133603
1 0.645639 0.214575 0.048287 0.097166
