1 0.123053 0.182186 0.046729 0.089069
1 0.183022 0.520243 0.054517 0.141700
0 0.273364 0.327935 0.010903 0.036437
0 0.548287 0.182186 0.020249 0.072874
0 0.112928 0.566802 0.035826 0.089069
0 0.647196 0.297571 0.010903 0.028340
1 0.356698 0.611336 0.031153 0.109312
1 0.799065 0.453441 0.012461 0.028340
1 0.150312 0.495951 0.012461 0.052632
1 0.686916 0.850202 0.007788 0.032389
1 0.703271 0.447368 0.045171 0.149798
1 0.499221 0.536437 0.009346 0.020243
1 0.818536 0.829960 0.032710 0.072874
1 0.913551 0.874494 0.026480 0.056680
0 0.733645 0.570850 0.003115 0.016194
1 0.344237 0.139676 0.014019 0.032389
1 0.671340 0.287449 0.031153 0.097166
1 0.144081 0.860324 0.042056 0.113360
1 0.650312 0.408907 0.020249 0.072874
0 0.228972 0.356275 0.014019 0.040486
1 0.089564 0.829960 0.088785 0.218623
0 0.438474 0.449393 0.010903 0.016194
1 0.840343 0.390688 0.060748 0.153846
1 0.278037 0.548583 0.012461 0.032389
0 0.758567 0.417004 0.028037 0.080972
1 0.661994 0.546559 0.009346 0.028340
1 0.933022 0.206478 0.056075 0.145749
1 0.101246 0.123482 0.017134 0.044534
1 0.103583 0.445344 0.012461 0.044534
0 0.637850 0.688259 0.071651 0.157895
1 0.919782 0.698381 0.028037 0.097166
1 0.936137 0.378543 0.020249 0.044534
1 0.390966 0.728745 0.070093 0.145749
0 0.476636 0.785425 0.066978 0.198381
0 0.579439 0.665992 0.024922 0.048583
0 0.386293 0.263158 0.056075 0.129555
1 0.150312 0.708502 0.017134 0.020243
0 0.408100 0.340081 0.009346 0.020243
1 0.171340 0.564777 0.043614 0.085020
0 0.743769 0.690283 0.037383 0.105263
0 0.800623 0.627530 0.065421 0.182186
1 0.556854 0.344130 0.052960 0.182186
1 0.840343 0.641700 0.032710 0.044534
1 0.947819 0.542510 0.014019 0.036437
0 0.259346 0.613360 0.038941 0.141700
0 0.866822 0.637652 0.042056 0.125506
1 0.170561 0.358300 0.046729 0.101215
0 0.922897 0.297571 0.059190 0.125506
0 0.221184 0.275304 0.009346 0.012146
1 0.606698 0.540486 0.095016 0.129555
1 0.640187 0.143725 0.007788 0.012146
1 0.664330 0.921053 0.026480 0.089069
0 0.471184 0.427126 0.023364 0.060729
0 0.200156 0.204453 0.031153 0.072874
1 0.598910 0.836032 0.038941 0.085020
0 0.228972 0.487854 0.023364 0.060729
1 0.776480 0.836032 0.051402 0.129555
1 0.246885 0.921053 0.026480 0.068826
0 0.741433 0.923077 0.021807 0.064777
