1 0.812305 0.864372 0.020249 0.072874
1 0.409657 0.672065 0.012461 0.028340
1 0.697819 0.291498 0.024922 0.072874
0 0.729751 0.649798 0.082555 0.214575
1 0.121495 0.827935 0.026480 0.076923
1 0.945483 0.495951 0.020249 0.060729
1 0.203271 0.275304 0.046729 0.174089
1 0.491433 0.710526 0.007788 0.020243
1 0.292056 0.455466 0.048287 0.129555
0 0.705607 0.423077 0.059190 0.133603
0 0.355919 0.738866 0.024922 0.068826
1 0.396417 0.912955 0.017134 0.040486
0 0.849688 0.489879 0.024922 0.072874
0 0.705607 0.471660 0.048287 0.097166
0 0.472741 0.495951 0.062305 0.161943
1 0.820093 0.259109 0.007788 0.044534
1 0.150312 0.303644 0.066978 0.178138
0 0.508567 0.670040 0.004673 0.012146
0 0.936137 0.842105 0.023364 0.068826
0 0.669782 0.396761 0.018692 0.056680
0 0.134735 0.184211 0.020249 0.048583
1 0.352025 0.338057 0.049844 0.117409
1 0.432243 0.398785 0.009346 0.020243
1 0.204829 0.576923 0.034268 0.060729
1 0.876168 0.340081 0.079439 0.190283
1 0.899533 0.965587 0.017134 0.040486
0 0.056854 0.748988 0.035826 0.085020
0 0.078660 0.815789 0.014019 0.028340
1 0.830218 0.672065 0.031153 0.080972
1 0.603583 0.684211 0.028037 0.097166
0 0.615265 0.400810 0.087227 0.194332
0 0.422118 0.611336 0.024922 0.056680
1 0.893302 0.198381 0.007788 0.016194
1 0.403427 0.279352 0.035826 0.085020
0 0.943925 0.870445 0.018692 0.056680
0 0.905763 0.676113 0.010903 0.024291
1 0.336449 0.473684 0.054517 0.141700
0 0.180685 0.755061 0.029595 0.060729
1 0.214174 0.799595 0.004673 0.012146
0 0.458723 0.888664 0.020249 0.048583
0 0.887072 0.601215 0.017134 0.048583
