1 0.270249 0.732794 0.026480 0.085020
1 0.207944 0.159919 0.034268 0.085020
1 0.060748 0.908907 0.020249 0.040486
0 0.542056 0.368421 0.073209 0.194332
0 0.548287 0.188259 0.052960 0.133603
1 0.321651 0.342105 0.023364 0.068826
1 0.791277 0.775304 0.045171 0.121457
0 0.334891 0.692308 0.034268 0.085020
1 0.271807 0.404858 0.074766 0.093117
1 0.411215 0.753036 0.074766 0.117409
1 0.504673 0.556680 0.037383 0.076923
1 0.925234 0.396761 0.009346 0.020243
0 0.169003 0.599190 0.014019 0.032389
1 0.369938 0.757085 0.032710 0.093117
0 0.183022 0.663968 0.017134 0.036437
0 0.714174 0.949393 0.017134 0.036437
1 0.439252 0.419028 0.026480 0.093117
0 0.787383 0.321862 0.040498 0.117409
0 0.359813 0.866397 0.015576 0.048583
0 0.464174 0.653846 0.007788 0.020243
0 0.665109 0.578947 0.084112 0.206478
1 0.167445 0.263158 0.031153 0.089069
0 0.462617 0.558704 0.009346 0.024291
1 0.678349 0.700405 0.032710 0.080972
1 0.659657 0.757085 0.038941 0.093117
1 0.469626 0.801619 0.023364 0.101215
0 0.223520 0.307692 0.034268 0.093117
0 0.698598 0.291498 0.035826 0.109312
1 0.613707 0.425101 0.071651 0.137652
0 0.147975 0.619433 0.028037 0.064777
1 0.431464 0.684211 0.040498 0.072874
1 0.916667 0.676113 0.082555 0.259109
0 0.101246 0.530364 0.038941 0.093117
1 0.940810 0.327935 0.031153 0.060729
0 0.749221 0.512146 0.021807 0.044534
1 0.867601 0.730769 0.040498 0.056680
1 0.283489 0.882591 0.043614 0.121457
