0 0.207944 0.801619 0.004673 0.016194
1 0.711838 0.224696 0.038941 0.093117
1 0.621495 0.785425 0.091900 0.198381
1 0.245327 0.674089 0.007788 0.036437
1 0.657321 0.390688 0.082555 0.206478
1 0.200935 0.949393 0.007788 0.028340
1 0.065421 0.473684 0.034268 0.085020
1 0.821651 0.821862 0.007788 0.016194
0 0.934579 0.244939 0.037383 0.085020
0 0.707944 0.831984 0.037383 0.085020
0 0.934579 0.392713 0.018692 0.064777
0 0.408879 0.591093 0.029595 0.068826
1 0.270249 0.864372 0.034268 0.068826
0 0.151090 0.504049 0.065421 0.161943
0 0.366044 0.566802 0.051402 0.145749
1 0.319315 0.645749 0.023364 0.056680
1 0.223520 0.360324 0.017134 0.056680
1 0.122274 0.755061 0.035826 0.101215
0 0.573209 0.317814 0.031153 0.097166
1 0.604361 0.676113 0.038941 0.129555
1 0.717290 0.506073 0.068536 0.226721
1 0.192368 0.506073 0.021807 0.080972
1 0.419003 0.165992 0.009346 0.032389
1 0.536604 0.514170 0.028037 0.113360
1 0.294393 0.890688 0.021807 0.056680
1 0.809190 0.694332 0.063863 0.170040
0 0.440031 0.182186 0.020249 0.056680
1 0.767134 0.726721 0.063863 0.141700
1 0.160436 0.143725 0.024922 0.072874
1 0.376947 0.870445 0.046729 0.165992
0 0.677570 0.259109 0.048287 0.137652
1 0.809969 0.161943 0.020249 0.064777
0 0.810748 0.591093 0.096573 0.226721
1 0.205607 0.267206 0.046729 0.113360
1 0.281931 0.502024 0.048287 0.097166
0 0.131620 0.419028 0.020249 0.085020
