1 0.522586 0.291498 0.018692 0.032389
1 0.796729 0.398785 0.028037 0.060729
1 0.116822 0.663968 0.060748 0.121457
1 0.135514 0.574899 0.010903 0.032389
1 0.394860 0.840081 0.056075 0.145749
0 0.437695 0.963563 0.010903 0.028340
1 0.693146 0.623482 0.065421 0.129555
1 0.742212 0.878543 0.024922 0.060729
1 0.434579 0.716599 0.062305 0.133603
0 0.837227 0.487854 0.031153 0.089069
0 0.573209 0.443320 0.021807 0.028340
1 0.238318 0.700405 0.093458 0.311741
1 0.369938 0.619433 0.101246 0.186235
1 0.238318 0.342105 0.056075 0.133603
0 0.309969 0.649798 0.018692 0.040486
1 0.738318 0.299595 0.024922 0.068826
0 0.953271 0.129555 0.010903 0.024291
1 0.155763 0.884615 0.017134 0.040486
1 0.918224 0.572874 0.051402 0.125506
0 0.433801 0.350202 0.014019 0.052632
1 0.084112 0.690283 0.012461 0.028340
1 0.792056 0.757085 0.028037 0.101215
0 0.366044 0.473684 0.037383 0.113360
1 0.433022 0.564777 0.080997 0.255061
1 0.105140 0.921053 0.017134 0.040486
1 0.075545 0.481781 0.032710 0.101215
1 0.888629 0.548583 0.035826 0.076923
1 0.749221 0.356275 0.014019 0.032389
1 0.752336 0.576923 0.010903 0.032389
1 0.063863 0.724696 0.031153 0.085020
0 0.349688 0.433198 0.040498 0.133603
1 0.913551 0.740891 0.023364 0.064777
1 0.813084 0.939271 0.031153 0.056680
1 0.747664 0.481781 0.024922 0.064777
1 0.255452 0.514170 0.024922 0.056680
1 0.850467 0.676113 0.012461 0.048583
1 0.667445 0.500000 0.098131 0.238866
1 0.889408 0.196356 0.038941 0.068826
1 0.619159 0.892713 0.035826 0.097166
0 0.312305 0.957490 0.021807 0.056680
0 0.763240 0.516194 0.028037 0.064777
1 0.267134 0.378543 0.071651 0.170040
0 0.466511 0.362348 0.042056 0.080972
0 0.116822 0.925101 0.015576 0.040486
1 0.190031 0.188259 0.012461 0.040486
1 0.126947 0.289474 0.076324 0.275304
0 0.859813 0.797571 0.015576 0.056680
1 0.493769 0.520243 0.023364 0.048583
0 0.889408 0.651822 0.057632 0.133603
0 0.661215 0.876518 0.010903 0.020243
0 0.808411 0.674089 0.040498 0.113360
1 0.832555 0.412955 0.028037 0.048583
