0 0.452492 0.376518 0.029595 0.117409
1 0.734424 0.874494 0.024922 0.109312
1 0.329439 0.285425 0.056075 0.101215
1 0.838006 0.467611 0.020249 0.044534
1 0.658100 0.210526 0.028037 0.044534
1 0.316978 0.473684 0.024922 0.089069
1 0.704050 0.615385 0.023364 0.068826
1 0.773364 0.382591 0.026480 0.085020
0 0.584891 0.354251 0.107477 0.271255
0 0.922897 0.192308 0.010903 0.020243
1 0.588006 0.585020 0.101246 0.174089
1 0.686916 0.477733 0.006231 0.024291
1 0.249221 0.850202 0.032710 0.109312
1 0.323209 0.868421 0.014019 0.052632
0 0.930685 0.303644 0.032710 0.093117
1 0.451713 0.149798 0.042056 0.085020
1 0.780374 0.613360 0.043614 0.109312
1 0.521028 0.862348 0.028037 0.080972
1 0.954829 0.248988 0.006231 0.024291
0 0.750779 0.528340 0.024922 0.056680
1 0.476636 0.580972 0.038941 0.068826
1 0.721963 0.619433 0.032710 0.056680
1 0.816199 0.408907 0.014019 0.036437
1 0.818536 0.856275 0.082555 0.238866
1 0.172897 0.273279 0.080997 0.210526
1 0.316199 0.910931 0.024922 0.064777
0 0.815421 0.663968 0.026480 0.072874
1 0.482087 0.639676 0.009346 0.024291
1 0.116822 0.751012 0.020249 0.060729
0 0.362150 0.696356 0.004673 0.016194
0 0.211059 0.206478 0.020249 0.052632
0 0.951713 0.331984 0.017134 0.044534
1 0.475857 0.710526 0.035826 0.113360
1 0.102804 0.230769 0.049844 0.178138
1 0.129283 0.807692 0.023364 0.060729
1 0.734424 0.139676 0.020249 0.056680
1 0.169003 0.423077 0.010903 0.044534
1 0.226636 0.657895 0.057632 0.125506
0 0.382399 0.408907 0.010903 0.048583
1 0.771028 0.663968 0.049844 0.105263
0 0.123053 0.670040 0.018692 0.060729
1 0.672118 0.291498 0.045171 0.145749
1 0.509346 0.684211 0.038941 0.093117
1 0.926012 0.613360 0.017134 0.032389
1 0.686137 0.953441 0.029595 0.064777
1 0.672118 0.657895 0.023364 0.072874
1 0.504673 0.603239 0.042056 0.085020
0 0.084112 0.809717 0.043614 0.141700
1 0.524922 0.234818 0.046729 0.145749
1 0.503115 0.360324 0.054517 0.093117
1 0.439252 0.803644 0.024922 0.060729
1 0.440031 0.271255 0.031153 0.129555
0 0.421340 0.690283 0.012461 0.032389
1 0.304517 0.467611 0.026480 0.080972
