1 0.091900 0.479757 0.034268 0.101215
0 0.605919 0.690283 0.037383 0.109312
0 0.860592 0.506073 0.023364 0.044534
1 0.078660 0.552632 0.023364 0.052632
1 0.105140 0.313765 0.046729 0.109312
1 0.329439 0.159919 0.014019 0.040486
1 0.093458 0.884615 0.042056 0.133603
0 0.725857 0.793522 0.084112 0.194332
1 0.717290 0.651822 0.017134 0.032389
1 0.289720 0.744939 0.059190 0.137652
1 0.868380 0.198381 0.043614 0.149798
0 0.492991 0.455466 0.006231 0.012146
1 0.546729 0.465587 0.015576 0.032389
1 0.578660 0.593117 0.082555 0.178138
1 0.826324 0.204453 0.034268 0.093117
0 0.239097 0.139676 0.012461 0.036437
1 0.849688 0.285425 0.029595 0.068826
0 0.670561 0.668016 0.068536 0.202429
1 0.169782 0.811741 0.088785 0.279352
0 0.272586 0.506073 0.021807 0.085020
0 0.063863 0.692308 0.015576 0.040486
1 0.935358 0.941296 0.024922 0.089069
0 0.364486 0.182186 0.046729 0.149798
1 0.318536 0.234818 0.034268 0.080972
1 0.232866 0.663968 0.043614 0.117409
1 0.767913 0.686235 0.038941 0.129555
0 0.767913 0.888664 0.035826 0.068826
0 0.058411 0.765182 0.007788 0.024291
1 0.416667 0.159919 0.014019 0.036437
0 0.120717 0.831984 0.029595 0.072874
1 0.522586 0.455466 0.023364 0.052632
1 0.520249 0.633603 0.009346 0.036437
1 0.135514 0.147773 0.023364 0.060729
1 0.577882 0.356275 0.015576 0.024291
1 0.622274 0.898785 0.020249 0.056680
0 0.351246 0.493927 0.024922 0.064777
0 0.276480 0.694332 0.060748 0.117409
0 0.345794 0.404858 0.021807 0.056680
1 0.212617 0.552632 0.021807 0.072874
1 0.679128 0.813765 0.031153 0.093117
1 0.569315 0.842105 0.026480 0.060729
