0 0.433801 0.655870 0.040498 0.076923
1 0.617601 0.259109 0.048287 0.101215
1 0.798287 0.595142 0.056075 0.230769
1 0.707944 0.698381 0.023364 0.056680
1 0.448598 0.323887 0.031153 0.072874
1 0.759346 0.627530 0.059190 0.222672
0 0.506231 0.176113 0.018692 0.060729
1 0.918224 0.805668 0.042056 0.141700
1 0.491433 0.127530 0.010903 0.032389
1 0.876168 0.157895 0.048287 0.109312
1 0.374611 0.465587 0.068536 0.161943
1 0.533489 0.856275 0.010903 0.028340
0 0.265576 0.862348 0.063863 0.101215
1 0.317757 0.244939 0.028037 0.068826
1 0.765576 0.910931 0.026480 0.121457
1 0.142523 0.757085 0.080997 0.226721
1 0.496885 0.396761 0.052960 0.161943
1 0.877726 0.868421 0.037383 0.064777
1 0.605140 0.892713 0.040498 0.121457
1 0.370717 0.319838 0.049844 0.105263
1 0.258567 0.629555 0.017134 0.040486
1 0.507788 0.506073 0.018692 0.044534
1 0.175234 0.580972 0.042056 0.129555
1 0.826324 0.803644 0.010903 0.028340
1 0.313084 0.421053 0.065421 0.299595
0 0.865265 0.686235 0.056075 0.125506
1 0.262461 0.473684 0.084112 0.170040
0 0.853583 0.319838 0.034268 0.064777
0 0.838006 0.975709 0.009346 0.024291
1 0.714174 0.834008 0.014019 0.032389
1 0.116044 0.291498 0.035826 0.125506
1 0.719626 0.601215 0.012461 0.044534
0 0.915888 0.331984 0.032710 0.089069
0 0.359813 0.198381 0.006231 0.024291
0 0.252336 0.149798 0.010903 0.040486
0 0.626168 0.542510 0.010903 0.032389
1 0.065421 0.536437 0.034268 0.105263
1 0.630841 0.421053 0.068536 0.174089
0 0.061526 0.613360 0.020249 0.052632
1 0.349688 0.781377 0.037383 0.113360
0 0.794393 0.868421 0.020249 0.056680
1 0.756231 0.163968 0.021807 0.072874
0 0.739097 0.115385 0.007788 0.028340
1 0.089564 0.659919 0.032710 0.064777
0 0.415888 0.607287 0.012461 0.024291
1 0.484424 0.878543 0.051402 0.105263
0 0.195483 0.876518 0.023364 0.056680
1 0.594237 0.528340 0.043614 0.068826
0 0.722741 0.419028 0.043614 0.105263
0 0.887850 0.419028 0.038941 0.085020
1 0.450156 0.457490 0.056075 0.097166
1 0.331776 0.582996 0.026480 0.068826
1 0.215732 0.615385 0.066978 0.206478
1 0.349688 0.147773 0.017134 0.056680
0 0.777259 0.297571 0.045171 0.105263
1 0.428349 0.338057 0.040498 0.060729
0 0.878505 0.904858 0.012461 0.028340
