0 0.143302 0.734818 0.046729 0.101215
1 0.617601 0.694332 0.090343 0.311741
1 0.168224 0.953441 0.021807 0.068826
1 0.189252 0.661943 0.006231 0.024291
0 0.804517 0.742915 0.007788 0.020243
0 0.175234 0.678138 0.020249 0.048583
0 0.169782 0.172065 0.037383 0.093117
0 0.747664 0.576923 0.059190 0.141700
0 0.225078 0.220648 0.023364 0.060729
0 0.577882 0.190283 0.038941 0.097166
0 0.222741 0.293522 0.026480 0.072874
1 0.757009 0.467611 0.057632 0.145749
1 0.557632 0.522267 0.029595 0.072874
1 0.385514 0.334008 0.088785 0.242915
1 0.770249 0.663968 0.015576 0.040486
1 0.604361 0.461538 0.057632 0.121457
1 0.325545 0.202429 0.062305 0.141700
0 0.119159 0.305668 0.018692 0.044534
1 0.567757 0.914980 0.040498 0.105263
0 0.298287 0.730769 0.059190 0.137652
1 0.537383 0.744939 0.029595 0.056680
1 0.518692 0.777328 0.029595 0.085020
1 0.471963 0.362348 0.095016 0.259109
1 0.482866 0.141700 0.029595 0.064777
1 0.629283 0.957490 0.020249 0.036437
0 0.721184 0.344130 0.031153 0.064777
0 0.220405 0.151822 0.014019 0.028340
1 0.937695 0.376518 0.015576 0.048583
1 0.065421 0.580972 0.043614 0.089069
1 0.114486 0.645749 0.066978 0.182186
1 0.825545 0.582996 0.024922 0.040486
1 0.909657 0.639676 0.043614 0.089069
1 0.629283 0.305668 0.012461 0.044534
1 0.870717 0.805668 0.024922 0.056680
1 0.361371 0.582996 0.006231 0.028340
1 0.904206 0.427126 0.034268 0.089069
1 0.742991 0.801619 0.059190 0.121457
1 0.327882 0.611336 0.043614 0.093117
0 0.310748 0.449393 0.046729 0.101215
0 0.534268 0.631579 0.042056 0.174089
0 0.861371 0.576923 0.037383 0.117409
0 0.542056 0.813765 0.009346 0.024291
1 0.700156 0.226721 0.014019 0.068826
1 0.450935 0.704453 0.021807 0.068826
1 0.910436 0.157895 0.023364 0.056680
0 0.235981 0.661943 0.054517 0.125506
0 0.083333 0.777328 0.020249 0.064777
0 0.559969 0.251012 0.057632 0.141700
1 0.197819 0.805668 0.056075 0.165992
1 0.142523 0.437247 0.023364 0.056680
0 0.887072 0.419028 0.021807 0.060729
1 0.514019 0.732794 0.037383 0.093117
0 0.841900 0.676113 0.009346 0.024291
0 0.489097 0.870445 0.056075 0.174089
1 0.284268 0.325911 0.031153 0.085020
1 0.390187 0.576923 0.014019 0.036437
1 0.063084 0.728745 0.021807 0.048583
1 0.245327 0.860324 0.007788 0.024291
