1 0.607477 0.174089 0.012461 0.020243
1 0.746885 0.791498 0.020249 0.060729
1 0.401869 0.528340 0.043614 0.113360
1 0.876947 0.647773 0.021807 0.085020
1 0.300623 0.813765 0.020249 0.072874
0 0.376168 0.190283 0.017134 0.048583
1 0.533489 0.544534 0.113707 0.178138
0 0.378505 0.914980 0.015576 0.072874
1 0.727414 0.238866 0.017134 0.056680
0 0.219626 0.783401 0.034268 0.080972
1 0.883956 0.319838 0.082555 0.271255
1 0.468847 0.394737 0.066978 0.137652
0 0.610592 0.267206 0.040498 0.174089
0 0.492212 0.121457 0.028037 0.048583
0 0.204829 0.544534 0.004673 0.016194
1 0.202492 0.645749 0.015576 0.036437
1 0.602025 0.605263 0.085670 0.303644
1 0.343458 0.309717 0.007788 0.028340
1 0.298287 0.929150 0.017134 0.036437
1 0.930685 0.467611 0.028037 0.080972
1 0.169782 0.868421 0.051402 0.080972
0 0.902648 0.878543 0.026480 0.072874
1 0.677570 0.611336 0.006231 0.016194
0 0.585670 0.222672 0.028037 0.048583
1 0.167445 0.259109 0.032710 0.064777
0 0.930685 0.840081 0.029595 0.089069
1 0.756231 0.287449 0.017134 0.060729
0 0.394081 0.670040 0.048287 0.165992
0 0.141745 0.850202 0.009346 0.024291
1 0.080218 0.289474 0.048287 0.165992
0 0.126947 0.898785 0.031153 0.101215
1 0.450935 0.188259 0.023364 0.085020
1 0.460280 0.544534 0.017134 0.044534
0 0.658879 0.929150 0.017134 0.036437
0 0.342679 0.437247 0.018692 0.048583
0 0.050623 0.633603 0.020249 0.064777
1 0.196262 0.878543 0.021807 0.068826
0 0.781153 0.538462 0.009346 0.024291
0 0.479751 0.635628 0.049844 0.121457
1 0.412773 0.935223 0.009346 0.048583
0 0.826324 0.799595 0.038941 0.085020
0 0.870717 0.455466 0.054517 0.222672
0 0.498442 0.965587 0.010903 0.028340
1 0.125389 0.552632 0.021807 0.040486
1 0.428349 0.414980 0.037383 0.137652
0 0.545950 0.738866 0.021807 0.093117
