1 0.869938 0.471660 0.015576 0.036437
1 0.288162 0.621457 0.010903 0.028340
1 0.257788 0.121457 0.017134 0.048583
1 0.880841 0.661943 0.076324 0.161943
0 0.311526 0.457490 0.060748 0.105263
0 0.833333 0.718623 0.028037 0.076923
1 0.327882 0.159919 0.014019 0.024291
1 0.535826 0.236842 0.021807 0.060729
1 0.824766 0.370445 0.017134 0.085020
0 0.711059 0.783401 0.028037 0.072874
0 0.278816 0.348178 0.014019 0.040486
1 0.927570 0.605263 0.037383 0.097166
1 0.643302 0.406883 0.096573 0.251012
1 0.381620 0.376518 0.077882 0.194332
1 0.422897 0.850202 0.066978 0.198381
0 0.920561 0.858300 0.009346 0.024291
0 0.390187 0.722672 0.056075 0.129555
1 0.091121 0.412955 0.024922 0.085020
1 0.415888 0.313765 0.046729 0.141700
0 0.755452 0.854251 0.076324 0.186235
1 0.319315 0.906883 0.009346 0.024291
1 0.383956 0.495951 0.024922 0.089069
1 0.878505 0.273279 0.020249 0.052632
1 0.926012 0.342105 0.017134 0.032389
0 0.090343 0.301619 0.031153 0.125506
0 0.243769 0.755061 0.020249 0.052632
1 0.489097 0.621457 0.018692 0.068826
1 0.509346 0.417004 0.012461 0.044534
1 0.619938 0.838057 0.052960 0.093117
1 0.117601 0.228745 0.035826 0.097166
1 0.615265 0.651822 0.029595 0.072874
0 0.468069 0.566802 0.042056 0.085020
1 0.482087 0.380567 0.029595 0.060729
1 0.185358 0.690283 0.085670 0.170040
1 0.333333 0.303644 0.012461 0.036437
0 0.438474 0.649798 0.060748 0.109312
1 0.431464 0.204453 0.028037 0.093117
0 0.384735 0.619433 0.012461 0.024291
0 0.890187 0.342105 0.023364 0.044534
0 0.876168 0.803644 0.010903 0.036437
0 0.235981 0.366397 0.068536 0.141700
1 0.693146 0.836032 0.026480 0.064777
1 0.200935 0.844130 0.023364 0.028340
1 0.639408 0.892713 0.007788 0.020243
1 0.483645 0.718623 0.007788 0.028340
