1 0.538941 0.763158 0.015576 0.060729
1 0.531931 0.868421 0.040498 0.125506
0 0.920561 0.226721 0.015576 0.032389
0 0.282710 0.973684 0.004673 0.012146
0 0.616044 0.580972 0.026480 0.044534
1 0.189252 0.536437 0.052960 0.149798
0 0.855919 0.137652 0.004673 0.016194
0 0.814642 0.773279 0.010903 0.016194
1 0.596573 0.862348 0.040498 0.109312
1 0.077103 0.639676 0.065421 0.161943
1 0.429907 0.242915 0.046729 0.170040
0 0.048287 0.862348 0.021807 0.056680
0 0.505452 0.904858 0.028037 0.072874
0 0.866822 0.261134 0.015576 0.040486
1 0.105140 0.196356 0.018692 0.060729
1 0.177570 0.775304 0.024922 0.064777
1 0.906542 0.704453 0.024922 0.060729
0 0.387072 0.572874 0.051402 0.105263
0 0.627726 0.463563 0.040498 0.097166
1 0.335670 0.344130 0.048287 0.145749
0 0.175234 0.866397 0.020249 0.048583
0 0.383956 0.477733 0.063863 0.161943
1 0.932243 0.317814 0.037383 0.068826
1 0.328660 0.506073 0.043614 0.125506
1 0.902648 0.277328 0.028037 0.068826
1 0.366822 0.376518 0.028037 0.076923
1 0.673676 0.748988 0.040498 0.129555
1 0.802960 0.429150 0.028037 0.056680
0 0.218847 0.451417 0.056075 0.149798
1 0.906542 0.771255 0.015576 0.040486
1 0.433022 0.858300 0.006231 0.016194
0 0.799065 0.637652 0.057632 0.165992
1 0.619159 0.649798 0.007788 0.028340
1 0.158100 0.265182 0.028037 0.080972
1 0.318536 0.969636 0.007788 0.024291
1 0.310748 0.805668 0.015576 0.032389
1 0.228193 0.983806 0.004673 0.016194
1 0.276480 0.846154 0.031153 0.137652
1 0.775701 0.748988 0.045171 0.137652
1 0.909657 0.473684 0.021807 0.032389
1 0.469626 0.570850 0.060748 0.129555
1 0.673676 0.613360 0.049844 0.121457
1 0.429907 0.427126 0.031153 0.089069
0 0.131620 0.805668 0.043614 0.117409
0 0.660436 0.874494 0.021807 0.040486
1 0.496106 0.293522 0.046729 0.141700
1 0.118380 0.694332 0.049844 0.121457
1 0.299844 0.578947 0.038941 0.105263
0 0.407321 0.653846 0.038941 0.076923
1 0.673676 0.412955 0.007788 0.016194
0 0.279595 0.421053 0.040498 0.117409
0 0.621495 0.222672 0.023364 0.068826
