1 0.347352 0.510121 0.057632 0.157895
1 0.556075 0.338057 0.077882 0.178138
0 0.241433 0.105263 0.009346 0.020243
1 0.866822 0.414980 0.037383 0.149798
1 0.870717 0.834008 0.043614 0.121457
1 0.154984 0.746964 0.024922 0.109312
1 0.725857 0.445344 0.029595 0.080972
0 0.411215 0.463563 0.015576 0.044534
1 0.385514 0.730769 0.147975 0.315789
1 0.789720 0.502024 0.020249 0.040486
1 0.247664 0.455466 0.048287 0.125506
1 0.530374 0.876518 0.014019 0.040486
1 0.900312 0.722672 0.060748 0.174089
1 0.232866 0.251012 0.035826 0.085020
0 0.280374 0.291498 0.020249 0.052632
1 0.639408 0.360324 0.014019 0.048583
1 0.566978 0.694332 0.034268 0.105263
1 0.677570 0.352227 0.028037 0.072874
1 0.812305 0.617409 0.046729 0.109312
0 0.253115 0.967611 0.010903 0.028340
1 0.936916 0.143725 0.024922 0.068826
1 0.313863 0.435223 0.010903 0.048583
1 0.406542 0.419028 0.018692 0.044534
0 0.613707 0.269231 0.015576 0.036437
1 0.926012 0.502024 0.015576 0.036437
1 0.943925 0.281377 0.021807 0.044534
0 0.355919 0.352227 0.031153 0.085020
1 0.463396 0.447368 0.026480 0.044534
0 0.871495 0.176113 0.024922 0.060729
1 0.500779 0.297571 0.043614 0.093117
1 0.820872 0.125506 0.026480 0.056680
1 0.570872 0.807692 0.020249 0.052632
1 0.234424 0.163968 0.024922 0.064777
1 0.694704 0.574899 0.074766 0.255061
