0 0.151869 0.192308 0.023364 0.060729
0 0.090343 0.500000 0.054517 0.238866
0 0.518692 0.139676 0.021807 0.052632
1 0.763240 0.346154 0.049844 0.161943
1 0.459502 0.550607 0.038941 0.125506
0 0.490654 0.639676 0.060748 0.089069
0 0.453271 0.157895 0.032710 0.101215
1 0.539720 0.645749 0.073209 0.170040
1 0.879283 0.694332 0.037383 0.105263
1 0.711059 0.236842 0.020249 0.064777
1 0.514019 0.769231 0.043614 0.109312
0 0.301402 0.475709 0.023364 0.036437
1 0.904206 0.821862 0.028037 0.064777
1 0.822430 0.670040 0.020249 0.076923
0 0.753894 0.212551 0.029595 0.097166
0 0.183801 0.625506 0.068536 0.202429
0 0.865265 0.313765 0.070093 0.190283
1 0.237539 0.704453 0.031153 0.072874
0 0.841900 0.216599 0.060748 0.182186
1 0.859813 0.910931 0.018692 0.080972
1 0.564642 0.285425 0.054517 0.153846
1 0.584891 0.939271 0.017134 0.056680
1 0.584891 0.670040 0.021807 0.076923
1 0.923676 0.336032 0.024922 0.056680
1 0.899533 0.927126 0.046729 0.117409
1 0.085670 0.285425 0.045171 0.117409
1 0.197040 0.352227 0.057632 0.121457
1 0.901090 0.325911 0.042056 0.125506
1 0.693925 0.923077 0.014019 0.052632
1 0.316199 0.801619 0.049844 0.133603
0 0.805296 0.497976 0.018692 0.076923
1 0.818536 0.568826 0.046729 0.097166
1 0.584891 0.414980 0.012461 0.028340
1 0.218069 0.417004 0.012461 0.056680
0 0.812305 0.738866 0.026480 0.101215
0 0.073988 0.639676 0.057632 0.129555
1 0.685358 0.176113 0.020249 0.076923
1 0.376947 0.785425 0.021807 0.089069
0 0.908879 0.706478 0.004673 0.012146
1 0.479751 0.801619 0.038941 0.109312
0 0.143302 0.240891 0.034268 0.089069
