1 0.700156 0.325911 0.104361 0.263158
0 0.681464 0.147773 0.021807 0.048583
0 0.678349 0.619433 0.057632 0.145749
0 0.470405 0.850202 0.026480 0.076923
0 0.189252 0.811741 0.010903 0.028340
0 0.765576 0.506073 0.127726 0.246964
0 0.507788 0.562753 0.018692 0.040486
0 0.855919 0.846154 0.035826 0.052632
1 0.565421 0.435223 0.034268 0.093117
0 0.137072 0.540486 0.021807 0.040486
0 0.136293 0.374494 0.020249 0.052632
0 0.392523 0.271255 0.065421 0.141700
1 0.741433 0.651822 0.020249 0.048583
0 0.607477 0.340081 0.015576 0.072874
0 0.353583 0.941296 0.031153 0.076923
0 0.213396 0.232794 0.020249 0.052632
0 0.922118 0.852227 0.052960 0.186235
0 0.879283 0.580972 0.032710 0.080972
0 0.882399 0.708502 0.049844 0.145749
1 0.778816 0.354251 0.031153 0.068826
1 0.306075 0.429150 0.026480 0.076923
1 0.287383 0.779352 0.026480 0.068826
0 0.081776 0.817814 0.017134 0.048583
1 0.593458 0.866397 0.054517 0.161943
1 0.644860 0.753036 0.009346 0.024291
0 0.275701 0.218623 0.038941 0.052632
0 0.873832 0.497976 0.049844 0.105263
1 0.804517 0.767206 0.007788 0.020243
1 0.204829 0.410931 0.063863 0.170040
0 0.411994 0.850202 0.059190 0.137652
1 0.642523 0.489879 0.048287 0.129555
1 0.179128 0.340081 0.032710 0.085020
0 0.314642 0.370445 0.018692 0.056680
0 0.298287 0.597166 0.048287 0.101215
1 0.912773 0.663968 0.026480 0.105263
0 0.866822 0.163968 0.010903 0.024291
1 0.531931 0.854251 0.063863 0.174089
1 0.115265 0.242915 0.024922 0.048583
1 0.561526 0.380567 0.045171 0.080972
0 0.322430 0.536437 0.051402 0.129555
1 0.182243 0.635628 0.059190 0.133603
1 0.154206 0.799595 0.042056 0.133603
