0 0.147975 0.506073 0.031153 0.048583
1 0.155763 0.728745 0.031153 0.121457
1 0.797508 0.718623 0.101246 0.230769
0 0.515576 0.400810 0.012461 0.032389
0 0.608255 0.698381 0.020249 0.056680
1 0.458723 0.190283 0.046729 0.093117
1 0.921340 0.224696 0.062305 0.141700
1 0.738318 0.858300 0.082555 0.137652
1 0.130062 0.846154 0.020249 0.044534
1 0.285047 0.301619 0.015576 0.044534
1 0.728972 0.751012 0.066978 0.125506
1 0.453271 0.378543 0.014019 0.044534
1 0.490654 0.748988 0.021807 0.052632
0 0.228193 0.623482 0.043614 0.121457
1 0.768692 0.953441 0.020249 0.060729
1 0.538162 0.356275 0.014019 0.048583
0 0.226636 0.811741 0.014019 0.032389
1 0.735981 0.307692 0.051402 0.109312
1 0.309969 0.562753 0.073209 0.174089
1 0.891745 0.834008 0.010903 0.028340
1 0.557632 0.157895 0.038941 0.076923
1 0.803738 0.890688 0.040498 0.093117
0 0.069315 0.755061 0.020249 0.068826
1 0.904206 0.712551 0.014019 0.032389
1 0.085670 0.287449 0.040498 0.153846
1 0.610592 0.417004 0.034268 0.080972
1 0.140187 0.445344 0.018692 0.072874
0 0.445483 0.457490 0.018692 0.056680
0 0.221184 0.894737 0.010903 0.032389
1 0.797508 0.360324 0.062305 0.214575
1 0.268692 0.370445 0.015576 0.052632
0 0.196262 0.483806 0.038941 0.101215
1 0.369938 0.172065 0.017134 0.048583
1 0.138629 0.639676 0.020249 0.048583
