0 0.156542 0.228745 0.073209 0.161943
0 0.376168 0.534413 0.032710 0.093117
1 0.665109 0.374494 0.006231 0.024291
1 0.639408 0.301619 0.017134 0.044534
0 0.719626 0.516194 0.032710 0.076923
1 0.317757 0.607287 0.042056 0.109312
0 0.181464 0.860324 0.032710 0.117409
0 0.089564 0.228745 0.012461 0.036437
1 0.076324 0.736842 0.034268 0.068826
0 0.429907 0.595142 0.056075 0.145749
1 0.531153 0.850202 0.076324 0.174089
0 0.623832 0.732794 0.014019 0.048583
1 0.598131 0.283401 0.054517 0.113360
0 0.760125 0.890688 0.040498 0.117409
1 0.531931 0.692308 0.015576 0.048583
0 0.119938 0.680162 0.029595 0.085020
0 0.259346 0.714575 0.007788 0.028340
0 0.818536 0.844130 0.021807 0.040486
1 0.222741 0.556680 0.028037 0.044534
0 0.588006 0.396761 0.057632 0.194332
0 0.531153 0.408907 0.009346 0.024291
1 0.886293 0.874494 0.063863 0.174089
0 0.155763 0.451417 0.012461 0.028340
0 0.243769 0.451417 0.031153 0.076923
1 0.192368 0.368421 0.035826 0.085020
1 0.570872 0.680162 0.026480 0.056680
1 0.204829 0.491903 0.049844 0.117409
1 0.681464 0.568826 0.052960 0.149798
0 0.891745 0.240891 0.028037 0.080972
0 0.419003 0.874494 0.014019 0.036437
0 0.792835 0.925101 0.035826 0.105263
1 0.926012 0.908907 0.029595 0.048583
0 0.402648 0.267206 0.046729 0.149798
1 0.782710 0.287449 0.032710 0.076923
0 0.361371 0.483806 0.015576 0.040486
1 0.786604 0.170040 0.028037 0.080972
1 0.866822 0.348178 0.070093 0.170040
1 0.285047 0.423077 0.060748 0.186235
0 0.799065 0.504049 0.054517 0.085020
1 0.118380 0.589069 0.015576 0.048583
1 0.688474 0.301619 0.042056 0.133603
1 0.352804 0.279352 0.057632 0.174089
0 0.070093 0.153846 0.034268 0.105263
0 0.757009 0.775304 0.023364 0.093117
1 0.707944 0.287449 0.043614 0.129555
0 0.360592 0.744939 0.035826 0.105263
1 0.345016 0.382591 0.017134 0.048583
1 0.773364 0.372470 0.023364 0.056680
1 0.552181 0.781377 0.059190 0.141700
0 0.832555 0.641700 0.037383 0.080972
1 0.278816 0.609312 0.028037 0.068826
1 0.641745 0.684211 0.007788 0.024291
