1 0.921340 0.615385 0.065421 0.117409
1 0.926012 0.431174 0.023364 0.056680
1 0.661215 0.668016 0.037383 0.089069
1 0.503894 0.682186 0.026480 0.113360
0 0.086449 0.275304 0.010903 0.032389
0 0.936916 0.372470 0.014019 0.056680
0 0.342679 0.153846 0.034268 0.056680
1 0.829439 0.902834 0.010903 0.028340
1 0.159657 0.714575 0.085670 0.206478
0 0.920561 0.761134 0.034268 0.117409
0 0.429907 0.528340 0.026480 0.117409
0 0.774922 0.882591 0.010903 0.032389
1 0.477414 0.356275 0.028037 0.052632
0 0.922118 0.951417 0.006231 0.016194
0 0.104361 0.653846 0.043614 0.080972
1 0.464953 0.834008 0.020249 0.068826
1 0.707944 0.447368 0.054517 0.097166
1 0.517913 0.190283 0.038941 0.113360
0 0.233645 0.342105 0.029595 0.101215
1 0.081776 0.803644 0.040498 0.121457
0 0.947040 0.698381 0.020249 0.056680
1 0.367601 0.198381 0.048287 0.117409
0 0.204050 0.777328 0.024922 0.048583
1 0.237539 0.686235 0.042056 0.117409
0 0.869159 0.870445 0.028037 0.072874
0 0.617601 0.722672 0.043614 0.117409
1 0.926791 0.514170 0.032710 0.068826
1 0.736760 0.649798 0.009346 0.016194
1 0.540498 0.534413 0.035826 0.072874
0 0.252336 0.481781 0.049844 0.121457
1 0.605140 0.504049 0.023364 0.044534
0 0.311526 0.742915 0.038941 0.109312
