1 0.595016 0.605263 0.034268 0.101215
0 0.200156 0.718623 0.023364 0.064777
0 0.611371 0.595142 0.018692 0.036437
0 0.165109 0.720648 0.029595 0.040486
0 0.419003 0.858300 0.023364 0.060729
1 0.937695 0.919028 0.010903 0.056680
1 0.805296 0.787449 0.062305 0.174089
1 0.485202 0.419028 0.020249 0.060729
1 0.295171 0.378543 0.017134 0.064777
0 0.782710 0.657895 0.037383 0.097166
1 0.040498 0.291498 0.009346 0.024291
1 0.707944 0.874494 0.023364 0.089069
0 0.843458 0.722672 0.038941 0.113360
0 0.538162 0.564777 0.068536 0.242915
1 0.756231 0.866397 0.068536 0.214575
1 0.123832 0.568826 0.101246 0.279352
1 0.467290 0.736842 0.018692 0.048583
1 0.509346 0.388664 0.017134 0.044534
0 0.903427 0.230769 0.070093 0.198381
1 0.118380 0.194332 0.077882 0.178138
1 0.418224 0.736842 0.006231 0.028340
1 0.615265 0.518219 0.063863 0.129555
0 0.227414 0.929150 0.006231 0.020243
0 0.278816 0.165992 0.021807 0.064777
0 0.172118 0.821862 0.070093 0.198381
1 0.721963 0.165992 0.018692 0.040486
1 0.590343 0.722672 0.101246 0.206478
1 0.412773 0.412955 0.020249 0.036437
1 0.614486 0.125506 0.010903 0.016194
1 0.168224 0.352227 0.026480 0.113360
1 0.697819 0.609312 0.046729 0.149798
1 0.461838 0.534413 0.026480 0.060729
0 0.229751 0.200405 0.020249 0.052632
0 0.355919 0.398785 0.020249 0.040486
