1 0.683022 0.305668 0.017134 0.028340
1 0.868380 0.315789 0.026480 0.064777
0 0.936916 0.257085 0.026480 0.068826
1 0.212617 0.615385 0.051402 0.137652
1 0.424455 0.720648 0.049844 0.178138
1 0.201713 0.246964 0.077882 0.238866
1 0.427570 0.431174 0.023364 0.048583
1 0.165109 0.672065 0.024922 0.072874
0 0.140966 0.439271 0.021807 0.060729
1 0.559190 0.623482 0.034268 0.060729
0 0.313863 0.866397 0.021807 0.068826
0 0.559190 0.410931 0.051402 0.145749
1 0.857477 0.536437 0.032710 0.097166
0 0.613707 0.267206 0.057632 0.141700
0 0.425234 0.548583 0.051402 0.105263
0 0.610592 0.506073 0.024922 0.089069
0 0.693925 0.763158 0.074766 0.165992
1 0.324766 0.783401 0.032710 0.089069
0 0.432243 0.168016 0.029595 0.072874
1 0.260125 0.188259 0.043614 0.064777
1 0.884735 0.910931 0.017134 0.040486
0 0.505452 0.864372 0.049844 0.101215
1 0.820872 0.368421 0.021807 0.048583
1 0.884735 0.736842 0.049844 0.157895
0 0.482087 0.631579 0.010903 0.016194
0 0.700156 0.874494 0.056075 0.153846
1 0.135514 0.259109 0.015576 0.036437
0 0.604361 0.947368 0.018692 0.072874
0 0.359813 0.613360 0.056075 0.145749
1 0.309969 0.534413 0.004673 0.012146
0 0.772586 0.232794 0.017134 0.048583
0 0.813084 0.449393 0.012461 0.032389
1 0.049065 0.734818 0.017134 0.052632
0 0.651090 0.609312 0.028037 0.089069
0 0.813863 0.661943 0.012461 0.024291
1 0.268692 0.107287 0.009346 0.024291
0 0.750779 0.580972 0.021807 0.056680
1 0.475857 0.301619 0.040498 0.072874
0 0.811526 0.360324 0.017134 0.052632
1 0.191589 0.702429 0.031153 0.089069
1 0.287383 0.265182 0.024922 0.072874
0 0.359034 0.313765 0.014019 0.028340
1 0.503894 0.491903 0.060748 0.153846
1 0.235202 0.465587 0.015576 0.040486
1 0.686916 0.619433 0.057632 0.137652
1 0.141745 0.607287 0.032710 0.093117
1 0.116044 0.408907 0.018692 0.052632
1 0.432243 0.844130 0.038941 0.080972
0 0.812305 0.528340 0.046729 0.093117
1 0.327882 0.412955 0.017134 0.052632
0 0.149533 0.805668 0.043614 0.109312
0 0.895639 0.212551 0.009346 0.020243
