1 0.916667 0.603239 0.020249 0.085020
1 0.636293 0.542510 0.026480 0.064777
1 0.802181 0.763158 0.045171 0.117409
0 0.107477 0.554656 0.010903 0.032389
1 0.590343 0.771255 0.031153 0.093117
0 0.339564 0.842105 0.040498 0.109312
1 0.370717 0.123482 0.018692 0.048583
0 0.648754 0.763158 0.010903 0.024291
0 0.792056 0.392713 0.054517 0.137652
0 0.520249 0.398785 0.062305 0.101215
0 0.121495 0.255061 0.024922 0.064777
1 0.165888 0.319838 0.034268 0.093117
1 0.362150 0.864372 0.031153 0.056680
1 0.191589 0.779352 0.054517 0.161943
1 0.792835 0.625506 0.018692 0.080972
0 0.049065 0.813765 0.026480 0.060729
0 0.847352 0.775304 0.006231 0.020243
1 0.360592 0.253036 0.084112 0.170040
0 0.115265 0.931174 0.024922 0.089069
0 0.882399 0.317814 0.014019 0.044534
1 0.808411 0.196356 0.026480 0.052632
1 0.235202 0.491903 0.024922 0.101215
0 0.896417 0.864372 0.017134 0.032389
1 0.549844 0.398785 0.031153 0.097166
1 0.404206 0.271255 0.032710 0.101215
0 0.136293 0.676113 0.060748 0.089069
1 0.316978 0.514170 0.082555 0.165992
1 0.922118 0.910931 0.021807 0.048583
0 0.109813 0.809717 0.021807 0.040486
1 0.219626 0.850202 0.045171 0.113360
0 0.450156 0.655870 0.028037 0.076923
1 0.752336 0.852227 0.071651 0.190283
1 0.100467 0.489879 0.035826 0.093117
1 0.746106 0.372470 0.052960 0.149798
1 0.914330 0.659919 0.021807 0.056680
1 0.918224 0.246964 0.038941 0.089069
0 0.636293 0.362348 0.014019 0.060729
0 0.505452 0.311741 0.032710 0.109312
1 0.612150 0.372470 0.015576 0.052632
1 0.917445 0.514170 0.020249 0.048583
1 0.826324 0.864372 0.046729 0.113360
