1 0.817757 0.738866 0.042056 0.080972
1 0.820872 0.489879 0.032710 0.064777
1 0.844237 0.321862 0.082555 0.210526
0 0.296729 0.495951 0.007788 0.020243
0 0.515576 0.467611 0.024922 0.064777
1 0.700156 0.941296 0.028037 0.085020
1 0.216511 0.676113 0.026480 0.048583
1 0.605140 0.427126 0.043614 0.085020
1 0.753115 0.362348 0.063863 0.089069
1 0.450156 0.512146 0.015576 0.040486
0 0.314642 0.396761 0.034268 0.089069
1 0.490654 0.538462 0.057632 0.093117
1 0.254673 0.453441 0.018692 0.072874
1 0.721963 0.329960 0.014019 0.036437
1 0.660436 0.370445 0.034268 0.093117
1 0.736760 0.228745 0.043614 0.129555
1 0.647975 0.281377 0.023364 0.072874
1 0.364486 0.299595 0.026480 0.072874
1 0.109034 0.927126 0.024922 0.101215
1 0.633956 0.133603 0.012461 0.024291
1 0.588006 0.797571 0.034268 0.080972
1 0.301402 0.797571 0.062305 0.165992
0 0.563084 0.605263 0.012461 0.044534
1 0.260125 0.694332 0.026480 0.076923
1 0.311526 0.210526 0.046729 0.101215
1 0.618380 0.860324 0.015576 0.044534
1 0.084112 0.676113 0.051402 0.161943
1 0.291277 0.423077 0.018692 0.089069
1 0.904984 0.149798 0.031153 0.093117
0 0.208723 0.414980 0.034268 0.145749
0 0.813084 0.817814 0.043614 0.137652
1 0.471963 0.730769 0.051402 0.133603
1 0.883178 0.479757 0.088785 0.186235
1 0.068536 0.757085 0.043614 0.121457
0 0.916667 0.882591 0.010903 0.024291
0 0.202492 0.597166 0.059190 0.145749
1 0.327103 0.925101 0.031153 0.085020
1 0.439252 0.554656 0.018692 0.052632
0 0.080997 0.321862 0.024922 0.056680
0 0.582555 0.439271 0.034268 0.125506
1 0.289720 0.265182 0.052960 0.133603
0 0.835670 0.457490 0.040498 0.076923
0 0.123832 0.603239 0.034268 0.113360
1 0.186916 0.888664 0.051402 0.145749
0 0.535047 0.362348 0.010903 0.024291
1 0.796729 0.135628 0.014019 0.036437
0 0.139408 0.303644 0.007788 0.020243
0 0.090343 0.366397 0.012461 0.044534
1 0.415888 0.502024 0.045171 0.133603
