1 0.683022 0.880567 0.026480 0.068826
0 0.539720 0.198381 0.017134 0.060729
1 0.302181 0.641700 0.034268 0.109312
1 0.115265 0.862348 0.060748 0.186235
0 0.176012 0.568826 0.034268 0.117409
0 0.478193 0.208502 0.049844 0.137652
1 0.695483 0.208502 0.007788 0.020243
1 0.125389 0.386640 0.060748 0.129555
1 0.329439 0.433198 0.035826 0.089069
0 0.713396 0.520243 0.031153 0.076923
1 0.796729 0.755061 0.048287 0.141700
0 0.404206 0.912955 0.010903 0.036437
1 0.341900 0.384615 0.059190 0.097166
0 0.128505 0.690283 0.004673 0.016194
0 0.130841 0.220648 0.057632 0.137652
1 0.276480 0.900810 0.038941 0.165992
0 0.707165 0.708502 0.023364 0.044534
0 0.921340 0.773279 0.024922 0.048583
1 0.530374 0.801619 0.014019 0.028340
0 0.213396 0.714575 0.065421 0.105263
1 0.361371 0.702429 0.018692 0.036437
0 0.633956 0.722672 0.028037 0.048583
0 0.401090 0.748988 0.038941 0.113360
1 0.201713 0.447368 0.034268 0.097166
0 0.629283 0.277328 0.043614 0.105263
1 0.684579 0.591093 0.059190 0.178138
1 0.829439 0.674089 0.048287 0.060729
1 0.227414 0.319838 0.026480 0.072874
1 0.525701 0.803644 0.010903 0.036437
1 0.325545 0.253036 0.029595 0.052632
1 0.875389 0.275304 0.045171 0.125506
0 0.478193 0.137652 0.035826 0.089069
0 0.733645 0.253036 0.017134 0.036437
1 0.304517 0.097166 0.007788 0.016194
0 0.316199 0.210526 0.009346 0.024291
0 0.229751 0.281377 0.015576 0.048583
1 0.346573 0.481781 0.028037 0.080972
0 0.307632 0.902834 0.012461 0.032389
1 0.859813 0.868421 0.052960 0.161943
1 0.263240 0.524291 0.040498 0.097166
0 0.049065 0.896761 0.012461 0.040486
1 0.190810 0.303644 0.051402 0.121457
0 0.813863 0.309717 0.048287 0.174089
