0 0.528816 0.358300 0.026480 0.044534
1 0.678349 0.884615 0.026480 0.052632
1 0.774143 0.404858 0.046729 0.141700
0 0.308411 0.475709 0.062305 0.170040
0 0.823209 0.246964 0.009346 0.040486
0 0.254673 0.595142 0.015576 0.044534
1 0.616822 0.514170 0.015576 0.060729
1 0.788941 0.206478 0.023364 0.072874
1 0.922897 0.682186 0.054517 0.186235
1 0.426791 0.716599 0.028037 0.064777
1 0.318536 0.971660 0.014019 0.024291
0 0.651869 0.803644 0.035826 0.105263
1 0.781931 0.850202 0.017134 0.048583
0 0.383956 0.297571 0.029595 0.097166
1 0.288941 0.805668 0.021807 0.044534
0 0.721963 0.348178 0.010903 0.028340
1 0.356698 0.471660 0.042056 0.137652
0 0.121495 0.680162 0.046729 0.129555
1 0.053738 0.510121 0.020249 0.064777
0 0.168224 0.554656 0.020249 0.085020
0 0.189252 0.898785 0.056075 0.097166
0 0.488318 0.502024 0.028037 0.076923
1 0.714174 0.674089 0.038941 0.105263
1 0.878505 0.623482 0.017134 0.048583
1 0.150312 0.653846 0.054517 0.117409
0 0.543614 0.552632 0.101246 0.299595
1 0.400312 0.259109 0.048287 0.093117
0 0.810748 0.908907 0.020249 0.040486
1 0.682243 0.380567 0.021807 0.048583
1 0.329439 0.785425 0.018692 0.040486
1 0.815421 0.380567 0.051402 0.105263
1 0.700156 0.607287 0.018692 0.056680
0 0.334112 0.178138 0.060748 0.153846
1 0.454829 0.585020 0.017134 0.036437
1 0.149533 0.216599 0.059190 0.178138
0 0.137850 0.914980 0.010903 0.024291
1 0.535826 0.775304 0.028037 0.093117
0 0.410436 0.746964 0.023364 0.056680
0 0.628505 0.463563 0.032710 0.105263
1 0.626947 0.180162 0.020249 0.048583
1 0.894081 0.301619 0.051402 0.170040
1 0.633956 0.854251 0.045171 0.072874
1 0.455607 0.483806 0.010903 0.036437
1 0.643302 0.382591 0.009346 0.020243
1 0.675234 0.259109 0.051402 0.238866
1 0.828660 0.834008 0.026480 0.093117
0 0.564642 0.271255 0.051402 0.238866
0 0.371495 0.344130 0.023364 0.068826
0 0.671340 0.560729 0.051402 0.170040
1 0.422897 0.147773 0.029595 0.076923
0 0.890187 0.862348 0.007788 0.024291
1 0.246885 0.327935 0.043614 0.194332
0 0.589564 0.220648 0.007788 0.020243
0 0.094237 0.898785 0.021807 0.040486
0 0.268692 0.220648 0.010903 0.028340
1 0.370717 0.923077 0.009346 0.016194
0 0.387850 0.676113 0.009346 0.040486
1 0.328660 0.611336 0.012461 0.032389
