0 0.411994 0.522267 0.007788 0.024291
1 0.062305 0.852227 0.029595 0.093117
1 0.496106 0.831984 0.088785 0.174089
1 0.276480 0.639676 0.017134 0.040486
1 0.881620 0.275304 0.035826 0.068826
1 0.452492 0.917004 0.032710 0.089069
0 0.098910 0.860324 0.024922 0.089069
0 0.519470 0.585020 0.035826 0.105263
1 0.615265 0.348178 0.043614 0.129555
1 0.116044 0.593117 0.017134 0.052632
1 0.277259 0.429150 0.009346 0.024291
1 0.669003 0.755061 0.037383 0.141700
0 0.806854 0.141700 0.018692 0.056680
0 0.383178 0.574899 0.052960 0.121457
1 0.487539 0.133603 0.024922 0.056680
1 0.399533 0.336032 0.023364 0.064777
1 0.826324 0.487854 0.020249 0.048583
1 0.141745 0.542510 0.040498 0.109312
1 0.750000 0.714575 0.026480 0.068826
1 0.591121 0.872470 0.007788 0.020243
1 0.601246 0.597166 0.020249 0.093117
1 0.920561 0.595142 0.060748 0.149798
1 0.627726 0.927126 0.032710 0.080972
1 0.836449 0.817814 0.049844 0.153846
0 0.574766 0.641700 0.032710 0.093117
1 0.831776 0.910931 0.029595 0.089069
1 0.386293 0.714575 0.018692 0.040486
1 0.165109 0.455466 0.021807 0.085020
0 0.165888 0.352227 0.031153 0.072874
0 0.511682 0.657895 0.032710 0.080972
1 0.295171 0.686235 0.034268 0.060729
1 0.418224 0.528340 0.010903 0.028340
1 0.426012 0.153846 0.028037 0.068826
0 0.272586 0.309717 0.021807 0.044534
0 0.735202 0.799595 0.023364 0.056680
0 0.812305 0.457490 0.017134 0.044534
1 0.737539 0.684211 0.028037 0.060729
1 0.641745 0.317814 0.018692 0.036437
0 0.401090 0.933198 0.026480 0.064777
0 0.555296 0.283401 0.020249 0.056680
1 0.190810 0.894737 0.017134 0.040486
1 0.190031 0.441296 0.035826 0.072874
0 0.632399 0.500000 0.063863 0.210526
1 0.767134 0.263158 0.014019 0.048583
1 0.435358 0.099190 0.004673 0.016194
1 0.703271 0.307692 0.010903 0.024291
0 0.874611 0.840081 0.026480 0.072874
1 0.804517 0.580972 0.042056 0.129555
1 0.779595 0.176113 0.026480 0.072874
