1 0.661994 0.921053 0.026480 0.068826
1 0.393302 0.840081 0.028037 0.080972
1 0.087227 0.716599 0.012461 0.032389
1 0.184579 0.218623 0.012461 0.056680
1 0.916667 0.744939 0.052960 0.105263
0 0.767913 0.491903 0.048287 0.085020
1 0.077103 0.933198 0.014019 0.036437
1 0.902648 0.510121 0.021807 0.064777
1 0.788941 0.576923 0.046729 0.125506
0 0.429907 0.827935 0.038941 0.093117
1 0.530374 0.793522 0.026480 0.060729
0 0.403427 0.639676 0.084112 0.218623
1 0.778037 0.846154 0.035826 0.072874
0 0.111371 0.870445 0.015576 0.032389
1 0.668224 0.678138 0.015576 0.044534
1 0.787383 0.704453 0.051402 0.161943
0 0.498442 0.726721 0.024922 0.060729
1 0.656542 0.585020 0.048287 0.121457
1 0.396417 0.390688 0.051402 0.246964
1 0.186137 0.157895 0.026480 0.068826
0 0.879283 0.872470 0.023364 0.060729
1 0.327882 0.797571 0.054517 0.157895
0 0.211059 0.445344 0.010903 0.028340
1 0.418224 0.255061 0.015576 0.040486
1 0.284268 0.880567 0.021807 0.064777
0 0.729751 0.771255 0.054517 0.121457
1 0.301402 0.368421 0.066978 0.190283
0 0.461838 0.734818 0.023364 0.068826
1 0.177570 0.380567 0.042056 0.101215
0 0.169782 0.429150 0.023364 0.064777
0 0.799065 0.188259 0.051402 0.121457
1 0.207944 0.779352 0.048287 0.109312
1 0.512461 0.283401 0.021807 0.068826
0 0.638629 0.540486 0.032710 0.121457
