1 0.690031 0.431174 0.032710 0.113360
1 0.153427 0.168016 0.052960 0.141700
1 0.662773 0.277328 0.079439 0.246964
0 0.388629 0.263158 0.043614 0.178138
0 0.528037 0.585020 0.024922 0.121457
0 0.468847 0.471660 0.031153 0.056680
1 0.323209 0.589069 0.017134 0.028340
1 0.537383 0.253036 0.009346 0.024291
1 0.271028 0.317814 0.034268 0.085020
1 0.569315 0.198381 0.026480 0.064777
0 0.444704 0.218623 0.052960 0.129555
1 0.567757 0.329960 0.037383 0.125506
1 0.809969 0.364372 0.073209 0.113360
0 0.313863 0.704453 0.021807 0.056680
0 0.937695 0.896761 0.007788 0.020243
1 0.331776 0.479757 0.017134 0.028340
0 0.687695 0.145749 0.020249 0.064777
0 0.786604 0.886640 0.014019 0.056680
1 0.941589 0.659919 0.014019 0.028340
0 0.644081 0.599190 0.045171 0.125506
1 0.107477 0.595142 0.042056 0.105263
0 0.215732 0.342105 0.046729 0.190283
1 0.108255 0.880567 0.023364 0.052632
1 0.550623 0.740891 0.015576 0.040486
0 0.192368 0.168016 0.020249 0.064777
0 0.551402 0.908907 0.034268 0.072874
0 0.715732 0.949393 0.028037 0.060729
1 0.827882 0.914980 0.045171 0.113360
0 0.123053 0.297571 0.060748 0.161943
1 0.796729 0.751012 0.017134 0.044534
0 0.356698 0.572874 0.024922 0.068826
0 0.335670 0.368421 0.021807 0.060729
1 0.832555 0.712551 0.046729 0.097166
0 0.870717 0.149798 0.009346 0.024291
1 0.728972 0.657895 0.029595 0.048583
1 0.204829 0.637652 0.029595 0.060729
0 0.305296 0.894737 0.018692 0.044534
1 0.729751 0.589069 0.057632 0.133603
0 0.630062 0.303644 0.066978 0.246964
1 0.265576 0.459514 0.032710 0.080972
1 0.556854 0.443320 0.068536 0.182186
1 0.887850 0.805668 0.018692 0.056680
0 0.726636 0.807692 0.021807 0.064777
1 0.295950 0.540486 0.031153 0.080972
1 0.443925 0.621457 0.102804 0.190283
0 0.848910 0.771255 0.049844 0.145749
1 0.485981 0.823887 0.012461 0.052632
0 0.904984 0.295547 0.057632 0.141700
0 0.382399 0.485830 0.018692 0.052632
1 0.413551 0.305668 0.021807 0.097166
