1 0.703271 0.228745 0.014019 0.060729
1 0.796729 0.240891 0.012461 0.036437
0 0.112150 0.785425 0.101246 0.271255
1 0.131620 0.242915 0.015576 0.052632
1 0.816978 0.317814 0.040498 0.097166
1 0.185358 0.852227 0.012461 0.032389
1 0.751558 0.321862 0.021807 0.052632
0 0.355919 0.307692 0.028037 0.056680
0 0.425234 0.216599 0.043614 0.157895
1 0.888629 0.580972 0.065421 0.206478
1 0.838785 0.232794 0.029595 0.060729
1 0.740654 0.955466 0.020249 0.072874
0 0.637850 0.378543 0.038941 0.097166
0 0.899533 0.686235 0.076324 0.149798
1 0.284268 0.783401 0.012461 0.040486
1 0.622274 0.751012 0.040498 0.101215
0 0.175234 0.759109 0.012461 0.020243
1 0.056075 0.489879 0.021807 0.068826
0 0.218847 0.340081 0.056075 0.206478
1 0.531153 0.904858 0.038941 0.129555
1 0.158100 0.605263 0.014019 0.032389
1 0.867601 0.338057 0.042056 0.089069
1 0.515576 0.718623 0.043614 0.141700
1 0.578660 0.168016 0.026480 0.068826
0 0.835670 0.613360 0.040498 0.089069
1 0.476636 0.542510 0.056075 0.153846
1 0.781931 0.890688 0.046729 0.161943
1 0.460280 0.311741 0.018692 0.064777
1 0.674455 0.668016 0.035826 0.121457
1 0.829439 0.562753 0.010903 0.048583
1 0.364486 0.196356 0.029595 0.048583
1 0.388629 0.548583 0.051402 0.101215
