1 0.369159 0.208502 0.031153 0.068826
1 0.339564 0.714575 0.009346 0.028340
0 0.524922 0.331984 0.021807 0.052632
0 0.168224 0.578947 0.040498 0.093117
0 0.929128 0.309717 0.020249 0.052632
1 0.890966 0.619433 0.021807 0.040486
0 0.671340 0.753036 0.049844 0.129555
1 0.927570 0.919028 0.012461 0.056680
1 0.473520 0.682186 0.028037 0.093117
0 0.230530 0.402834 0.052960 0.137652
1 0.372274 0.297571 0.031153 0.040486
1 0.288941 0.520243 0.014019 0.036437
0 0.340343 0.813765 0.021807 0.048583
1 0.920561 0.398785 0.026480 0.080972
1 0.278816 0.668016 0.040498 0.113360
1 0.306075 0.350202 0.073209 0.234818
0 0.900312 0.406883 0.021807 0.036437
1 0.358255 0.708502 0.026480 0.085020
0 0.601246 0.844130 0.052960 0.133603
1 0.133956 0.348178 0.010903 0.032389
1 0.845794 0.408907 0.028037 0.068826
1 0.308411 0.730769 0.020249 0.052632
0 0.667445 0.850202 0.026480 0.072874
1 0.573988 0.554656 0.056075 0.133603
1 0.250779 0.876518 0.035826 0.101215
0 0.156542 0.831984 0.035826 0.056680
1 0.488318 0.295547 0.009346 0.024291
1 0.110592 0.542510 0.057632 0.161943
0 0.084891 0.439271 0.015576 0.044534
0 0.759346 0.759109 0.020249 0.052632
0 0.515576 0.714575 0.032710 0.085020
1 0.793614 0.894737 0.010903 0.024291
1 0.369938 0.465587 0.031153 0.072874
