0 0.911215 0.919028 0.009346 0.028340
1 0.826324 0.279352 0.056075 0.170040
1 0.910436 0.287449 0.028037 0.060729
1 0.311526 0.732794 0.032710 0.076923
0 0.333333 0.522267 0.029595 0.080972
1 0.937695 0.289474 0.045171 0.097166
1 0.632399 0.200405 0.031153 0.089069
0 0.877726 0.548583 0.012461 0.028340
1 0.044393 0.109312 0.012461 0.028340
1 0.885514 0.336032 0.045171 0.076923
1 0.152648 0.520243 0.029595 0.076923
0 0.158879 0.319838 0.015576 0.048583
0 0.206386 0.694332 0.010903 0.024291
0 0.355919 0.949393 0.014019 0.052632
1 0.436137 0.971660 0.009346 0.020243
0 0.693146 0.226721 0.021807 0.056680
1 0.102804 0.165992 0.017134 0.048583
0 0.866822 0.111336 0.015576 0.028340
1 0.540498 0.366397 0.028037 0.064777
1 0.702492 0.876518 0.018692 0.064777
1 0.876947 0.396761 0.014019 0.036437
0 0.278816 0.315789 0.042056 0.214575
0 0.509346 0.552632 0.012461 0.020243
1 0.601246 0.433198 0.017134 0.068826
1 0.335670 0.172065 0.048287 0.157895
1 0.901869 0.188259 0.034268 0.068826
1 0.607477 0.627530 0.034268 0.105263
0 0.507788 0.163968 0.040498 0.056680
1 0.813863 0.712551 0.009346 0.032389
0 0.914330 0.532389 0.040498 0.117409
0 0.820093 0.461538 0.014019 0.036437
0 0.387850 0.732794 0.009346 0.028340
0 0.102804 0.860324 0.015576 0.040486
1 0.502336 0.435223 0.032710 0.097166
1 0.789720 0.789474 0.056075 0.133603
1 0.160436 0.263158 0.029595 0.121457
1 0.771028 0.842105 0.062305 0.190283
1 0.845016 0.629555 0.031153 0.121457
1 0.714953 0.414980 0.042056 0.137652
0 0.193146 0.145749 0.009346 0.024291
0 0.266355 0.876518 0.007788 0.028340
