1 0.128505 0.730769 0.007788 0.020243
0 0.383178 0.852227 0.071651 0.157895
1 0.799844 0.285425 0.021807 0.076923
1 0.316199 0.216599 0.062305 0.141700
1 0.778037 0.350202 0.015576 0.060729
0 0.421340 0.645749 0.031153 0.093117
0 0.793614 0.757085 0.017134 0.052632
1 0.066199 0.172065 0.037383 0.097166
1 0.298287 0.914980 0.035826 0.109312
1 0.145639 0.773279 0.021807 0.064777
1 0.912773 0.269231 0.015576 0.044534
0 0.704050 0.560729 0.133956 0.283401
0 0.946262 0.516194 0.023364 0.056680
0 0.800623 0.568826 0.026480 0.056680
1 0.157321 0.813765 0.012461 0.028340
1 0.725857 0.204453 0.048287 0.109312
0 0.663551 0.803644 0.037383 0.080972
1 0.431464 0.155870 0.026480 0.072874
1 0.859813 0.811741 0.014019 0.044534
1 0.390966 0.641700 0.046729 0.141700
1 0.904984 0.293522 0.023364 0.044534
1 0.828660 0.560729 0.006231 0.028340
1 0.692368 0.182186 0.043614 0.129555
1 0.543614 0.846154 0.068536 0.182186
1 0.845016 0.815789 0.018692 0.040486
0 0.596573 0.408907 0.024922 0.085020
0 0.368380 0.730769 0.020249 0.048583
0 0.588785 0.232794 0.032710 0.093117
1 0.253894 0.698381 0.028037 0.089069
1 0.352804 0.657895 0.017134 0.036437
1 0.387072 0.348178 0.009346 0.024291
1 0.407321 0.524291 0.060748 0.165992
0 0.726636 0.977733 0.006231 0.020243
0 0.483645 0.708502 0.032710 0.064777
1 0.080218 0.582996 0.023364 0.060729
0 0.563863 0.751012 0.035826 0.161943
1 0.062305 0.959514 0.007788 0.016194
0 0.646417 0.208502 0.009346 0.032389
1 0.853583 0.728745 0.012461 0.036437
0 0.890966 0.815789 0.018692 0.085020
0 0.221963 0.805668 0.073209 0.129555
0 0.495327 0.882591 0.012461 0.032389
1 0.531153 0.574899 0.020249 0.093117
1 0.154206 0.461538 0.029595 0.093117
0 0.686916 0.246964 0.052960 0.105263
