1 0.652648 0.386640 0.014019 0.040486
1 0.429907 0.119433 0.014019 0.052632
0 0.866044 0.566802 0.021807 0.056680
0 0.852804 0.757085 0.051402 0.133603
0 0.407321 0.605263 0.101246 0.198381
1 0.426791 0.773279 0.038941 0.076923
1 0.304517 0.866397 0.043614 0.117409
1 0.116822 0.751012 0.031153 0.064777
1 0.706386 0.457490 0.024922 0.072874
0 0.820872 0.253036 0.029595 0.072874
1 0.415109 0.208502 0.026480 0.076923
0 0.113707 0.599190 0.009346 0.016194
1 0.563084 0.755061 0.084112 0.202429
1 0.307632 0.336032 0.032710 0.137652
1 0.913551 0.528340 0.007788 0.028340
1 0.531153 0.890688 0.045171 0.109312
0 0.764019 0.783401 0.015576 0.072874
0 0.150312 0.192308 0.034268 0.076923
1 0.373832 0.242915 0.018692 0.056680
0 0.260903 0.303644 0.029595 0.109312
1 0.781153 0.145749 0.035826 0.076923
1 0.590343 0.131579 0.024922 0.052632
1 0.627726 0.769231 0.031153 0.089069
0 0.267913 0.813765 0.043614 0.234818
1 0.376168 0.423077 0.023364 0.052632
1 0.057632 0.321862 0.014019 0.036437
1 0.538941 0.161943 0.043614 0.125506
0 0.232087 0.165992 0.018692 0.064777
1 0.734424 0.329960 0.066978 0.161943
1 0.257788 0.607287 0.068536 0.190283
1 0.223520 0.921053 0.032710 0.068826
1 0.487539 0.222672 0.031153 0.105263
0 0.548287 0.414980 0.048287 0.109312
1 0.454050 0.386640 0.080997 0.170040
0 0.842679 0.279352 0.024922 0.052632
1 0.582555 0.178138 0.031153 0.080972
0 0.539720 0.289474 0.023364 0.064777
1 0.267913 0.706478 0.038941 0.089069
1 0.628505 0.153846 0.021807 0.064777
1 0.704829 0.860324 0.017134 0.028340
0 0.394860 0.969636 0.007788 0.028340
0 0.461059 0.744939 0.038941 0.093117
1 0.648754 0.257085 0.057632 0.121457
0 0.321651 0.621457 0.032710 0.093117
0 0.397196 0.186235 0.007788 0.024291
0 0.684579 0.514170 0.018692 0.040486
1 0.804517 0.653846 0.060748 0.097166
0 0.376947 0.923077 0.017134 0.032389
0 0.235981 0.253036 0.052960 0.145749
1 0.355919 0.807692 0.012461 0.048583
0 0.485202 0.789474 0.046729 0.125506
1 0.586449 0.259109 0.062305 0.093117
0 0.857477 0.935223 0.018692 0.064777
1 0.882399 0.591093 0.024922 0.064777
1 0.746885 0.799595 0.012461 0.036437
