0 0.782710 0.192308 0.015576 0.052632
1 0.864486 0.291498 0.021807 0.080972
1 0.827882 0.576923 0.046729 0.145749
0 0.686137 0.210526 0.021807 0.064777
1 0.924455 0.631579 0.026480 0.052632
1 0.200156 0.611336 0.010903 0.032389
1 0.257009 0.771255 0.026480 0.044534
1 0.326324 0.384615 0.028037 0.068826
1 0.906542 0.269231 0.015576 0.056680
1 0.717290 0.777328 0.009346 0.032389
1 0.517913 0.431174 0.026480 0.072874
0 0.765576 0.661943 0.015576 0.040486
1 0.472741 0.155870 0.035826 0.089069
0 0.737539 0.433198 0.049844 0.182186
0 0.149533 0.467611 0.063863 0.117409
0 0.879283 0.827935 0.023364 0.060729
0 0.782710 0.722672 0.038941 0.080972
1 0.652648 0.459514 0.048287 0.089069
0 0.742212 0.880567 0.038941 0.097166
0 0.457944 0.789474 0.024922 0.064777
1 0.571651 0.777328 0.026480 0.056680
1 0.589564 0.637652 0.042056 0.153846
0 0.602804 0.848178 0.020249 0.052632
1 0.379283 0.196356 0.026480 0.072874
1 0.165888 0.271255 0.026480 0.080972
1 0.052960 0.451417 0.012461 0.044534
0 0.792056 0.670040 0.032710 0.076923
0 0.915109 0.218623 0.028037 0.072874
0 0.103583 0.402834 0.029595 0.068826
1 0.660436 0.795547 0.017134 0.052632
0 0.276480 0.933198 0.042056 0.093117
1 0.179907 0.661943 0.014019 0.028340
1 0.297508 0.621457 0.026480 0.080972
0 0.623832 0.346154 0.032710 0.076923
1 0.693146 0.923077 0.024922 0.048583
1 0.387072 0.627530 0.035826 0.105263
0 0.247664 0.352227 0.020249 0.060729
1 0.440810 0.257085 0.070093 0.117409
0 0.926791 0.728745 0.020249 0.044534
0 0.672118 0.342105 0.024922 0.060729
1 0.322430 0.842105 0.049844 0.117409
0 0.078660 0.157895 0.046729 0.093117
0 0.542056 0.157895 0.023364 0.056680
1 0.328660 0.338057 0.032710 0.072874
1 0.563863 0.198381 0.026480 0.072874
0 0.334112 0.427126 0.032710 0.085020
1 0.204050 0.866397 0.014019 0.040486
1 0.248442 0.289474 0.038941 0.085020
1 0.891745 0.627530 0.015576 0.056680
1 0.922897 0.441296 0.018692 0.040486
1 0.587227 0.311741 0.071651 0.226721
1 0.200935 0.504049 0.042056 0.109312
1 0.295950 0.297571 0.062305 0.117409
