1 0.299844 0.184211 0.018692 0.044534
1 0.513240 0.949393 0.017134 0.052632
0 0.753894 0.408907 0.020249 0.068826
1 0.749221 0.813765 0.021807 0.060729
1 0.464174 0.643725 0.009346 0.024291
0 0.795171 0.844130 0.085670 0.255061
1 0.915109 0.637652 0.015576 0.044534
0 0.845794 0.283401 0.018692 0.040486
1 0.596573 0.643725 0.037383 0.117409
0 0.131620 0.844130 0.037383 0.085020
1 0.159657 0.370445 0.073209 0.259109
0 0.598910 0.358300 0.029595 0.089069
0 0.508567 0.234818 0.010903 0.024291
0 0.404206 0.805668 0.043614 0.113360
1 0.335670 0.374494 0.048287 0.113360
1 0.744548 0.238866 0.042056 0.117409
1 0.725857 0.289474 0.037383 0.068826
1 0.133956 0.540486 0.035826 0.097166
1 0.445483 0.866397 0.006231 0.016194
0 0.578660 0.619433 0.051402 0.129555
0 0.493769 0.218623 0.024922 0.068826
1 0.055296 0.795547 0.034268 0.068826
1 0.629283 0.914980 0.028037 0.097166
1 0.659657 0.611336 0.037383 0.109312
1 0.256231 0.763158 0.052960 0.125506
1 0.533489 0.445344 0.059190 0.202429
1 0.567757 0.285425 0.059190 0.198381
0 0.243769 0.364372 0.007788 0.020243
1 0.461838 0.477733 0.017134 0.040486
1 0.175234 0.552632 0.007788 0.020243
1 0.333333 0.473684 0.035826 0.085020
1 0.461838 0.419028 0.028037 0.052632
1 0.697819 0.734818 0.021807 0.064777
1 0.366044 0.587045 0.023364 0.080972
1 0.375389 0.552632 0.028037 0.097166
1 0.943146 0.520243 0.017134 0.068826
0 0.112928 0.765182 0.015576 0.044534
1 0.429907 0.925101 0.021807 0.048583
1 0.693925 0.554656 0.020249 0.048583
0 0.148754 0.811741 0.038941 0.080972
0 0.401869 0.435223 0.059190 0.149798
1 0.879283 0.163968 0.066978 0.097166
1 0.260903 0.457490 0.020249 0.036437
1 0.239875 0.236842 0.074766 0.161943
1 0.534268 0.941296 0.017134 0.052632
0 0.751558 0.362348 0.046729 0.085020
0 0.314642 0.619433 0.046729 0.117409
1 0.540498 0.139676 0.021807 0.056680
1 0.763240 0.655870 0.020249 0.097166
0 0.823209 0.617409 0.014019 0.020243
