1 0.118380 0.896761 0.029595 0.085020
1 0.594237 0.455466 0.018692 0.060729
1 0.776480 0.406883 0.031153 0.085020
1 0.290498 0.287449 0.068536 0.105263
1 0.739097 0.313765 0.023364 0.048583
1 0.351246 0.453441 0.017134 0.032389
1 0.267913 0.856275 0.031153 0.085020
0 0.368380 0.291498 0.048287 0.101215
1 0.623053 0.692308 0.051402 0.105263
0 0.654984 0.783401 0.057632 0.145749
0 0.290498 0.734818 0.037383 0.089069
0 0.140187 0.836032 0.026480 0.068826
0 0.777259 0.538462 0.059190 0.251012
1 0.876168 0.455466 0.035826 0.085020
1 0.504673 0.890688 0.042056 0.105263
1 0.327882 0.580972 0.020249 0.048583
0 0.619159 0.212551 0.014019 0.044534
1 0.236760 0.477733 0.015576 0.032389
1 0.669782 0.319838 0.042056 0.117409
0 0.196262 0.506073 0.046729 0.129555
1 0.223520 0.919028 0.021807 0.093117
1 0.105140 0.210526 0.091900 0.222672
1 0.538941 0.479757 0.045171 0.129555
1 0.862150 0.746964 0.040498 0.121457
0 0.299844 0.129555 0.024922 0.064777
1 0.577882 0.641700 0.015576 0.064777
0 0.070093 0.615385 0.012461 0.032389
1 0.612928 0.823887 0.035826 0.093117
0 0.581776 0.283401 0.021807 0.048583
1 0.391745 0.412955 0.010903 0.032389
1 0.443925 0.538462 0.040498 0.170040
0 0.259346 0.137652 0.017134 0.044534
0 0.112150 0.311741 0.037383 0.064777
1 0.907321 0.815789 0.010903 0.028340
1 0.360592 0.831984 0.035826 0.060729
1 0.391745 0.508097 0.023364 0.085020
0 0.816199 0.423077 0.046729 0.133603
0 0.627726 0.202429 0.018692 0.048583
1 0.255452 0.649798 0.028037 0.052632
1 0.920561 0.157895 0.031153 0.089069
0 0.097352 0.615385 0.032710 0.064777
0 0.714174 0.678138 0.023364 0.068826
1 0.791277 0.384615 0.038941 0.089069
1 0.330997 0.299595 0.060748 0.242915
1 0.426012 0.311741 0.020249 0.101215
1 0.458723 0.372470 0.018692 0.056680
1 0.559190 0.878543 0.012461 0.032389
0 0.204829 0.352227 0.020249 0.044534
0 0.876168 0.797571 0.021807 0.089069
0 0.704050 0.206478 0.003115 0.012146
1 0.482087 0.617409 0.010903 0.036437
1 0.257009 0.429150 0.024922 0.060729
0 0.864486 0.214575 0.021807 0.064777
0 0.840343 0.629555 0.024922 0.109312
