1 0.888629 0.439271 0.034268 0.101215
1 0.598131 0.744939 0.045171 0.117409
1 0.693146 0.582996 0.023364 0.060729
1 0.527259 0.544534 0.018692 0.052632
0 0.563863 0.738866 0.031153 0.072874
1 0.580997 0.267206 0.063863 0.109312
1 0.112928 0.627530 0.057632 0.194332
1 0.895639 0.864372 0.018692 0.068826
1 0.397975 0.684211 0.048287 0.113360
0 0.811526 0.921053 0.038941 0.137652
1 0.715732 0.580972 0.020249 0.048583
1 0.777259 0.315789 0.038941 0.085020
1 0.859034 0.182186 0.029595 0.085020
0 0.915109 0.819838 0.035826 0.097166
1 0.598910 0.587045 0.048287 0.113360
1 0.291277 0.732794 0.031153 0.085020
0 0.502336 0.663968 0.020249 0.048583
1 0.257009 0.315789 0.004673 0.020243
0 0.697040 0.799595 0.068536 0.149798
0 0.815421 0.323887 0.068536 0.125506
1 0.746106 0.279352 0.054517 0.149798
1 0.285826 0.850202 0.066978 0.170040
1 0.764798 0.742915 0.063863 0.174089
1 0.187695 0.255061 0.052960 0.101215
1 0.887072 0.635628 0.010903 0.020243
0 0.118380 0.165992 0.010903 0.040486
1 0.141745 0.307692 0.020249 0.064777
0 0.780374 0.459514 0.007788 0.024291
1 0.263240 0.661943 0.062305 0.141700
0 0.911994 0.467611 0.026480 0.080972
1 0.465732 0.947368 0.040498 0.089069
1 0.869938 0.350202 0.017134 0.060729
1 0.404206 0.360324 0.007788 0.020243
0 0.330997 0.831984 0.006231 0.020243
0 0.714174 0.232794 0.035826 0.105263
1 0.209502 0.894737 0.042056 0.194332
1 0.098131 0.242915 0.049844 0.117409
1 0.077882 0.354251 0.063863 0.194332
0 0.722741 0.860324 0.060748 0.194332
1 0.838006 0.659919 0.034268 0.085020
0 0.581776 0.526316 0.070093 0.186235
1 0.472741 0.684211 0.035826 0.113360
0 0.489097 0.757085 0.051402 0.113360
1 0.389408 0.957490 0.012461 0.028340
1 0.341900 0.473684 0.032710 0.093117
1 0.069315 0.530364 0.038941 0.076923
1 0.247664 0.378543 0.014019 0.044534
1 0.379283 0.218623 0.048287 0.157895
1 0.457165 0.483806 0.023364 0.068826
1 0.177570 0.852227 0.015576 0.064777
0 0.447040 0.862348 0.018692 0.044534
1 0.225078 0.633603 0.031153 0.101215
0 0.735981 0.556680 0.040498 0.085020
0 0.765576 0.574899 0.014019 0.032389
1 0.530374 0.325911 0.035826 0.109312
1 0.223520 0.334008 0.021807 0.060729
0 0.153427 0.805668 0.009346 0.040486
1 0.425234 0.799595 0.042056 0.076923
1 0.411994 0.827935 0.049844 0.105263
