1 0.651869 0.589069 0.014019 0.044534
1 0.312305 0.740891 0.029595 0.125506
1 0.479751 0.516194 0.028037 0.068826
1 0.770249 0.406883 0.023364 0.052632
1 0.769470 0.242915 0.034268 0.076923
1 0.267913 0.417004 0.040498 0.085020
1 0.617601 0.607287 0.029595 0.085020
0 0.300623 0.408907 0.037383 0.109312
1 0.950935 0.698381 0.010903 0.024291
1 0.855919 0.908907 0.054517 0.076923
0 0.406542 0.161943 0.040498 0.121457
1 0.596573 0.617409 0.009346 0.028340
1 0.073988 0.242915 0.043614 0.089069
0 0.445483 0.538462 0.037383 0.089069
0 0.791277 0.777328 0.042056 0.097166
0 0.237539 0.682186 0.010903 0.028340
0 0.756231 0.471660 0.018692 0.040486
0 0.713396 0.633603 0.063863 0.186235
1 0.880841 0.728745 0.091900 0.222672
1 0.376168 0.680162 0.035826 0.089069
0 0.640966 0.178138 0.028037 0.068826
0 0.182243 0.635628 0.034268 0.080972
1 0.300623 0.635628 0.068536 0.170040
1 0.073209 0.746964 0.029595 0.080972
0 0.656542 0.244939 0.007788 0.020243
1 0.840343 0.212551 0.077882 0.165992
0 0.701713 0.404858 0.017134 0.044534
1 0.536604 0.890688 0.060748 0.129555
1 0.398754 0.668016 0.046729 0.101215
1 0.235981 0.414980 0.010903 0.028340
0 0.481308 0.791498 0.009346 0.020243
1 0.373053 0.269231 0.012461 0.052632
0 0.478972 0.623482 0.073209 0.178138
0 0.531931 0.690283 0.014019 0.032389
1 0.897196 0.364372 0.068536 0.174089
