1 0.693146 0.605263 0.018692 0.036437
0 0.552960 0.295547 0.034268 0.076923
0 0.939252 0.661943 0.009346 0.028340
1 0.274922 0.269231 0.028037 0.060729
0 0.628505 0.356275 0.054517 0.129555
0 0.326324 0.408907 0.076324 0.174089
1 0.567757 0.775304 0.073209 0.178138
1 0.848910 0.421053 0.021807 0.076923
1 0.714174 0.710526 0.057632 0.133603
1 0.797508 0.878543 0.026480 0.085020
0 0.792835 0.396761 0.010903 0.032389
1 0.117601 0.222672 0.024922 0.056680
1 0.911215 0.548583 0.026480 0.076923
1 0.125389 0.846154 0.057632 0.149798
0 0.883178 0.645749 0.060748 0.153846
0 0.649533 0.417004 0.062305 0.153846
1 0.570872 0.366397 0.021807 0.056680
1 0.411215 0.613360 0.020249 0.056680
1 0.243769 0.546559 0.074766 0.348178
1 0.428349 0.888664 0.015576 0.044534
0 0.815421 0.269231 0.023364 0.056680
1 0.716511 0.451417 0.012461 0.036437
1 0.643302 0.228745 0.031153 0.064777
1 0.087227 0.228745 0.034268 0.072874
0 0.647975 0.961538 0.009346 0.028340
1 0.057632 0.708502 0.014019 0.036437
0 0.452492 0.289474 0.029595 0.089069
0 0.636293 0.868421 0.028037 0.093117
1 0.842679 0.635628 0.052960 0.145749
0 0.123053 0.313765 0.040498 0.076923
0 0.197040 0.771255 0.037383 0.133603
0 0.583333 0.147773 0.029595 0.080972
1 0.306075 0.753036 0.031153 0.072874
0 0.531931 0.801619 0.043614 0.113360
1 0.535047 0.467611 0.026480 0.060729
1 0.503115 0.163968 0.068536 0.089069
1 0.904984 0.451417 0.042056 0.101215
0 0.634735 0.605263 0.017134 0.048583
0 0.500779 0.425101 0.020249 0.056680
1 0.330997 0.176113 0.010903 0.028340
1 0.050623 0.376518 0.029595 0.064777
1 0.438474 0.647773 0.024922 0.056680
1 0.338006 0.301619 0.060748 0.157895
