0 0.948598 0.670040 0.015576 0.044534
1 0.879283 0.356275 0.018692 0.076923
0 0.206386 0.698381 0.032710 0.085020
1 0.495327 0.182186 0.018692 0.040486
1 0.516355 0.732794 0.020249 0.036437
1 0.662773 0.334008 0.038941 0.137652
1 0.690810 0.813765 0.028037 0.064777
0 0.207165 0.491903 0.024922 0.068826
1 0.497664 0.427126 0.029595 0.036437
1 0.091900 0.566802 0.012461 0.036437
0 0.070872 0.240891 0.028037 0.072874
1 0.359813 0.726721 0.038941 0.117409
1 0.159657 0.850202 0.071651 0.210526
1 0.329439 0.751012 0.018692 0.048583
1 0.940031 0.356275 0.038941 0.089069
0 0.420561 0.829960 0.006231 0.016194
1 0.450935 0.414980 0.023364 0.068826
0 0.443146 0.246964 0.028037 0.064777
1 0.657321 0.230769 0.023364 0.056680
0 0.408879 0.613360 0.020249 0.068826
1 0.532710 0.445344 0.065421 0.165992
0 0.316199 0.214575 0.034268 0.085020
0 0.169782 0.356275 0.031153 0.072874
1 0.218847 0.206478 0.063863 0.133603
0 0.566199 0.396761 0.028037 0.072874
1 0.440810 0.305668 0.031153 0.089069
1 0.086449 0.945344 0.032710 0.052632
1 0.628505 0.402834 0.029595 0.080972
1 0.767913 0.921053 0.028037 0.068826
1 0.148754 0.212551 0.010903 0.028340
1 0.886293 0.149798 0.017134 0.064777
1 0.562305 0.495951 0.066978 0.149798
