1 0.537383 0.384615 0.037383 0.064777
1 0.230530 0.696356 0.093458 0.263158
0 0.352025 0.834008 0.087227 0.190283
1 0.584112 0.692308 0.020249 0.068826
1 0.496106 0.564777 0.043614 0.072874
1 0.516355 0.228745 0.045171 0.145749
1 0.851246 0.779352 0.037383 0.093117
1 0.817757 0.423077 0.031153 0.068826
1 0.151869 0.694332 0.006231 0.012146
1 0.462617 0.781377 0.051402 0.129555
1 0.752336 0.224696 0.018692 0.072874
1 0.753894 0.653846 0.052960 0.149798
0 0.206386 0.380567 0.004673 0.016194
1 0.204050 0.459514 0.031153 0.089069
1 0.603583 0.117409 0.023364 0.040486
1 0.892523 0.708502 0.032710 0.105263
1 0.303738 0.445344 0.032710 0.101215
0 0.050623 0.174089 0.032710 0.105263
1 0.646417 0.868421 0.034268 0.117409
0 0.900312 0.927126 0.009346 0.016194
0 0.056075 0.769231 0.009346 0.028340
0 0.352025 0.196356 0.032710 0.052632
0 0.060748 0.212551 0.023364 0.064777
1 0.329439 0.659919 0.040498 0.060729
1 0.257009 0.208502 0.024922 0.109312
0 0.373832 0.552632 0.018692 0.052632
1 0.527259 0.587045 0.024922 0.085020
0 0.452492 0.633603 0.068536 0.149798
0 0.745327 0.880567 0.012461 0.028340
0 0.897196 0.305668 0.028037 0.064777
1 0.172897 0.552632 0.021807 0.048583
1 0.899533 0.257085 0.045171 0.089069
1 0.401869 0.224696 0.065421 0.202429
0 0.869159 0.313765 0.048287 0.105263
1 0.665109 0.522267 0.017134 0.072874
1 0.486760 0.329960 0.012461 0.040486
1 0.579439 0.500000 0.034268 0.060729
1 0.777259 0.408907 0.049844 0.117409
1 0.710280 0.736842 0.018692 0.056680
0 0.626168 0.423077 0.034268 0.093117
1 0.710280 0.374494 0.042056 0.165992
0 0.897196 0.775304 0.035826 0.080972
0 0.105140 0.528340 0.007788 0.020243
1 0.055296 0.261134 0.014019 0.036437
0 0.924455 0.868421 0.048287 0.080972
1 0.280374 0.275304 0.032710 0.072874
1 0.428349 0.886640 0.014019 0.056680
1 0.607477 0.512146 0.040498 0.125506
0 0.730530 0.504049 0.070093 0.178138
1 0.198598 0.277328 0.020249 0.052632
1 0.778816 0.576923 0.009346 0.020243
1 0.803738 0.769231 0.012461 0.024291
1 0.415109 0.552632 0.026480 0.113360
0 0.422118 0.412955 0.056075 0.161943
0 0.705607 0.927126 0.012461 0.032389
