1 0.875389 0.678138 0.066978 0.186235
1 0.395639 0.323887 0.014019 0.052632
1 0.145639 0.406883 0.119938 0.238866
1 0.393302 0.601215 0.052960 0.157895
1 0.066978 0.188259 0.043614 0.125506
1 0.218847 0.544534 0.046729 0.125506
0 0.329439 0.441296 0.046729 0.125506
1 0.735981 0.627530 0.040498 0.076923
0 0.555296 0.659919 0.066978 0.149798
1 0.269470 0.724696 0.070093 0.340081
1 0.456386 0.582996 0.048287 0.097166
1 0.921340 0.864372 0.014019 0.032389
1 0.599688 0.603239 0.028037 0.072874
1 0.080218 0.346154 0.028037 0.072874
1 0.085670 0.744939 0.015576 0.032389
1 0.701713 0.803644 0.028037 0.048583
1 0.242212 0.253036 0.031153 0.068826
1 0.859813 0.184211 0.035826 0.117409
1 0.750000 0.522267 0.040498 0.101215
1 0.868380 0.554656 0.060748 0.242915
0 0.887850 0.870445 0.024922 0.113360
1 0.781153 0.690283 0.034268 0.190283
1 0.803738 0.536437 0.035826 0.076923
0 0.074766 0.398785 0.037383 0.097166
1 0.789720 0.311741 0.037383 0.105263
1 0.697040 0.477733 0.032710 0.085020
1 0.414330 0.554656 0.090343 0.105263
0 0.134735 0.704453 0.042056 0.068826
1 0.690810 0.925101 0.031153 0.117409
1 0.926791 0.275304 0.034268 0.080972
0 0.532710 0.143725 0.009346 0.020243
1 0.277259 0.372470 0.040498 0.109312
0 0.739097 0.821862 0.028037 0.076923
1 0.264798 0.502024 0.012461 0.020243
1 0.803738 0.137652 0.010903 0.040486
0 0.723520 0.538462 0.020249 0.048583
0 0.358255 0.651822 0.035826 0.089069
0 0.756231 0.281377 0.068536 0.133603
1 0.299844 0.230769 0.014019 0.028340
1 0.894860 0.433198 0.080997 0.161943
1 0.097352 0.651822 0.042056 0.089069
1 0.220405 0.358300 0.045171 0.117409
1 0.604361 0.370445 0.066978 0.170040
1 0.783489 0.823887 0.035826 0.072874
1 0.722741 0.771255 0.048287 0.141700
0 0.631620 0.558704 0.032710 0.097166
1 0.413551 0.771255 0.007788 0.012146
1 0.447819 0.819838 0.028037 0.072874
1 0.674455 0.568826 0.026480 0.097166
0 0.813084 0.194332 0.017134 0.048583
0 0.688474 0.303644 0.006231 0.016194
1 0.459502 0.208502 0.026480 0.056680
1 0.462617 0.935223 0.049844 0.113360
0 0.822430 0.777328 0.038941 0.093117
1 0.480530 0.506073 0.018692 0.056680
0 0.919782 0.188259 0.017134 0.044534
1 0.062305 0.941296 0.015576 0.040486
1 0.163551 0.121457 0.017134 0.032389
0 0.379283 0.151822 0.031153 0.089069
