1 0.880841 0.380567 0.051402 0.214575
1 0.415109 0.914980 0.054517 0.129555
1 0.124611 0.356275 0.020249 0.048583
1 0.316199 0.305668 0.006231 0.024291
1 0.421340 0.623482 0.071651 0.170040
1 0.466511 0.309717 0.020249 0.056680
1 0.402648 0.791498 0.035826 0.085020
1 0.286604 0.281377 0.006231 0.020243
0 0.500779 0.186235 0.023364 0.089069
1 0.849688 0.514170 0.017134 0.056680
1 0.646417 0.299595 0.012461 0.028340
1 0.814642 0.155870 0.020249 0.040486
0 0.894081 0.161943 0.029595 0.085020
1 0.612928 0.481781 0.012461 0.036437
1 0.639408 0.202429 0.024922 0.080972
0 0.895639 0.259109 0.038941 0.109312
1 0.916667 0.313765 0.015576 0.068826
0 0.507009 0.536437 0.071651 0.149798
1 0.239875 0.497976 0.020249 0.068826
0 0.087227 0.657895 0.045171 0.109312
0 0.634735 0.734818 0.038941 0.101215
0 0.411215 0.200405 0.010903 0.036437
1 0.911215 0.775304 0.024922 0.044534
0 0.950935 0.176113 0.010903 0.024291
0 0.915109 0.564777 0.018692 0.036437
1 0.478193 0.900810 0.046729 0.093117
0 0.855140 0.791498 0.006231 0.020243
0 0.210280 0.720648 0.038941 0.117409
1 0.281931 0.761134 0.087227 0.287449
0 0.086449 0.194332 0.015576 0.036437
1 0.571651 0.710526 0.040498 0.170040
1 0.785047 0.599190 0.035826 0.097166
1 0.374611 0.878543 0.052960 0.137652
1 0.302960 0.522267 0.014019 0.032389
1 0.323988 0.206478 0.009346 0.020243
0 0.681464 0.767206 0.012461 0.044534
0 0.523364 0.192308 0.018692 0.044534
1 0.133178 0.174089 0.010903 0.024291
1 0.172118 0.465587 0.073209 0.356275
1 0.869159 0.688259 0.034268 0.101215
1 0.234424 0.352227 0.049844 0.089069
1 0.573988 0.459514 0.045171 0.085020
1 0.160436 0.862348 0.062305 0.174089
0 0.801402 0.360324 0.057632 0.165992
1 0.732087 0.530364 0.060748 0.202429
1 0.804517 0.917004 0.023364 0.052632
1 0.944704 0.641700 0.026480 0.060729
1 0.841900 0.550607 0.023364 0.040486
0 0.113707 0.742915 0.042056 0.125506
