0 0.584891 0.133603 0.007788 0.028340
0 0.138629 0.546559 0.023364 0.060729
1 0.179128 0.352227 0.059190 0.198381
0 0.601246 0.653846 0.127726 0.631579
1 0.231308 0.783401 0.051402 0.153846
1 0.278037 0.400810 0.017134 0.072874
1 0.755452 0.617409 0.034268 0.085020
0 0.855919 0.427126 0.084112 0.238866
0 0.246885 0.874494 0.048287 0.125506
1 0.449377 0.627530 0.026480 0.060729
1 0.396417 0.463563 0.048287 0.125506
1 0.876168 0.299595 0.040498 0.080972
1 0.467290 0.582996 0.021807 0.072874
1 0.417445 0.544534 0.084112 0.174089
1 0.064642 0.888664 0.031153 0.097166
0 0.307632 0.647773 0.026480 0.064777
1 0.303738 0.809717 0.015576 0.032389
1 0.910436 0.866397 0.074766 0.153846
0 0.707165 0.287449 0.010903 0.016194
1 0.274922 0.465587 0.007788 0.016194
1 0.337227 0.659919 0.038941 0.085020
1 0.773364 0.623482 0.026480 0.101215
0 0.746106 0.279352 0.037383 0.121457
0 0.160436 0.935223 0.034268 0.089069
1 0.102804 0.548583 0.014019 0.036437
1 0.277259 0.141700 0.035826 0.089069
1 0.502336 0.251012 0.014019 0.044534
0 0.060748 0.238866 0.046729 0.125506
1 0.838785 0.240891 0.052960 0.113360
1 0.555296 0.348178 0.020249 0.129555
1 0.285826 0.896761 0.051402 0.145749
1 0.110592 0.344130 0.068536 0.194332
1 0.805296 0.720648 0.017134 0.064777
