1 0.717290 0.465587 0.020249 0.048583
0 0.640187 0.338057 0.070093 0.190283
1 0.274922 0.587045 0.012461 0.040486
1 0.552960 0.627530 0.034268 0.097166
1 0.503115 0.635628 0.071651 0.214575
1 0.552181 0.109312 0.017134 0.024291
0 0.223520 0.748988 0.032710 0.080972
1 0.832555 0.694332 0.035826 0.109312
1 0.398754 0.580972 0.015576 0.036437
1 0.572430 0.218623 0.018692 0.060729
0 0.678349 0.481781 0.042056 0.121457
1 0.371495 0.344130 0.068536 0.097166
1 0.703271 0.354251 0.046729 0.161943
1 0.677570 0.838057 0.012461 0.040486
1 0.799844 0.945344 0.029595 0.032389
0 0.323209 0.224696 0.006231 0.020243
1 0.541277 0.301619 0.045171 0.133603
0 0.257009 0.914980 0.012461 0.040486
0 0.095016 0.163968 0.018692 0.040486
1 0.531153 0.805668 0.028037 0.064777
0 0.338006 0.706478 0.028037 0.060729
1 0.742212 0.550607 0.007788 0.016194
1 0.915888 0.921053 0.012461 0.052632
1 0.648754 0.212551 0.032710 0.064777
1 0.757788 0.439271 0.029595 0.080972
1 0.074766 0.497976 0.045171 0.109312
0 0.414330 0.253036 0.048287 0.165992
1 0.110592 0.510121 0.018692 0.060729
0 0.295171 0.783401 0.048287 0.109312
1 0.121495 0.629555 0.018692 0.060729
1 0.075545 0.661943 0.037383 0.056680
1 0.813084 0.643725 0.034268 0.093117
1 0.343458 0.945344 0.007788 0.028340
0 0.336449 0.854251 0.060748 0.141700
1 0.101246 0.848178 0.007788 0.028340
0 0.829439 0.149798 0.004673 0.016194
1 0.140966 0.236842 0.009346 0.020243
1 0.674455 0.744939 0.034268 0.101215
1 0.064642 0.238866 0.026480 0.072874
0 0.189252 0.497976 0.054517 0.141700
1 0.890187 0.427126 0.038941 0.121457
0 0.214174 0.793522 0.015576 0.044534
1 0.409657 0.906883 0.018692 0.044534
1 0.053738 0.678138 0.018692 0.056680
