1 0.193925 0.670040 0.045171 0.093117
0 0.640187 0.317814 0.059190 0.109312
1 0.823988 0.834008 0.079439 0.218623
0 0.522586 0.767206 0.010903 0.028340
0 0.371495 0.188259 0.021807 0.048583
0 0.898754 0.242915 0.020249 0.052632
1 0.600467 0.301619 0.065421 0.190283
1 0.862928 0.688259 0.060748 0.153846
1 0.661994 0.471660 0.034268 0.064777
1 0.740654 0.157895 0.021807 0.044534
0 0.665888 0.228745 0.020249 0.060729
1 0.476636 0.404858 0.056075 0.157895
1 0.911994 0.443320 0.074766 0.202429
0 0.671340 0.882591 0.023364 0.068826
0 0.286604 0.576923 0.003115 0.008097
0 0.159657 0.591093 0.045171 0.105263
0 0.123053 0.582996 0.037383 0.161943
0 0.411994 0.846154 0.059190 0.161943
1 0.084891 0.384615 0.032710 0.060729
1 0.183022 0.253036 0.052960 0.161943
1 0.133178 0.319838 0.012461 0.024291
1 0.127726 0.716599 0.006231 0.016194
1 0.323988 0.380567 0.012461 0.020243
1 0.346573 0.730769 0.034268 0.101215
1 0.385514 0.876518 0.049844 0.145749
0 0.793614 0.202429 0.056075 0.133603
1 0.693146 0.848178 0.043614 0.121457
1 0.738318 0.576923 0.023364 0.052632
1 0.051402 0.682186 0.010903 0.024291
1 0.600467 0.777328 0.035826 0.109312
0 0.439252 0.459514 0.026480 0.060729
1 0.672118 0.121457 0.017134 0.032389
1 0.485981 0.481781 0.037383 0.080972
0 0.304517 0.321862 0.023364 0.064777
1 0.676012 0.382591 0.032710 0.068826
1 0.395639 0.139676 0.017134 0.056680
0 0.553738 0.113360 0.020249 0.032389
0 0.747664 0.303644 0.012461 0.024291
0 0.619938 0.526316 0.020249 0.052632
1 0.119159 0.202429 0.042056 0.121457
0 0.775701 0.844130 0.024922 0.064777
1 0.284268 0.834008 0.020249 0.044534
1 0.642523 0.487854 0.028037 0.080972
1 0.835670 0.435223 0.077882 0.206478
1 0.749221 0.730769 0.028037 0.056680
1 0.852804 0.226721 0.029595 0.133603
0 0.861371 0.299595 0.037383 0.093117
1 0.923676 0.564777 0.017134 0.056680
1 0.658100 0.196356 0.029595 0.068826
1 0.799844 0.514170 0.052960 0.230769
0 0.152648 0.540486 0.023364 0.060729
1 0.206386 0.902834 0.023364 0.052632
