1 0.394081 0.495951 0.040498 0.101215
0 0.859034 0.293522 0.031153 0.093117
0 0.762461 0.892713 0.040498 0.113360
1 0.251558 0.574899 0.028037 0.056680
1 0.086449 0.151822 0.024922 0.068826
1 0.370717 0.862348 0.042056 0.089069
1 0.615265 0.473684 0.035826 0.076923
0 0.222741 0.149798 0.015576 0.044534
1 0.098910 0.524291 0.007788 0.020243
1 0.796729 0.698381 0.032710 0.085020
1 0.177570 0.500000 0.037383 0.085020
1 0.408100 0.653846 0.048287 0.242915
1 0.144081 0.251012 0.020249 0.076923
1 0.474299 0.406883 0.045171 0.089069
1 0.186137 0.912955 0.040498 0.089069
0 0.710280 0.791498 0.026480 0.052632
1 0.893302 0.864372 0.049844 0.117409
1 0.112928 0.291498 0.048287 0.157895
0 0.306075 0.336032 0.043614 0.056680
1 0.647975 0.299595 0.020249 0.048583
0 0.727414 0.204453 0.020249 0.064777
0 0.521807 0.732794 0.032710 0.097166
0 0.945483 0.352227 0.024922 0.028340
0 0.659657 0.234818 0.010903 0.028340
1 0.088785 0.329960 0.032710 0.080972
1 0.564642 0.508097 0.023364 0.060729
1 0.683801 0.868421 0.026480 0.080972
0 0.747664 0.180162 0.040498 0.129555
1 0.277259 0.688259 0.015576 0.044534
1 0.942368 0.593117 0.018692 0.044534
0 0.170561 0.461538 0.020249 0.089069
1 0.637072 0.548583 0.051402 0.072874
0 0.610592 0.417004 0.015576 0.040486
1 0.725078 0.558704 0.040498 0.105263
1 0.242212 0.728745 0.026480 0.080972
1 0.539720 0.787449 0.031153 0.068826
0 0.496106 0.232794 0.057632 0.145749
1 0.792835 0.540486 0.031153 0.097166
0 0.822430 0.248988 0.028037 0.072874
