1 0.237539 0.821862 0.021807 0.060729
0 0.542056 0.433198 0.021807 0.056680
1 0.637850 0.631579 0.032710 0.113360
1 0.434579 0.807692 0.105919 0.165992
1 0.228193 0.325911 0.052960 0.109312
0 0.145639 0.649798 0.056075 0.157895
1 0.201713 0.870445 0.034268 0.125506
0 0.822430 0.228745 0.018692 0.036437
1 0.498442 0.672065 0.046729 0.149798
1 0.949377 0.394737 0.021807 0.072874
1 0.864486 0.157895 0.037383 0.089069
1 0.573209 0.886640 0.048287 0.097166
0 0.593458 0.297571 0.035826 0.085020
1 0.365265 0.872470 0.046729 0.141700
1 0.089564 0.338057 0.043614 0.198381
1 0.750779 0.578947 0.015576 0.064777
1 0.285047 0.957490 0.021807 0.032389
1 0.502336 0.394737 0.060748 0.165992
0 0.788162 0.147773 0.042056 0.105263
1 0.291277 0.354251 0.048287 0.076923
1 0.548287 0.125506 0.018692 0.064777
1 0.812305 0.672065 0.052960 0.157895
0 0.697040 0.196356 0.018692 0.040486
0 0.557632 0.558704 0.012461 0.032389
1 0.268692 0.232794 0.028037 0.089069
0 0.704050 0.550607 0.024922 0.024291
0 0.718847 0.301619 0.020249 0.052632
1 0.172897 0.435223 0.048287 0.072874
0 0.390966 0.390688 0.026480 0.064777
0 0.573209 0.805668 0.021807 0.093117
1 0.151090 0.748988 0.063863 0.161943
1 0.851246 0.307692 0.031153 0.101215
