0 0.448598 0.200405 0.043614 0.068826
0 0.781153 0.902834 0.023364 0.052632
1 0.580218 0.554656 0.017134 0.044534
0 0.148754 0.522267 0.088785 0.218623
0 0.091121 0.953441 0.018692 0.060729
1 0.584891 0.364372 0.051402 0.113360
1 0.849688 0.704453 0.020249 0.048583
0 0.750000 0.945344 0.018692 0.068826
1 0.246106 0.894737 0.040498 0.105263
1 0.934579 0.562753 0.052960 0.085020
0 0.172118 0.392713 0.043614 0.161943
1 0.478972 0.346154 0.028037 0.076923
1 0.767134 0.576923 0.014019 0.028340
1 0.614486 0.165992 0.051402 0.072874
1 0.221963 0.248988 0.014019 0.032389
1 0.823988 0.797571 0.060748 0.190283
1 0.791277 0.643725 0.014019 0.032389
1 0.450156 0.716599 0.079439 0.161943
1 0.637072 0.506073 0.012461 0.032389
1 0.295950 0.836032 0.032710 0.076923
1 0.397196 0.238866 0.029595 0.097166
0 0.559969 0.307692 0.046729 0.121457
1 0.376947 0.404858 0.009346 0.044534
0 0.072430 0.307692 0.026480 0.072874
0 0.753115 0.738866 0.054517 0.125506
1 0.865265 0.894737 0.045171 0.068826
1 0.679907 0.141700 0.010903 0.052632
0 0.469626 0.829960 0.035826 0.089069
0 0.890187 0.823887 0.014019 0.020243
1 0.618380 0.892713 0.068536 0.145749
1 0.091121 0.742915 0.034268 0.085020
1 0.274922 0.153846 0.018692 0.048583
1 0.069315 0.653846 0.007788 0.036437
0 0.141745 0.421053 0.026480 0.089069
1 0.472741 0.273279 0.015576 0.044534
1 0.644081 0.289474 0.035826 0.117409
1 0.387850 0.894737 0.031153 0.153846
1 0.333333 0.589069 0.012461 0.028340
1 0.657321 0.471660 0.020249 0.068826
0 0.349688 0.625506 0.017134 0.036437
1 0.287383 0.702429 0.012461 0.044534
1 0.566199 0.834008 0.049844 0.097166
0 0.876168 0.196356 0.007788 0.020243
