1 0.566199 0.502024 0.024922 0.085020
1 0.517134 0.402834 0.048287 0.141700
1 0.305296 0.437247 0.009346 0.016194
1 0.529595 0.560729 0.037383 0.093117
1 0.942368 0.303644 0.015576 0.040486
1 0.900312 0.805668 0.034268 0.072874
1 0.577103 0.566802 0.006231 0.020243
0 0.616044 0.805668 0.037383 0.076923
0 0.102025 0.728745 0.063863 0.170040
0 0.088006 0.133603 0.014019 0.048583
1 0.767134 0.528340 0.017134 0.036437
1 0.452492 0.809717 0.034268 0.129555
1 0.525701 0.710526 0.015576 0.028340
0 0.549065 0.299595 0.023364 0.064777
0 0.109034 0.273279 0.057632 0.153846
1 0.649533 0.878543 0.021807 0.048583
1 0.644860 0.919028 0.024922 0.048583
1 0.841121 0.698381 0.015576 0.044534
1 0.263240 0.704453 0.012461 0.024291
1 0.179128 0.692308 0.037383 0.145749
0 0.562305 0.115385 0.009346 0.028340
1 0.699377 0.949393 0.028037 0.044534
0 0.644081 0.182186 0.031153 0.080972
1 0.214953 0.601215 0.056075 0.117409
1 0.285826 0.283401 0.049844 0.125506
1 0.228972 0.858300 0.028037 0.105263
1 0.372274 0.813765 0.015576 0.036437
0 0.429907 0.793522 0.023364 0.060729
1 0.417445 0.188259 0.049844 0.129555
1 0.774922 0.659919 0.010903 0.040486
1 0.327103 0.785425 0.023364 0.064777
0 0.704829 0.629555 0.034268 0.105263
1 0.387850 0.281377 0.045171 0.125506
1 0.243769 0.783401 0.018692 0.052632
0 0.555296 0.870445 0.004673 0.016194
1 0.681464 0.744939 0.029595 0.056680
1 0.252336 0.265182 0.009346 0.028340
0 0.047508 0.475709 0.007788 0.020243
1 0.638629 0.457490 0.043614 0.093117
0 0.866822 0.477733 0.042056 0.109312
1 0.821651 0.704453 0.020249 0.060729
0 0.129283 0.340081 0.040498 0.109312
1 0.207944 0.686235 0.073209 0.165992
0 0.587227 0.943320 0.045171 0.097166
1 0.653427 0.817814 0.038941 0.093117
1 0.256231 0.483806 0.051402 0.178138
1 0.330997 0.874494 0.042056 0.113360
