1 0.857477 0.688259 0.035826 0.080972
1 0.619938 0.331984 0.024922 0.060729
0 0.390187 0.200405 0.024922 0.060729
0 0.225078 0.398785 0.057632 0.153846
1 0.098131 0.617409 0.052960 0.089069
1 0.395639 0.797571 0.057632 0.251012
1 0.893302 0.459514 0.059190 0.210526
1 0.330997 0.524291 0.070093 0.202429
1 0.777259 0.576923 0.026480 0.076923
1 0.221184 0.827935 0.056075 0.137652
0 0.075545 0.253036 0.012461 0.032389
0 0.074766 0.459514 0.015576 0.028340
0 0.312305 0.965587 0.020249 0.048583
0 0.674455 0.552632 0.080997 0.202429
1 0.899533 0.216599 0.023364 0.044534
1 0.860592 0.748988 0.018692 0.060729
1 0.697819 0.963563 0.003115 0.012146
1 0.189252 0.123482 0.020249 0.040486
0 0.365265 0.564777 0.020249 0.076923
1 0.930685 0.297571 0.028037 0.044534
1 0.330218 0.910931 0.028037 0.056680
1 0.247664 0.710526 0.035826 0.085020
0 0.239097 0.257085 0.015576 0.056680
1 0.893302 0.269231 0.023364 0.113360
0 0.256231 0.176113 0.059190 0.141700
1 0.447040 0.607287 0.032710 0.093117
1 0.162773 0.831984 0.026480 0.080972
0 0.503115 0.605263 0.024922 0.060729
0 0.607477 0.858300 0.043614 0.093117
1 0.523364 0.297571 0.024922 0.085020
0 0.578660 0.688259 0.042056 0.129555
1 0.172118 0.451417 0.015576 0.040486
1 0.249221 0.935223 0.040498 0.097166
