0 0.631620 0.443320 0.029595 0.076923
1 0.361371 0.888664 0.018692 0.040486
1 0.122274 0.364372 0.015576 0.048583
1 0.402648 0.524291 0.023364 0.068826
1 0.875389 0.696356 0.057632 0.121457
1 0.766355 0.141700 0.028037 0.064777
1 0.528816 0.157895 0.021807 0.072874
0 0.060748 0.516194 0.014019 0.044534
1 0.415109 0.803644 0.021807 0.044534
0 0.565421 0.392713 0.040498 0.101215
1 0.703271 0.807692 0.035826 0.068826
1 0.280374 0.218623 0.023364 0.080972
1 0.299844 0.500000 0.007788 0.028340
1 0.840343 0.453441 0.035826 0.085020
1 0.822430 0.880567 0.052960 0.194332
1 0.898754 0.271255 0.037383 0.097166
1 0.349688 0.665992 0.049844 0.174089
1 0.948598 0.718623 0.023364 0.060729
1 0.373832 0.216599 0.054517 0.145749
1 0.853583 0.603239 0.017134 0.056680
0 0.175234 0.161943 0.051402 0.133603
1 0.211059 0.672065 0.035826 0.125506
1 0.871495 0.910931 0.010903 0.032389
1 0.448598 0.882591 0.009346 0.024291
0 0.936137 0.248988 0.051402 0.117409
0 0.281153 0.299595 0.023364 0.072874
1 0.239097 0.862348 0.021807 0.097166
1 0.622274 0.200405 0.010903 0.020243
0 0.478972 0.210526 0.034268 0.149798
1 0.281931 0.354251 0.029595 0.044534
1 0.572430 0.255061 0.020249 0.097166
1 0.609034 0.578947 0.010903 0.032389
0 0.105140 0.929150 0.020249 0.060729
0 0.527259 0.556680 0.010903 0.028340
0 0.940810 0.412955 0.012461 0.024291
0 0.520249 0.497976 0.024922 0.068826
1 0.541277 0.281377 0.009346 0.028340
1 0.634735 0.811741 0.014019 0.032389
0 0.082555 0.767206 0.014019 0.036437
1 0.128505 0.212551 0.052960 0.101215
0 0.603583 0.469636 0.017134 0.056680
0 0.152648 0.686235 0.038941 0.157895
1 0.753115 0.117409 0.010903 0.032389
1 0.238318 0.285425 0.006231 0.020243
0 0.904984 0.518219 0.046729 0.097166
1 0.731308 0.344130 0.074766 0.186235
0 0.672118 0.236842 0.052960 0.109312
1 0.447040 0.489879 0.038941 0.097166
1 0.747664 0.834008 0.006231 0.024291
0 0.411215 0.348178 0.007788 0.024291
1 0.507788 0.680162 0.048287 0.105263
1 0.926791 0.471660 0.024922 0.068826
0 0.835670 0.204453 0.037383 0.125506
0 0.444704 0.165992 0.037383 0.097166
1 0.215732 0.906883 0.034268 0.129555
0 0.373053 0.506073 0.015576 0.036437
1 0.245327 0.908907 0.020249 0.048583
0 0.085670 0.206478 0.024922 0.056680
0 0.505452 0.906883 0.029595 0.085020
