0 0.379283 0.647773 0.046729 0.105263
0 0.840343 0.807692 0.042056 0.064777
1 0.883178 0.376518 0.077882 0.101215
0 0.832555 0.564777 0.042056 0.117409
0 0.313863 0.530364 0.031153 0.101215
0 0.493769 0.153846 0.009346 0.024291
0 0.686916 0.759109 0.048287 0.125506
1 0.492991 0.734818 0.088785 0.307692
1 0.218069 0.550607 0.077882 0.218623
1 0.132399 0.803644 0.014019 0.028340
0 0.896417 0.186235 0.020249 0.064777
0 0.132399 0.552632 0.017134 0.052632
0 0.258567 0.882591 0.040498 0.105263
1 0.904206 0.635628 0.029595 0.085020
1 0.635514 0.627530 0.037383 0.089069
1 0.813863 0.524291 0.020249 0.040486
0 0.266355 0.218623 0.012461 0.032389
0 0.642523 0.196356 0.035826 0.080972
1 0.366044 0.781377 0.031153 0.080972
0 0.664330 0.255061 0.038941 0.113360
1 0.471963 0.485830 0.021807 0.068826
1 0.728972 0.864372 0.057632 0.121457
1 0.316978 0.698381 0.012461 0.036437
1 0.792835 0.392713 0.026480 0.048583
1 0.863707 0.900810 0.051402 0.137652
0 0.292056 0.807692 0.045171 0.182186
1 0.878505 0.582996 0.017134 0.052632
1 0.073209 0.817814 0.032710 0.105263
1 0.208723 0.356275 0.031153 0.101215
1 0.703271 0.455466 0.043614 0.068826
1 0.669782 0.408907 0.062305 0.117409
1 0.792835 0.206478 0.057632 0.194332
1 0.701713 0.283401 0.040498 0.085020
1 0.335670 0.253036 0.048287 0.105263
0 0.809190 0.823887 0.052960 0.153846
0 0.485981 0.340081 0.054517 0.165992
1 0.723520 0.155870 0.028037 0.072874
0 0.467290 0.384615 0.062305 0.157895
0 0.910436 0.967611 0.004673 0.016194
0 0.353583 0.534413 0.038941 0.113360
0 0.762461 0.317814 0.018692 0.048583
0 0.640966 0.884615 0.021807 0.056680
1 0.822430 0.613360 0.051402 0.137652
1 0.231308 0.265182 0.009346 0.020243
1 0.749221 0.548583 0.023364 0.064777
1 0.874611 0.508097 0.007788 0.020243
1 0.223520 0.779352 0.048287 0.141700
