1 0.535826 0.344130 0.049844 0.121457
0 0.506231 0.471660 0.052960 0.117409
1 0.429907 0.694332 0.137072 0.206478
1 0.811526 0.301619 0.023364 0.052632
1 0.943925 0.528340 0.032710 0.080972
0 0.750779 0.694332 0.026480 0.072874
1 0.787383 0.396761 0.042056 0.129555
0 0.754673 0.473684 0.014019 0.032389
0 0.752336 0.910931 0.028037 0.056680
1 0.327882 0.793522 0.063863 0.157895
0 0.516355 0.868421 0.049844 0.121457
0 0.934579 0.688259 0.032710 0.117409
0 0.683801 0.732794 0.021807 0.052632
1 0.757009 0.599190 0.010903 0.028340
1 0.847352 0.495951 0.021807 0.056680
0 0.587227 0.550607 0.023364 0.064777
1 0.940031 0.888664 0.020249 0.097166
1 0.585670 0.459514 0.012461 0.028340
1 0.754673 0.244939 0.010903 0.036437
1 0.439252 0.248988 0.021807 0.056680
1 0.321651 0.380567 0.024922 0.076923
1 0.749221 0.805668 0.062305 0.105263
0 0.142523 0.888664 0.071651 0.182186
1 0.559969 0.710526 0.024922 0.056680
1 0.193146 0.526316 0.028037 0.064777
0 0.078660 0.457490 0.023364 0.048583
1 0.612150 0.293522 0.028037 0.101215
1 0.859034 0.838057 0.026480 0.064777
0 0.415888 0.449393 0.009346 0.032389
1 0.553738 0.591093 0.007788 0.016194
1 0.455607 0.315789 0.046729 0.080972
0 0.136293 0.447368 0.031153 0.068826
1 0.397975 0.919028 0.038941 0.117409
0 0.310748 0.301619 0.034268 0.089069
1 0.247664 0.412955 0.021807 0.048583
1 0.238318 0.730769 0.012461 0.036437
1 0.343458 0.520243 0.065421 0.133603
