0 0.286604 0.910931 0.006231 0.016194
0 0.413551 0.967611 0.010903 0.024291
0 0.268692 0.585020 0.023364 0.048583
1 0.349688 0.637652 0.028037 0.093117
0 0.142523 0.740891 0.056075 0.149798
1 0.900312 0.842105 0.032710 0.068826
1 0.202492 0.465587 0.046729 0.085020
0 0.880841 0.236842 0.014019 0.024291
0 0.807632 0.562753 0.028037 0.072874
1 0.835670 0.421053 0.024922 0.052632
1 0.412773 0.168016 0.042056 0.113360
1 0.104361 0.690283 0.091900 0.125506
1 0.475078 0.230769 0.051402 0.117409
0 0.347352 0.779352 0.012461 0.036437
1 0.286604 0.200405 0.048287 0.174089
1 0.077882 0.554656 0.009346 0.032389
1 0.095016 0.550607 0.021807 0.040486
1 0.350467 0.269231 0.017134 0.036437
0 0.421340 0.487854 0.028037 0.068826
0 0.933022 0.761134 0.014019 0.036437
1 0.602804 0.267206 0.048287 0.125506
1 0.397196 0.813765 0.028037 0.064777
0 0.150312 0.838057 0.070093 0.174089
0 0.372274 0.621457 0.021807 0.068826
0 0.857477 0.617409 0.018692 0.040486
0 0.654206 0.631579 0.020249 0.064777
1 0.217290 0.623482 0.017134 0.036437
0 0.133178 0.291498 0.073209 0.210526
1 0.443146 0.202429 0.048287 0.153846
1 0.224299 0.724696 0.012461 0.040486
1 0.345016 0.459514 0.042056 0.085020
0 0.848131 0.761134 0.018692 0.093117
1 0.532710 0.850202 0.059190 0.129555
0 0.703271 0.234818 0.028037 0.064777
1 0.304517 0.759109 0.018692 0.040486
0 0.776480 0.585020 0.051402 0.117409
1 0.230530 0.336032 0.065421 0.157895
0 0.380841 0.214575 0.054517 0.153846
0 0.461838 0.819838 0.043614 0.060729
1 0.774922 0.157895 0.017134 0.056680
1 0.248442 0.781377 0.024922 0.056680
1 0.530374 0.692308 0.038941 0.101215
1 0.281153 0.864372 0.014019 0.028340
1 0.590343 0.842105 0.017134 0.064777
1 0.085670 0.898785 0.028037 0.048583
1 0.458723 0.617409 0.057632 0.157895
1 0.316199 0.603239 0.059190 0.101215
1 0.345794 0.360324 0.009346 0.020243
