1 0.679907 0.443320 0.057632 0.165992
1 0.123832 0.251012 0.026480 0.097166
1 0.556854 0.894737 0.029595 0.060729
1 0.855140 0.564777 0.029595 0.044534
1 0.683022 0.196356 0.035826 0.076923
0 0.316978 0.315789 0.042056 0.093117
1 0.510125 0.562753 0.017134 0.044534
1 0.383178 0.340081 0.021807 0.072874
0 0.884735 0.315789 0.101246 0.157895
1 0.112150 0.495951 0.028037 0.089069
0 0.742212 0.439271 0.014019 0.052632
1 0.407321 0.651822 0.020249 0.032389
1 0.653427 0.868421 0.018692 0.076923
0 0.896417 0.945344 0.020249 0.052632
0 0.910436 0.163968 0.026480 0.072874
1 0.861371 0.698381 0.017134 0.048583
1 0.477414 0.771255 0.060748 0.113360
1 0.323988 0.263158 0.035826 0.076923
1 0.605919 0.508097 0.051402 0.141700
1 0.252336 0.170040 0.014019 0.032389
0 0.066199 0.242915 0.034268 0.093117
0 0.753115 0.115385 0.014019 0.020243
0 0.453271 0.384615 0.070093 0.161943
1 0.587227 0.680162 0.066978 0.125506
0 0.570872 0.224696 0.048287 0.129555
0 0.070093 0.425101 0.006231 0.016194
0 0.564642 0.546559 0.045171 0.113360
1 0.830997 0.293522 0.028037 0.048583
1 0.375389 0.595142 0.024922 0.097166
1 0.431464 0.451417 0.042056 0.121457
1 0.663551 0.263158 0.034268 0.133603
0 0.100467 0.803644 0.032710 0.085020
1 0.133178 0.955466 0.017134 0.040486
0 0.247664 0.593117 0.015576 0.060729
1 0.214953 0.846154 0.052960 0.105263
0 0.285826 0.372470 0.038941 0.097166
0 0.503894 0.370445 0.051402 0.101215
1 0.794393 0.218623 0.023364 0.044534
1 0.584891 0.311741 0.035826 0.109312
0 0.714953 0.155870 0.034268 0.093117
1 0.380841 0.874494 0.063863 0.190283
