0 0.313084 0.259109 0.014019 0.040486
1 0.798287 0.568826 0.010903 0.020243
1 0.272586 0.356275 0.021807 0.056680
1 0.615265 0.111336 0.010903 0.024291
0 0.253115 0.220648 0.031153 0.068826
0 0.235202 0.912955 0.049844 0.141700
1 0.130062 0.767206 0.052960 0.109312
1 0.465732 0.230769 0.062305 0.117409
0 0.099688 0.125506 0.014019 0.032389
1 0.597352 0.548583 0.023364 0.036437
1 0.895639 0.817814 0.038941 0.080972
1 0.323209 0.736842 0.084112 0.222672
1 0.443146 0.384615 0.024922 0.064777
1 0.619159 0.463563 0.035826 0.089069
1 0.655763 0.172065 0.042056 0.113360
0 0.107477 0.578947 0.032710 0.093117
0 0.149533 0.131579 0.012461 0.044534
0 0.299065 0.939271 0.020249 0.056680
1 0.163551 0.625506 0.006231 0.012146
1 0.852804 0.742915 0.017134 0.085020
1 0.240654 0.396761 0.010903 0.032389
1 0.852804 0.443320 0.028037 0.064777
1 0.169782 0.429150 0.073209 0.137652
1 0.383178 0.487854 0.010903 0.028340
1 0.496885 0.900810 0.031153 0.101215
1 0.113707 0.348178 0.062305 0.149798
1 0.819315 0.475709 0.003115 0.020243
0 0.380841 0.208502 0.040498 0.093117
1 0.776480 0.338057 0.060748 0.129555
1 0.393302 0.621457 0.073209 0.149798
0 0.485202 0.487854 0.038941 0.101215
0 0.919782 0.386640 0.031153 0.080972
0 0.448598 0.886640 0.018692 0.044534
1 0.709502 0.698381 0.049844 0.109312
0 0.454829 0.773279 0.042056 0.117409
1 0.168224 0.502024 0.020249 0.040486
1 0.742212 0.836032 0.048287 0.157895
0 0.809969 0.738866 0.056075 0.178138
1 0.574766 0.336032 0.038941 0.076923
1 0.671340 0.949393 0.014019 0.036437
1 0.721184 0.773279 0.051402 0.085020
0 0.370717 0.271255 0.028037 0.064777
1 0.544393 0.945344 0.018692 0.056680
1 0.719626 0.358300 0.101246 0.210526
0 0.879283 0.414980 0.054517 0.141700
0 0.528816 0.576923 0.049844 0.101215
0 0.228972 0.463563 0.018692 0.040486
0 0.637072 0.348178 0.056075 0.121457
1 0.347352 0.906883 0.026480 0.064777
1 0.300623 0.421053 0.018692 0.048583
1 0.620717 0.943320 0.024922 0.052632
1 0.154984 0.267206 0.034268 0.060729
