1 0.739097 0.651822 0.096573 0.149798
1 0.886293 0.406883 0.060748 0.170040
1 0.472741 0.269231 0.007788 0.020243
0 0.426791 0.589069 0.051402 0.121457
0 0.538162 0.973684 0.015576 0.028340
1 0.319315 0.623482 0.010903 0.028340
0 0.841121 0.548583 0.021807 0.032389
0 0.515576 0.283401 0.015576 0.040486
0 0.685358 0.771255 0.034268 0.056680
1 0.675234 0.657895 0.026480 0.133603
0 0.201713 0.489879 0.049844 0.125506
1 0.800623 0.246964 0.023364 0.064777
1 0.394860 0.412955 0.048287 0.137652
1 0.257788 0.155870 0.028037 0.080972
0 0.240654 0.708502 0.085670 0.246964
1 0.605919 0.795547 0.007788 0.032389
1 0.658100 0.759109 0.034268 0.125506
1 0.923676 0.771255 0.045171 0.145749
1 0.497664 0.419028 0.045171 0.085020
0 0.623053 0.447368 0.012461 0.036437
0 0.168224 0.315789 0.029595 0.076923
0 0.404984 0.696356 0.035826 0.060729
1 0.177570 0.809717 0.102804 0.214575
0 0.297508 0.805668 0.020249 0.052632
0 0.066199 0.866397 0.012461 0.036437
1 0.595794 0.336032 0.028037 0.060729
1 0.805296 0.629555 0.026480 0.085020
1 0.482087 0.657895 0.035826 0.093117
0 0.626947 0.789474 0.024922 0.060729
0 0.730530 0.396761 0.091900 0.226721
1 0.316199 0.904858 0.049844 0.117409
1 0.613707 0.637652 0.012461 0.036437
