1 0.906542 0.631579 0.087227 0.182186
1 0.750779 0.908907 0.014019 0.048583
1 0.146417 0.898785 0.009346 0.024291
1 0.424455 0.718623 0.046729 0.194332
0 0.413551 0.959514 0.017134 0.032389
0 0.687695 0.283401 0.060748 0.161943
1 0.607477 0.718623 0.063863 0.186235
1 0.341121 0.502024 0.105919 0.279352
1 0.088006 0.410931 0.046729 0.182186
0 0.200935 0.392713 0.032710 0.093117
1 0.620717 0.570850 0.076324 0.153846
0 0.466511 0.815789 0.066978 0.174089
0 0.677570 0.862348 0.009346 0.024291
1 0.217290 0.427126 0.024922 0.056680
1 0.327882 0.234818 0.012461 0.040486
1 0.200935 0.621457 0.031153 0.064777
0 0.109034 0.230769 0.024922 0.072874
1 0.700156 0.220648 0.054517 0.076923
0 0.101246 0.831984 0.059190 0.145749
1 0.809190 0.506073 0.095016 0.271255
1 0.862928 0.390688 0.090343 0.234818
1 0.624611 0.224696 0.009346 0.020243
1 0.220405 0.172065 0.043614 0.129555
0 0.235202 0.313765 0.043614 0.048583
0 0.302181 0.720648 0.066978 0.340081
0 0.774143 0.714575 0.020249 0.056680
1 0.947040 0.846154 0.006231 0.024291
0 0.643302 0.259109 0.032710 0.080972
1 0.039720 0.894737 0.009346 0.036437
1 0.911994 0.931174 0.010903 0.024291
1 0.746885 0.303644 0.028037 0.072874
1 0.171340 0.700405 0.048287 0.157895
1 0.387072 0.870445 0.048287 0.101215
1 0.711838 0.400810 0.049844 0.157895
1 0.175234 0.228745 0.021807 0.093117
1 0.448598 0.404858 0.024922 0.105263
0 0.509346 0.400810 0.034268 0.105263
1 0.600467 0.232794 0.024922 0.076923
1 0.309969 0.919028 0.014019 0.044534
1 0.584112 0.625506 0.049844 0.133603
