1 0.489875 0.129555 0.023364 0.036437
1 0.414330 0.668016 0.042056 0.133603
0 0.842679 0.502024 0.042056 0.153846
1 0.291277 0.289474 0.012461 0.036437
1 0.808411 0.933198 0.024922 0.068826
1 0.204829 0.781377 0.132399 0.214575
0 0.063863 0.696356 0.037383 0.105263
0 0.475857 0.558704 0.060748 0.109312
0 0.194704 0.471660 0.009346 0.028340
1 0.186916 0.159919 0.031153 0.080972
0 0.306854 0.259109 0.020249 0.068826
0 0.584112 0.882591 0.037383 0.072874
0 0.711059 0.514170 0.007788 0.024291
1 0.572430 0.929150 0.018692 0.044534
0 0.102025 0.267206 0.015576 0.040486
1 0.667445 0.382591 0.032710 0.080972
1 0.473520 0.463563 0.029595 0.105263
1 0.646417 0.370445 0.024922 0.060729
1 0.826324 0.657895 0.026480 0.064777
1 0.905763 0.890688 0.018692 0.052632
1 0.539720 0.437247 0.031153 0.044534
1 0.397975 0.587045 0.010903 0.028340
1 0.269470 0.580972 0.031153 0.093117
1 0.780374 0.295547 0.020249 0.032389
0 0.925234 0.453441 0.028037 0.064777
1 0.436137 0.125506 0.010903 0.040486
0 0.475857 0.708502 0.054517 0.186235
0 0.837227 0.609312 0.031153 0.089069
0 0.511682 0.350202 0.012461 0.036437
0 0.570093 0.530364 0.007788 0.040486
1 0.587227 0.914980 0.018692 0.036437
0 0.538162 0.514170 0.032710 0.089069
1 0.758567 0.742915 0.034268 0.060729
0 0.731308 0.688259 0.038941 0.072874
1 0.450935 0.145749 0.010903 0.024291
0 0.807632 0.388664 0.007788 0.016194
0 0.673676 0.576923 0.014019 0.036437
0 0.707944 0.805668 0.042056 0.121457
1 0.629283 0.414980 0.049844 0.089069
1 0.661994 0.141700 0.010903 0.032389
1 0.173676 0.293522 0.045171 0.121457
1 0.080997 0.135628 0.023364 0.064777
1 0.864486 0.305668 0.034268 0.093117
1 0.508567 0.165992 0.024922 0.068826
