1 0.147196 0.661943 0.021807 0.040486
1 0.370717 0.285425 0.042056 0.113360
1 0.906542 0.751012 0.017134 0.052632
1 0.170561 0.374494 0.045171 0.093117
1 0.782710 0.856275 0.029595 0.056680
0 0.697040 0.846154 0.020249 0.064777
0 0.792835 0.522267 0.034268 0.101215
0 0.383178 0.200405 0.028037 0.093117
1 0.437695 0.469636 0.031153 0.085020
1 0.124611 0.287449 0.060748 0.097166
0 0.299065 0.625506 0.095016 0.246964
0 0.945483 0.121457 0.012461 0.032389
1 0.367601 0.692308 0.051402 0.125506
1 0.125389 0.850202 0.068536 0.121457
1 0.266355 0.354251 0.014019 0.028340
0 0.699377 0.603239 0.006231 0.016194
1 0.193146 0.690283 0.056075 0.165992
1 0.063084 0.694332 0.014019 0.032389
1 0.676791 0.390688 0.048287 0.117409
1 0.383956 0.429150 0.037383 0.097166
0 0.167445 0.439271 0.012461 0.036437
1 0.820872 0.277328 0.074766 0.214575
1 0.630841 0.325911 0.062305 0.149798
0 0.708723 0.344130 0.056075 0.133603
1 0.644860 0.404858 0.051402 0.109312
0 0.665888 0.267206 0.060748 0.145749
1 0.904984 0.255061 0.012461 0.036437
1 0.161994 0.133603 0.026480 0.076923
0 0.426791 0.921053 0.021807 0.072874
1 0.433801 0.769231 0.087227 0.222672
0 0.528816 0.556680 0.099688 0.230769
0 0.691589 0.736842 0.059190 0.165992
0 0.880062 0.702429 0.043614 0.105263
1 0.097352 0.870445 0.032710 0.133603
0 0.746106 0.779352 0.045171 0.145749
0 0.542056 0.180162 0.037383 0.076923
0 0.063863 0.378543 0.032710 0.072874
0 0.369159 0.927126 0.043614 0.064777
0 0.626947 0.633603 0.012461 0.028340
1 0.643302 0.708502 0.018692 0.048583
1 0.380062 0.775304 0.028037 0.060729
1 0.899533 0.421053 0.026480 0.072874
0 0.739097 0.143725 0.031153 0.089069
0 0.737539 0.483806 0.010903 0.024291
0 0.262461 0.151822 0.043614 0.105263
1 0.424455 0.323887 0.028037 0.093117
0 0.336449 0.852227 0.046729 0.117409
1 0.815421 0.860324 0.042056 0.117409
1 0.380062 0.534413 0.052960 0.145749
0 0.543614 0.234818 0.024922 0.072874
0 0.947040 0.329960 0.031153 0.052632
0 0.253115 0.587045 0.051402 0.145749
1 0.059969 0.479757 0.037383 0.080972
0 0.639408 0.876518 0.046729 0.117409
0 0.338006 0.311741 0.040498 0.137652
0 0.882399 0.467611 0.026480 0.080972
0 0.250779 0.176113 0.028037 0.080972
1 0.146417 0.558704 0.020249 0.056680
