1 0.860592 0.836032 0.026480 0.068826
1 0.883178 0.566802 0.015576 0.048583
1 0.758567 0.663968 0.023364 0.072874
1 0.367601 0.309717 0.074766 0.137652
1 0.830997 0.917004 0.014019 0.032389
1 0.091900 0.141700 0.006231 0.024291
0 0.126947 0.299595 0.048287 0.117409
1 0.887072 0.230769 0.028037 0.076923
1 0.259346 0.795547 0.017134 0.044534
1 0.929128 0.842105 0.028037 0.044534
1 0.083333 0.289474 0.020249 0.036437
1 0.389408 0.789474 0.018692 0.060729
1 0.352804 0.627530 0.048287 0.165992
1 0.541277 0.317814 0.038941 0.129555
1 0.221963 0.508097 0.031153 0.060729
0 0.313863 0.431174 0.045171 0.141700
0 0.932243 0.805668 0.007788 0.024291
1 0.161215 0.392713 0.031153 0.076923
0 0.423676 0.402834 0.014019 0.040486
0 0.615265 0.404858 0.043614 0.109312
1 0.619159 0.344130 0.042056 0.080972
1 0.207944 0.291498 0.028037 0.064777
0 0.662773 0.736842 0.023364 0.097166
1 0.725078 0.886640 0.014019 0.052632
1 0.217290 0.619433 0.060748 0.149798
1 0.144860 0.566802 0.046729 0.117409
1 0.563084 0.629555 0.021807 0.080972
0 0.706386 0.506073 0.031153 0.072874
0 0.482087 0.172065 0.010903 0.028340
0 0.204829 0.767206 0.084112 0.238866
1 0.733645 0.279352 0.029595 0.097166
1 0.430685 0.653846 0.079439 0.137652
1 0.824766 0.720648 0.015576 0.036437
1 0.806854 0.502024 0.028037 0.072874
1 0.073988 0.921053 0.007788 0.028340
1 0.292835 0.601215 0.042056 0.080972
1 0.385514 0.655870 0.049844 0.080972
1 0.852804 0.627530 0.052960 0.149798
1 0.240654 0.307692 0.021807 0.072874
0 0.087227 0.813765 0.068536 0.125506
0 0.504673 0.629555 0.021807 0.060729
1 0.113707 0.716599 0.021807 0.056680
1 0.219626 0.342105 0.014019 0.060729
1 0.823988 0.759109 0.023364 0.056680
1 0.676791 0.829960 0.018692 0.072874
1 0.485981 0.255061 0.014019 0.040486
1 0.246106 0.408907 0.029595 0.068826
