1 0.860592 0.172065 0.014019 0.040486
1 0.190810 0.487854 0.042056 0.109312
1 0.155763 0.815789 0.045171 0.101215
1 0.408879 0.334008 0.037383 0.085020
1 0.609034 0.580972 0.040498 0.113360
0 0.221963 0.540486 0.004673 0.012146
1 0.841900 0.637652 0.028037 0.040486
0 0.948598 0.645749 0.015576 0.044534
0 0.771807 0.431174 0.070093 0.129555
0 0.644860 0.471660 0.020249 0.093117
1 0.889408 0.244939 0.029595 0.076923
0 0.421340 0.765182 0.009346 0.040486
0 0.707165 0.356275 0.017134 0.040486
1 0.811526 0.672065 0.037383 0.137652
0 0.353583 0.374494 0.029595 0.157895
1 0.690031 0.538462 0.015576 0.072874
1 0.379283 0.510121 0.037383 0.085020
1 0.654206 0.147773 0.028037 0.101215
1 0.070872 0.103239 0.010903 0.020243
0 0.563863 0.433198 0.024922 0.048583
0 0.136293 0.633603 0.049844 0.093117
1 0.616044 0.504049 0.015576 0.032389
0 0.481308 0.449393 0.009346 0.044534
0 0.178349 0.406883 0.015576 0.060729
1 0.267913 0.542510 0.068536 0.210526
1 0.494548 0.856275 0.014019 0.032389
0 0.158879 0.253036 0.028037 0.056680
0 0.644860 0.336032 0.003115 0.012146
0 0.716511 0.121457 0.031153 0.056680
1 0.877726 0.878543 0.038941 0.089069
0 0.277259 0.340081 0.006231 0.016194
1 0.197819 0.299595 0.010903 0.024291
0 0.327103 0.599190 0.056075 0.214575
0 0.511682 0.933198 0.009346 0.028340
1 0.833333 0.900810 0.028037 0.052632
0 0.149533 0.536437 0.007788 0.020243
0 0.926012 0.844130 0.037383 0.117409
0 0.348131 0.783401 0.042056 0.133603
0 0.457944 0.536437 0.052960 0.101215
1 0.647975 0.963563 0.006231 0.024291
0 0.754673 0.139676 0.012461 0.028340
1 0.089564 0.787449 0.038941 0.089069
1 0.505452 0.657895 0.010903 0.036437
1 0.919003 0.376518 0.051402 0.145749
0 0.955607 0.617409 0.010903 0.036437
1 0.131620 0.585020 0.023364 0.089069
1 0.929907 0.461538 0.021807 0.052632
0 0.318536 0.483806 0.007788 0.020243
0 0.832555 0.457490 0.113707 0.255061
1 0.932243 0.720648 0.029595 0.060729
