1 0.535826 0.718623 0.063863 0.145749
1 0.436137 0.791498 0.010903 0.040486
0 0.391745 0.271255 0.060748 0.145749
1 0.774143 0.396761 0.020249 0.052632
0 0.376947 0.651822 0.040498 0.080972
1 0.805296 0.467611 0.056075 0.153846
1 0.128505 0.362348 0.028037 0.097166
1 0.275701 0.712551 0.034268 0.076923
1 0.356698 0.301619 0.038941 0.125506
1 0.349688 0.716599 0.023364 0.089069
1 0.276480 0.163968 0.012461 0.060729
0 0.662773 0.546559 0.026480 0.064777
1 0.434579 0.297571 0.018692 0.052632
1 0.595016 0.285425 0.023364 0.052632
1 0.272586 0.639676 0.020249 0.044534
1 0.425234 0.736842 0.021807 0.040486
1 0.505452 0.455466 0.091900 0.348178
1 0.610592 0.589069 0.021807 0.068826
1 0.425234 0.115385 0.012461 0.028340
0 0.753115 0.299595 0.035826 0.080972
0 0.581776 0.635628 0.007788 0.024291
1 0.109034 0.218623 0.073209 0.165992
0 0.408100 0.933198 0.014019 0.028340
1 0.612928 0.402834 0.017134 0.040486
1 0.573209 0.797571 0.028037 0.064777
1 0.536604 0.212551 0.065421 0.113360
0 0.596573 0.352227 0.003115 0.012146
1 0.720405 0.716599 0.076324 0.182186
0 0.944704 0.775304 0.017134 0.040486
0 0.842679 0.230769 0.049844 0.121457
1 0.146417 0.285425 0.032710 0.101215
0 0.674455 0.253036 0.038941 0.125506
1 0.221963 0.352227 0.015576 0.056680
1 0.379283 0.467611 0.026480 0.072874
1 0.796729 0.374494 0.012461 0.040486
0 0.668224 0.890688 0.012461 0.032389
1 0.227414 0.797571 0.006231 0.016194
1 0.170561 0.852227 0.009346 0.028340
1 0.225857 0.544534 0.040498 0.174089
0 0.460280 0.856275 0.017134 0.052632
1 0.849688 0.493927 0.029595 0.097166
1 0.173676 0.708502 0.054517 0.113360
1 0.788162 0.854251 0.087227 0.153846
1 0.876947 0.746964 0.052960 0.121457
1 0.945483 0.271255 0.024922 0.093117
1 0.325545 0.803644 0.052960 0.129555
0 0.192368 0.206478 0.043614 0.105263
1 0.103583 0.884615 0.060748 0.093117
1 0.897196 0.556680 0.009346 0.020243
1 0.084112 0.672065 0.040498 0.129555
1 0.487539 0.767206 0.043614 0.121457
1 0.930685 0.599190 0.032710 0.064777
1 0.485981 0.921053 0.046729 0.076923
1 0.781931 0.548583 0.065421 0.153846
0 0.322430 0.291498 0.046729 0.165992
1 0.651869 0.425101 0.059190 0.141700
0 0.749221 0.504049 0.076324 0.210526
1 0.297508 0.856275 0.037383 0.076923
1 0.781931 0.178138 0.031153 0.093117
