1 0.838006 0.649798 0.031153 0.125506
0 0.230530 0.720648 0.040498 0.076923
0 0.317757 0.635628 0.048287 0.076923
1 0.598910 0.222672 0.023364 0.068826
1 0.528037 0.188259 0.037383 0.089069
1 0.344237 0.174089 0.018692 0.056680
1 0.880841 0.856275 0.009346 0.028340
0 0.376947 0.236842 0.028037 0.085020
0 0.677570 0.876518 0.048287 0.161943
0 0.596573 0.789474 0.026480 0.068826
1 0.529595 0.676113 0.006231 0.032389
0 0.904206 0.882591 0.045171 0.052632
0 0.168224 0.182186 0.009346 0.024291
1 0.904984 0.504049 0.034268 0.076923
0 0.367601 0.767206 0.046729 0.170040
0 0.559969 0.688259 0.057632 0.072874
1 0.857477 0.836032 0.010903 0.044534
0 0.559969 0.350202 0.017134 0.093117
1 0.517134 0.293522 0.037383 0.097166
1 0.692368 0.404858 0.079439 0.190283
1 0.823209 0.702429 0.032710 0.072874
1 0.634735 0.906883 0.068536 0.145749
1 0.119159 0.686235 0.028037 0.113360
1 0.059969 0.605263 0.023364 0.036437
0 0.867601 0.797571 0.029595 0.056680
1 0.093458 0.751012 0.018692 0.052632
1 0.825545 0.346154 0.043614 0.085020
0 0.152648 0.850202 0.029595 0.060729
0 0.117601 0.724696 0.054517 0.121457
1 0.469626 0.497976 0.051402 0.202429
1 0.915888 0.174089 0.063863 0.125506
1 0.168224 0.617409 0.018692 0.076923
1 0.602025 0.331984 0.037383 0.080972
1 0.797508 0.603239 0.010903 0.040486
1 0.049065 0.842105 0.026480 0.040486
0 0.809190 0.218623 0.042056 0.141700
0 0.460280 0.682186 0.046729 0.064777
1 0.630062 0.259109 0.017134 0.060729
1 0.118380 0.902834 0.031153 0.097166
1 0.645639 0.323887 0.032710 0.129555
1 0.733645 0.676113 0.009346 0.024291
1 0.485202 0.801619 0.038941 0.093117
1 0.750779 0.380567 0.038941 0.137652
1 0.323209 0.850202 0.026480 0.056680
1 0.347352 0.301619 0.021807 0.076923
1 0.103583 0.271255 0.077882 0.234818
1 0.566978 0.208502 0.023364 0.072874
0 0.152648 0.937247 0.037383 0.085020
1 0.881620 0.724696 0.018692 0.044534
1 0.857477 0.313765 0.015576 0.032389
1 0.338785 0.748988 0.020249 0.056680
1 0.584112 0.477733 0.024922 0.044534
1 0.923676 0.259109 0.056075 0.161943
0 0.211838 0.202429 0.009346 0.020243
