1 0.760903 0.143725 0.031153 0.052632
0 0.383178 0.560729 0.048287 0.133603
1 0.672118 0.465587 0.057632 0.125506
1 0.841121 0.892713 0.032710 0.085020
0 0.831776 0.850202 0.048287 0.117409
1 0.314642 0.870445 0.054517 0.165992
0 0.584891 0.141700 0.004673 0.020243
1 0.419003 0.813765 0.043614 0.117409
0 0.221184 0.544534 0.052960 0.214575
0 0.711059 0.261134 0.045171 0.141700
1 0.890966 0.285425 0.063863 0.190283
1 0.750000 0.356275 0.017134 0.048583
0 0.169003 0.358300 0.004673 0.012146
0 0.416667 0.417004 0.045171 0.089069
1 0.211059 0.309717 0.063863 0.165992
0 0.659657 0.643725 0.038941 0.133603
0 0.771807 0.862348 0.026480 0.060729
0 0.755452 0.305668 0.018692 0.044534
0 0.088785 0.787449 0.038941 0.109312
0 0.908879 0.748988 0.051402 0.190283
0 0.066199 0.214575 0.043614 0.101215
1 0.358255 0.878543 0.074766 0.133603
1 0.171340 0.184211 0.029595 0.101215
0 0.296729 0.601215 0.035826 0.093117
0 0.192368 0.615385 0.070093 0.178138
1 0.491433 0.168016 0.018692 0.052632
1 0.126947 0.400810 0.021807 0.072874
1 0.265576 0.623482 0.026480 0.105263
1 0.753115 0.759109 0.010903 0.068826
1 0.321651 0.688259 0.057632 0.145749
1 0.492212 0.528340 0.017134 0.044534
1 0.824766 0.587045 0.060748 0.133603
1 0.099688 0.580972 0.024922 0.093117
1 0.630062 0.793522 0.015576 0.080972
1 0.908100 0.961538 0.018692 0.040486
1 0.503894 0.771255 0.045171 0.121457
0 0.602804 0.530364 0.057632 0.117409
1 0.429128 0.574899 0.015576 0.024291
1 0.625389 0.398785 0.015576 0.044534
0 0.180685 0.921053 0.045171 0.076923
1 0.249221 0.455466 0.062305 0.157895
0 0.776480 0.641700 0.010903 0.028340
0 0.713396 0.475709 0.018692 0.056680
1 0.848910 0.676113 0.023364 0.137652
1 0.457165 0.585020 0.017134 0.040486
0 0.177570 0.447368 0.032710 0.089069
1 0.630841 0.514170 0.026480 0.052632
1 0.182243 0.419028 0.031153 0.072874
1 0.510903 0.414980 0.006231 0.012146
1 0.256231 0.761134 0.116822 0.210526
1 0.591900 0.759109 0.037383 0.105263
1 0.150312 0.647773 0.035826 0.044534
1 0.452492 0.898785 0.029595 0.056680
0 0.050623 0.562753 0.014019 0.056680
0 0.151090 0.514170 0.012461 0.020243
0 0.739875 0.406883 0.028037 0.097166
0 0.626947 0.603239 0.028037 0.064777
1 0.693925 0.374494 0.032710 0.052632
1 0.682243 0.686235 0.028037 0.113360
