1 0.485202 0.382591 0.028037 0.056680
1 0.785826 0.801619 0.018692 0.056680
1 0.116822 0.291498 0.031153 0.076923
1 0.385514 0.908907 0.028037 0.072874
1 0.879283 0.753036 0.009346 0.040486
1 0.728972 0.350202 0.010903 0.036437
1 0.363707 0.495951 0.015576 0.060729
1 0.808411 0.625506 0.046729 0.048583
1 0.335670 0.712551 0.049844 0.149798
1 0.419782 0.271255 0.066978 0.149798
0 0.337227 0.301619 0.029595 0.105263
1 0.563863 0.362348 0.026480 0.060729
1 0.764798 0.242915 0.031153 0.072874
1 0.482866 0.799595 0.048287 0.129555
0 0.920561 0.398785 0.034268 0.105263
0 0.707944 0.738866 0.052960 0.133603
0 0.246106 0.354251 0.014019 0.040486
1 0.658100 0.578947 0.018692 0.056680
0 0.945483 0.400810 0.009346 0.040486
1 0.781931 0.607287 0.043614 0.145749
0 0.750000 0.566802 0.079439 0.141700
1 0.720405 0.827935 0.035826 0.093117
1 0.380841 0.255061 0.045171 0.133603
1 0.537383 0.663968 0.012461 0.028340
1 0.802181 0.439271 0.018692 0.044534
0 0.383178 0.746964 0.012461 0.024291
1 0.077882 0.419028 0.007788 0.020243
1 0.442368 0.417004 0.060748 0.149798
0 0.778037 0.467611 0.014019 0.044534
0 0.637072 0.809717 0.006231 0.016194
1 0.128505 0.815789 0.038941 0.109312
0 0.451713 0.338057 0.040498 0.060729
1 0.683022 0.894737 0.020249 0.101215
0 0.475857 0.495951 0.024922 0.064777
