1 0.259346 0.212551 0.015576 0.060729
0 0.151869 0.856275 0.042056 0.093117
1 0.851246 0.896761 0.040498 0.117409
1 0.732087 0.447368 0.065421 0.165992
0 0.644081 0.767206 0.023364 0.064777
0 0.321651 0.431174 0.024922 0.068826
0 0.112928 0.825911 0.031153 0.121457
1 0.686916 0.477733 0.042056 0.097166
1 0.266355 0.797571 0.062305 0.097166
0 0.543614 0.684211 0.018692 0.052632
0 0.102025 0.500000 0.010903 0.028340
0 0.478972 0.178138 0.028037 0.129555
1 0.560748 0.471660 0.038941 0.149798
0 0.808411 0.222672 0.023364 0.060729
1 0.316199 0.552632 0.032710 0.076923
0 0.485202 0.473684 0.009346 0.024291
1 0.065421 0.198381 0.024922 0.072874
0 0.814642 0.552632 0.029595 0.036437
1 0.831776 0.352227 0.032710 0.105263
1 0.208723 0.694332 0.080997 0.149798
1 0.411215 0.141700 0.040498 0.060729
1 0.420561 0.753036 0.028037 0.093117
1 0.785047 0.500000 0.040498 0.190283
1 0.576324 0.753036 0.035826 0.072874
1 0.168224 0.315789 0.054517 0.145749
1 0.386293 0.890688 0.014019 0.032389
1 0.844237 0.744939 0.017134 0.044534
0 0.251558 0.163968 0.017134 0.052632
1 0.699377 0.151822 0.032710 0.072874
1 0.454829 0.742915 0.026480 0.076923
0 0.750000 0.325911 0.017134 0.052632
1 0.612150 0.823887 0.012461 0.036437
1 0.575545 0.255061 0.082555 0.157895
0 0.320872 0.953441 0.009346 0.036437
