1 0.478972 0.528340 0.070093 0.141700
1 0.230530 0.645749 0.029595 0.149798
1 0.450156 0.350202 0.024922 0.040486
0 0.227414 0.765182 0.014019 0.048583
1 0.752336 0.520243 0.015576 0.032389
1 0.179907 0.641700 0.024922 0.060729
1 0.271807 0.815789 0.024922 0.056680
1 0.130062 0.429150 0.014019 0.040486
0 0.377726 0.716599 0.020249 0.040486
0 0.526480 0.439271 0.052960 0.125506
0 0.649533 0.838057 0.034268 0.129555
1 0.274922 0.568826 0.018692 0.052632
0 0.529595 0.827935 0.052960 0.133603
0 0.690810 0.390688 0.046729 0.182186
1 0.489097 0.751012 0.056075 0.149798
1 0.734424 0.789474 0.029595 0.060729
1 0.174455 0.459514 0.035826 0.089069
0 0.420561 0.874494 0.028037 0.089069
0 0.323209 0.829960 0.014019 0.032389
1 0.443146 0.682186 0.014019 0.044534
1 0.496885 0.358300 0.018692 0.060729
1 0.800623 0.277328 0.018692 0.040486
0 0.084891 0.688259 0.077882 0.137652
1 0.647975 0.748988 0.042056 0.113360
0 0.809190 0.823887 0.079439 0.226721
0 0.746885 0.170040 0.032710 0.117409
1 0.623832 0.595142 0.054517 0.137652
0 0.082555 0.255061 0.020249 0.056680
0 0.833333 0.680162 0.012461 0.028340
1 0.874611 0.886640 0.007788 0.016194
1 0.521028 0.532389 0.038941 0.097166
1 0.680685 0.744939 0.026480 0.097166
1 0.666667 0.196356 0.034268 0.105263
1 0.194704 0.192308 0.012461 0.028340
1 0.916667 0.562753 0.046729 0.129555
0 0.056075 0.313765 0.012461 0.044534
1 0.260903 0.168016 0.010903 0.032389
1 0.700156 0.708502 0.020249 0.036437
1 0.356698 0.386640 0.087227 0.161943
1 0.904984 0.309717 0.028037 0.056680
1 0.535047 0.283401 0.059190 0.157895
1 0.376947 0.145749 0.015576 0.072874
1 0.259346 0.287449 0.046729 0.105263
1 0.197040 0.354251 0.012461 0.052632
0 0.662773 0.147773 0.026480 0.064777
0 0.633956 0.692308 0.026480 0.068826
0 0.298287 0.453441 0.014019 0.040486
1 0.568536 0.738866 0.028037 0.085020
1 0.492212 0.615385 0.060748 0.161943
0 0.708723 0.734818 0.010903 0.052632
1 0.591900 0.929150 0.037383 0.072874
0 0.672118 0.443320 0.066978 0.182186
1 0.850467 0.242915 0.017134 0.064777
0 0.586449 0.568826 0.028037 0.052632
1 0.867601 0.283401 0.018692 0.064777
