1 0.630841 0.220648 0.046729 0.101215
0 0.193146 0.560729 0.031153 0.105263
1 0.696262 0.309717 0.020249 0.052632
0 0.052960 0.461538 0.009346 0.024291
1 0.100467 0.730769 0.017134 0.060729
1 0.172118 0.348178 0.045171 0.113360
0 0.566199 0.572874 0.007788 0.036437
1 0.522586 0.870445 0.028037 0.093117
1 0.452492 0.157895 0.028037 0.089069
1 0.350467 0.688259 0.046729 0.089069
1 0.193925 0.678138 0.080997 0.218623
1 0.709502 0.366397 0.015576 0.040486
1 0.278037 0.299595 0.010903 0.032389
1 0.855140 0.471660 0.015576 0.040486
1 0.502336 0.137652 0.014019 0.032389
1 0.922897 0.914980 0.006231 0.024291
0 0.608255 0.840081 0.009346 0.020243
0 0.707944 0.578947 0.071651 0.170040
0 0.385514 0.665992 0.024922 0.064777
1 0.718069 0.923077 0.015576 0.044534
1 0.765576 0.222672 0.026480 0.060729
1 0.550623 0.548583 0.017134 0.052632
1 0.552181 0.376518 0.018692 0.048583
0 0.496106 0.643725 0.012461 0.032389
1 0.109034 0.848178 0.012461 0.044534
1 0.082555 0.781377 0.009346 0.020243
1 0.093458 0.242915 0.028037 0.085020
1 0.403427 0.595142 0.017134 0.048583
0 0.878505 0.957490 0.015576 0.036437
0 0.295950 0.356275 0.026480 0.060729
1 0.291277 0.580972 0.009346 0.036437
0 0.619938 0.787449 0.023364 0.036437
1 0.274143 0.902834 0.054517 0.157895
1 0.279595 0.795547 0.045171 0.153846
0 0.410436 0.277328 0.032710 0.101215
1 0.448598 0.757085 0.035826 0.080972
1 0.566978 0.447368 0.035826 0.105263
0 0.254673 0.467611 0.017134 0.048583
