0 0.271807 0.159919 0.042056 0.080972
1 0.246106 0.447368 0.026480 0.097166
1 0.523364 0.882591 0.024922 0.080972
1 0.651869 0.202429 0.026480 0.085020
0 0.133956 0.888664 0.038941 0.105263
1 0.458723 0.315789 0.014019 0.048583
1 0.130062 0.354251 0.098131 0.226721
1 0.378505 0.202429 0.026480 0.068826
1 0.404984 0.443320 0.040498 0.080972
1 0.086449 0.103239 0.017134 0.028340
1 0.130062 0.510121 0.052960 0.093117
1 0.365265 0.609312 0.028037 0.072874
0 0.852025 0.603239 0.024922 0.101215
0 0.486760 0.366397 0.042056 0.113360
0 0.691589 0.710526 0.034268 0.093117
1 0.753115 0.661943 0.037383 0.060729
0 0.606698 0.475709 0.054517 0.157895
1 0.175234 0.627530 0.037383 0.068826
1 0.878505 0.178138 0.049844 0.121457
1 0.675234 0.720648 0.026480 0.076923
1 0.361371 0.777328 0.068536 0.214575
0 0.356698 0.431174 0.043614 0.125506
0 0.114486 0.556680 0.038941 0.072874
1 0.744548 0.489879 0.017134 0.052632
1 0.926012 0.783401 0.023364 0.085020
1 0.243769 0.937247 0.014019 0.024291
1 0.327103 0.736842 0.066978 0.153846
1 0.672897 0.854251 0.040498 0.076923
1 0.425234 0.943320 0.015576 0.052632
1 0.742212 0.791498 0.037383 0.060729
1 0.948598 0.840081 0.012461 0.032389
1 0.774143 0.629555 0.021807 0.044534
1 0.074766 0.767206 0.024922 0.085020
1 0.454829 0.829960 0.009346 0.024291
1 0.477414 0.748988 0.045171 0.080972
0 0.795950 0.977733 0.009346 0.036437
0 0.315421 0.593117 0.023364 0.056680
1 0.714953 0.751012 0.018692 0.028340
1 0.108255 0.500000 0.049844 0.109312
0 0.514798 0.419028 0.021807 0.052632
0 0.161994 0.813765 0.052960 0.153846
0 0.792835 0.538462 0.020249 0.060729
