1 0.079439 0.340081 0.010903 0.032389
1 0.073988 0.147773 0.012461 0.044534
0 0.612928 0.204453 0.007788 0.028340
1 0.300623 0.234818 0.060748 0.089069
1 0.087227 0.414980 0.062305 0.129555
1 0.588785 0.512146 0.042056 0.105263
1 0.712617 0.518219 0.052960 0.170040
1 0.073209 0.919028 0.024922 0.056680
1 0.888629 0.224696 0.024922 0.064777
1 0.401090 0.722672 0.021807 0.040486
1 0.208723 0.336032 0.085670 0.190283
0 0.392523 0.548583 0.073209 0.198381
1 0.542056 0.890688 0.017134 0.040486
1 0.430685 0.663968 0.038941 0.109312
1 0.487539 0.425101 0.038941 0.149798
1 0.631620 0.437247 0.029595 0.072874
1 0.264019 0.670040 0.007788 0.024291
0 0.910436 0.700405 0.017134 0.048583
1 0.728193 0.639676 0.066978 0.149798
1 0.409657 0.469636 0.045171 0.125506
1 0.500779 0.921053 0.028037 0.056680
1 0.262461 0.613360 0.028037 0.056680
1 0.318536 0.384615 0.043614 0.093117
1 0.543614 0.157895 0.023364 0.068826
0 0.123053 0.611336 0.028037 0.105263
1 0.745327 0.317814 0.024922 0.089069
1 0.811526 0.228745 0.059190 0.121457
1 0.799065 0.736842 0.038941 0.105263
1 0.552960 0.951417 0.021807 0.048583
1 0.678349 0.894737 0.043614 0.149798
