0 0.481308 0.914980 0.014019 0.040486
1 0.568536 0.313765 0.074766 0.246964
1 0.712617 0.342105 0.014019 0.052632
1 0.295950 0.765182 0.057632 0.145749
0 0.666667 0.410931 0.065421 0.210526
1 0.136293 0.447368 0.045171 0.105263
0 0.754673 0.275304 0.028037 0.089069
1 0.285047 0.342105 0.054517 0.178138
1 0.773364 0.325911 0.049844 0.141700
0 0.211838 0.441296 0.021807 0.064777
1 0.782710 0.757085 0.034268 0.101215
1 0.116044 0.479757 0.023364 0.068826
1 0.403427 0.338057 0.024922 0.056680
0 0.614486 0.728745 0.018692 0.040486
1 0.848910 0.633603 0.024922 0.040486
1 0.172118 0.248988 0.014019 0.048583
1 0.814642 0.597166 0.010903 0.020243
1 0.835670 0.257085 0.017134 0.060729
0 0.749221 0.910931 0.023364 0.056680
1 0.513240 0.858300 0.066978 0.133603
0 0.782710 0.251012 0.046729 0.121457
1 0.402648 0.811741 0.018692 0.044534
1 0.390966 0.649798 0.021807 0.072874
1 0.292835 0.455466 0.037383 0.097166
0 0.122274 0.220648 0.020249 0.068826
1 0.622274 0.435223 0.084112 0.121457
1 0.737539 0.394737 0.038941 0.068826
1 0.218847 0.740891 0.034268 0.097166
1 0.142523 0.384615 0.031153 0.093117
1 0.807632 0.949393 0.014019 0.056680
1 0.827882 0.291498 0.020249 0.048583
0 0.682243 0.759109 0.045171 0.117409
1 0.349688 0.900810 0.034268 0.093117
1 0.197819 0.661943 0.021807 0.052632
1 0.214953 0.823887 0.023364 0.080972
1 0.263240 0.698381 0.045171 0.113360
0 0.174455 0.467611 0.018692 0.076923
0 0.922118 0.939271 0.015576 0.048583
