1 0.765576 0.789474 0.014019 0.028340
1 0.204050 0.248988 0.023364 0.068826
0 0.915888 0.170040 0.012461 0.024291
1 0.724299 0.540486 0.063863 0.105263
0 0.116044 0.585020 0.018692 0.048583
1 0.658879 0.819838 0.066978 0.101215
1 0.412773 0.546559 0.021807 0.085020
1 0.544393 0.890688 0.032710 0.109312
0 0.883956 0.427126 0.014019 0.036437
1 0.911215 0.647773 0.034268 0.202429
1 0.077103 0.615385 0.040498 0.089069
1 0.638629 0.512146 0.031153 0.085020
0 0.886293 0.309717 0.012461 0.024291
1 0.411215 0.676113 0.062305 0.153846
1 0.778816 0.868421 0.032710 0.064777
1 0.582555 0.435223 0.057632 0.121457
0 0.916667 0.910931 0.029595 0.060729
1 0.705607 0.751012 0.015576 0.044534
0 0.611371 0.293522 0.026480 0.085020
0 0.426012 0.876518 0.014019 0.052632
0 0.806854 0.698381 0.018692 0.072874
0 0.070872 0.358300 0.052960 0.125506
1 0.125389 0.192308 0.031153 0.048583
1 0.535826 0.502024 0.021807 0.056680
1 0.636293 0.902834 0.057632 0.113360
1 0.718069 0.431174 0.024922 0.064777
0 0.874611 0.518219 0.007788 0.016194
1 0.503115 0.779352 0.006231 0.020243
1 0.564642 0.615385 0.032710 0.080972
0 0.756231 0.787449 0.012461 0.040486
0 0.517913 0.597166 0.004673 0.016194
0 0.176012 0.315789 0.049844 0.117409
0 0.610592 0.864372 0.048287 0.101215
0 0.821651 0.153846 0.010903 0.036437
1 0.177570 0.520243 0.048287 0.190283
0 0.468847 0.661943 0.038941 0.113360
0 0.203271 0.376518 0.012461 0.016194
0 0.424455 0.605263 0.034268 0.097166
1 0.644081 0.404858 0.071651 0.178138
1 0.407321 0.801619 0.042056 0.113360
1 0.090343 0.163968 0.031153 0.101215
1 0.830997 0.633603 0.045171 0.121457
1 0.350467 0.829960 0.065421 0.170040
0 0.407321 0.925101 0.042056 0.101215
1 0.301402 0.755061 0.088785 0.174089
0 0.735981 0.406883 0.014019 0.024291
1 0.566199 0.740891 0.043614 0.125506
1 0.533489 0.435223 0.031153 0.060729
1 0.305296 0.429150 0.014019 0.048583
0 0.768692 0.751012 0.010903 0.036437
0 0.200935 0.421053 0.018692 0.052632
1 0.764798 0.574899 0.049844 0.068826
0 0.206386 0.299595 0.029595 0.113360
1 0.255452 0.244939 0.018692 0.048583
1 0.397975 0.649798 0.059190 0.153846
