1 0.109813 0.682186 0.024922 0.101215
0 0.039720 0.744939 0.007788 0.016194
1 0.928349 0.455466 0.026480 0.113360
1 0.555296 0.720648 0.038941 0.125506
1 0.742991 0.412955 0.038941 0.089069
1 0.534268 0.637652 0.051402 0.178138
1 0.115265 0.251012 0.052960 0.141700
1 0.795950 0.194332 0.034268 0.093117
1 0.762461 0.947368 0.007788 0.024291
1 0.385514 0.313765 0.014019 0.044534
1 0.186916 0.550607 0.031153 0.097166
1 0.076324 0.165992 0.017134 0.060729
0 0.469626 0.540486 0.032710 0.076923
1 0.345794 0.305668 0.032710 0.089069
0 0.109813 0.803644 0.026480 0.080972
1 0.307632 0.692308 0.065421 0.133603
1 0.274922 0.216599 0.074766 0.210526
0 0.830997 0.653846 0.065421 0.178138
1 0.642523 0.400810 0.014019 0.052632
0 0.873832 0.473684 0.015576 0.040486
1 0.251558 0.548583 0.045171 0.206478
1 0.510125 0.277328 0.043614 0.109312
1 0.621495 0.672065 0.076324 0.182186
0 0.428349 0.838057 0.056075 0.121457
0 0.854361 0.483806 0.017134 0.044534
1 0.549065 0.244939 0.017134 0.052632
0 0.901869 0.702429 0.063863 0.153846
1 0.862150 0.354251 0.056075 0.113360
1 0.395639 0.510121 0.034268 0.137652
1 0.512461 0.198381 0.042056 0.153846
0 0.838006 0.473684 0.017134 0.040486
1 0.376947 0.862348 0.015576 0.048583
0 0.355140 0.647773 0.012461 0.032389
0 0.864486 0.925101 0.004673 0.020243
0 0.880841 0.246964 0.052960 0.121457
1 0.618380 0.763158 0.042056 0.097166
1 0.243769 0.651822 0.060748 0.186235
1 0.547508 0.532389 0.020249 0.052632
1 0.669782 0.370445 0.024922 0.093117
0 0.771807 0.374494 0.015576 0.060729
1 0.097352 0.449393 0.023364 0.060729
0 0.573209 0.445344 0.035826 0.121457
1 0.514019 0.900810 0.051402 0.133603
1 0.326324 0.451417 0.042056 0.048583
1 0.387072 0.815789 0.021807 0.097166
1 0.052181 0.263158 0.023364 0.072874
1 0.172118 0.469636 0.009346 0.016194
1 0.230530 0.384615 0.028037 0.072874
0 0.295171 0.815789 0.037383 0.064777
1 0.720405 0.718623 0.009346 0.028340
1 0.753115 0.730769 0.028037 0.089069
0 0.399533 0.728745 0.017134 0.052632
1 0.497664 0.445344 0.049844 0.117409
1 0.837227 0.295547 0.038941 0.125506
1 0.070872 0.939271 0.037383 0.093117
1 0.436916 0.344130 0.060748 0.182186
0 0.874611 0.831984 0.029595 0.064777
1 0.599688 0.334008 0.031153 0.048583
