1 0.474299 0.508097 0.099688 0.234818
0 0.373053 0.953441 0.024922 0.076923
1 0.086449 0.838057 0.040498 0.125506
0 0.700156 0.410931 0.020249 0.044534
0 0.874611 0.311741 0.017134 0.040486
0 0.882399 0.445344 0.007788 0.024291
0 0.251558 0.204453 0.028037 0.056680
0 0.903427 0.364372 0.037383 0.093117
1 0.088785 0.289474 0.023364 0.060729
0 0.385514 0.253036 0.029595 0.097166
1 0.362150 0.283401 0.010903 0.032389
1 0.614486 0.878543 0.042056 0.141700
1 0.695483 0.864372 0.023364 0.048583
1 0.058411 0.206478 0.014019 0.040486
1 0.121495 0.757085 0.032710 0.072874
1 0.676791 0.325911 0.017134 0.068826
0 0.542056 0.900810 0.012461 0.036437
1 0.204829 0.325911 0.018692 0.044534
0 0.170561 0.220648 0.021807 0.060729
1 0.779595 0.785425 0.023364 0.072874
1 0.521028 0.872470 0.040498 0.109312
1 0.144081 0.398785 0.054517 0.113360
1 0.380841 0.524291 0.007788 0.020243
1 0.383178 0.791498 0.034268 0.080972
0 0.845016 0.392713 0.026480 0.048583
0 0.737539 0.580972 0.068536 0.178138
1 0.306075 0.866397 0.020249 0.048583
0 0.352804 0.244939 0.014019 0.048583
0 0.485981 0.740891 0.012461 0.040486
1 0.867601 0.890688 0.012461 0.032389
1 0.760903 0.866397 0.038941 0.101215
1 0.424455 0.244939 0.051402 0.137652
1 0.224299 0.552632 0.057632 0.165992
1 0.814642 0.331984 0.017134 0.044534
1 0.474299 0.801619 0.006231 0.016194
0 0.799065 0.870445 0.023364 0.064777
1 0.848131 0.163968 0.017134 0.036437
1 0.462617 0.267206 0.024922 0.072874
