0 0.652648 0.874494 0.073209 0.174089
0 0.803738 0.566802 0.028037 0.076923
1 0.551402 0.751012 0.087227 0.149798
1 0.485202 0.186235 0.012461 0.036437
1 0.590343 0.805668 0.102804 0.246964
1 0.897196 0.676113 0.029595 0.072874
0 0.626947 0.433198 0.065421 0.133603
0 0.113707 0.388664 0.010903 0.032389
1 0.927570 0.809717 0.029595 0.060729
1 0.270249 0.471660 0.023364 0.060729
1 0.888629 0.419028 0.009346 0.020243
1 0.170561 0.657895 0.056075 0.105263
0 0.799844 0.174089 0.035826 0.097166
0 0.156542 0.376518 0.009346 0.016194
1 0.454829 0.406883 0.049844 0.157895
1 0.735202 0.710526 0.014019 0.052632
0 0.316199 0.692308 0.014019 0.036437
1 0.774143 0.449393 0.056075 0.206478
1 0.581776 0.317814 0.035826 0.076923
1 0.128505 0.611336 0.076324 0.145749
0 0.430685 0.728745 0.024922 0.064777
1 0.287383 0.251012 0.049844 0.129555
1 0.360592 0.617409 0.026480 0.076923
1 0.083333 0.218623 0.031153 0.068826
1 0.818536 0.331984 0.014019 0.036437
1 0.504673 0.858300 0.024922 0.056680
1 0.538941 0.163968 0.032710 0.048583
1 0.767134 0.336032 0.007788 0.032389
1 0.225857 0.301619 0.028037 0.089069
1 0.271807 0.338057 0.049844 0.105263
1 0.119159 0.848178 0.031153 0.097166
