1 0.919782 0.344130 0.051402 0.149798
1 0.624611 0.248988 0.038941 0.076923
0 0.164330 0.744939 0.057632 0.141700
1 0.694704 0.212551 0.060748 0.141700
0 0.332555 0.775304 0.052960 0.137652
0 0.693146 0.848178 0.024922 0.048583
1 0.650312 0.568826 0.035826 0.093117
1 0.891745 0.566802 0.109034 0.210526
1 0.459502 0.153846 0.040498 0.101215
1 0.654206 0.487854 0.085670 0.109312
0 0.397975 0.917004 0.018692 0.052632
1 0.736760 0.597166 0.115265 0.263158
0 0.587227 0.680162 0.012461 0.040486
1 0.439252 0.497976 0.015576 0.052632
1 0.338006 0.623482 0.017134 0.036437
1 0.763240 0.910931 0.023364 0.060729
0 0.211838 0.574899 0.006231 0.016194
1 0.295171 0.445344 0.010903 0.032389
0 0.735202 0.206478 0.074766 0.210526
0 0.284268 0.672065 0.076324 0.170040
1 0.397975 0.834008 0.007788 0.016194
1 0.233645 0.340081 0.021807 0.068826
1 0.109813 0.738866 0.032710 0.080972
1 0.613707 0.862348 0.023364 0.060729
0 0.610592 0.364372 0.018692 0.089069
0 0.062305 0.811741 0.021807 0.064777
0 0.609034 0.827935 0.024922 0.068826
1 0.663551 0.374494 0.007788 0.028340
0 0.080997 0.708502 0.031153 0.093117
0 0.440810 0.370445 0.051402 0.117409
1 0.897975 0.937247 0.020249 0.068826
0 0.779595 0.408907 0.029595 0.097166
1 0.789720 0.840081 0.018692 0.060729
0 0.932243 0.222672 0.021807 0.060729
1 0.211838 0.955466 0.014019 0.032389
1 0.468847 0.546559 0.052960 0.085020
0 0.240654 0.720648 0.017134 0.040486
1 0.371495 0.690283 0.018692 0.052632
0 0.778816 0.107287 0.017134 0.032389
0 0.497664 0.374494 0.049844 0.109312
1 0.852804 0.923077 0.035826 0.064777
1 0.104361 0.172065 0.037383 0.101215
