1 0.055296 0.206478 0.004673 0.024291
1 0.511682 0.684211 0.077882 0.251012
1 0.298287 0.570850 0.014019 0.032389
1 0.887072 0.852227 0.045171 0.157895
1 0.500779 0.943320 0.026480 0.060729
0 0.535047 0.390688 0.043614 0.129555
1 0.116044 0.710526 0.035826 0.113360
1 0.742991 0.684211 0.071651 0.109312
1 0.659657 0.593117 0.110592 0.287449
1 0.575545 0.346154 0.026480 0.080972
0 0.769470 0.868421 0.034268 0.076923
1 0.081776 0.625506 0.060748 0.117409
1 0.364486 0.481781 0.051402 0.149798
1 0.749221 0.467611 0.012461 0.032389
1 0.690810 0.817814 0.010903 0.048583
1 0.250000 0.344130 0.048287 0.117409
0 0.070872 0.408907 0.034268 0.093117
1 0.330218 0.585020 0.031153 0.060729
1 0.180685 0.186235 0.032710 0.145749
1 0.804517 0.386640 0.037383 0.080972
1 0.179907 0.576923 0.026480 0.052632
0 0.091121 0.910931 0.040498 0.141700
1 0.849688 0.435223 0.065421 0.141700
1 0.716511 0.917004 0.032710 0.133603
1 0.588006 0.763158 0.046729 0.137652
1 0.121495 0.568826 0.040498 0.101215
0 0.859813 0.263158 0.014019 0.048583
0 0.722741 0.831984 0.009346 0.028340
1 0.141745 0.716599 0.028037 0.105263
0 0.140187 0.400810 0.020249 0.060729
0 0.564642 0.374494 0.042056 0.056680
1 0.045171 0.748988 0.007788 0.020243
1 0.791277 0.461538 0.026480 0.064777
0 0.789720 0.236842 0.035826 0.093117
1 0.454050 0.238866 0.038941 0.064777
1 0.253115 0.593117 0.032710 0.109312
1 0.228193 0.342105 0.040498 0.117409
1 0.728193 0.382591 0.026480 0.076923
1 0.248442 0.429150 0.026480 0.056680
0 0.104361 0.263158 0.014019 0.040486
0 0.407321 0.732794 0.010903 0.052632
1 0.759346 0.582996 0.020249 0.036437
1 0.811526 0.536437 0.009346 0.028340
0 0.625389 0.856275 0.010903 0.024291
1 0.718847 0.240891 0.007788 0.020243
1 0.147975 0.202429 0.054517 0.186235
1 0.518692 0.878543 0.028037 0.064777
1 0.135514 0.858300 0.035826 0.068826
1 0.447040 0.765182 0.035826 0.076923
0 0.218847 0.836032 0.048287 0.186235
1 0.890966 0.348178 0.018692 0.048583
0 0.824766 0.834008 0.007788 0.016194
1 0.201713 0.354251 0.031153 0.076923
