1 0.130841 0.471660 0.056075 0.105263
1 0.471184 0.720648 0.070093 0.137652
0 0.644081 0.763158 0.070093 0.149798
1 0.809969 0.251012 0.056075 0.133603
1 0.577103 0.481781 0.080997 0.352227
0 0.186137 0.336032 0.051402 0.161943
0 0.436137 0.398785 0.034268 0.068826
1 0.522586 0.244939 0.077882 0.226721
1 0.855919 0.467611 0.043614 0.121457
0 0.931464 0.866397 0.015576 0.036437
1 0.751558 0.344130 0.077882 0.182186
1 0.875389 0.526316 0.034268 0.093117
1 0.172118 0.672065 0.026480 0.072874
1 0.045171 0.842105 0.015576 0.028340
1 0.282710 0.704453 0.024922 0.064777
0 0.279595 0.813765 0.017134 0.056680
1 0.569315 0.803644 0.062305 0.129555
1 0.453271 0.153846 0.035826 0.105263
1 0.302181 0.643725 0.046729 0.064777
1 0.455607 0.838057 0.017134 0.052632
1 0.632399 0.815789 0.035826 0.137652
1 0.837227 0.607287 0.010903 0.024291
1 0.240654 0.912955 0.028037 0.101215
1 0.053738 0.779352 0.026480 0.089069
0 0.206386 0.402834 0.023364 0.064777
0 0.750000 0.206478 0.026480 0.068826
1 0.679907 0.348178 0.056075 0.149798
0 0.866044 0.214575 0.045171 0.117409
1 0.880841 0.649798 0.026480 0.125506
1 0.913551 0.117409 0.020249 0.052632
1 0.783489 0.914980 0.054517 0.133603
1 0.472741 0.358300 0.031153 0.060729
0 0.200935 0.825911 0.026480 0.093117
0 0.204829 0.532389 0.037383 0.165992
0 0.525701 0.904858 0.060748 0.076923
1 0.459502 0.246964 0.014019 0.056680
1 0.151090 0.781377 0.032710 0.089069
0 0.829439 0.842105 0.029595 0.072874
1 0.680685 0.704453 0.049844 0.230769
1 0.537383 0.746964 0.098131 0.210526
1 0.619938 0.939271 0.012461 0.032389
