0 0.883956 0.722672 0.037383 0.113360
1 0.240654 0.720648 0.017134 0.048583
1 0.472741 0.572874 0.045171 0.076923
0 0.261682 0.777328 0.052960 0.085020
0 0.179907 0.878543 0.014019 0.040486
1 0.763240 0.872470 0.059190 0.117409
1 0.872274 0.295547 0.057632 0.174089
1 0.180685 0.329960 0.034268 0.105263
1 0.175234 0.732794 0.007788 0.024291
1 0.678349 0.773279 0.020249 0.064777
0 0.579439 0.398785 0.021807 0.064777
1 0.799844 0.263158 0.031153 0.093117
1 0.873053 0.823887 0.056075 0.149798
1 0.297508 0.331984 0.006231 0.016194
0 0.212617 0.564777 0.046729 0.121457
1 0.539720 0.914980 0.021807 0.052632
1 0.464953 0.155870 0.012461 0.028340
0 0.926791 0.698381 0.063863 0.178138
0 0.288162 0.680162 0.015576 0.040486
1 0.563084 0.372470 0.020249 0.048583
1 0.473520 0.238866 0.009346 0.016194
1 0.787383 0.953441 0.010903 0.024291
1 0.862928 0.497976 0.028037 0.060729
1 0.383178 0.572874 0.124611 0.234818
0 0.278816 0.293522 0.032710 0.072874
0 0.936137 0.939271 0.034268 0.076923
1 0.076324 0.789474 0.010903 0.056680
1 0.605140 0.528340 0.017134 0.036437
1 0.412773 0.846154 0.015576 0.052632
0 0.233645 0.427126 0.029595 0.105263
1 0.474299 0.382591 0.023364 0.052632
1 0.283489 0.242915 0.014019 0.036437
0 0.055296 0.544534 0.010903 0.024291
0 0.313863 0.406883 0.020249 0.068826
1 0.936916 0.809717 0.015576 0.056680
1 0.331776 0.516194 0.076324 0.149798
0 0.143302 0.593117 0.010903 0.032389
0 0.642523 0.603239 0.037383 0.076923
1 0.076324 0.159919 0.032710 0.064777
1 0.190031 0.208502 0.043614 0.121457
1 0.190810 0.601215 0.063863 0.149798
1 0.124611 0.176113 0.018692 0.044534
1 0.919782 0.352227 0.057632 0.161943
1 0.597352 0.188259 0.023364 0.052632
1 0.337227 0.755061 0.018692 0.044534
1 0.683022 0.198381 0.029595 0.060729
0 0.693146 0.718623 0.026480 0.085020
1 0.746885 0.722672 0.035826 0.109312
1 0.532710 0.925101 0.017134 0.068826
1 0.671340 0.540486 0.042056 0.085020
1 0.260903 0.246964 0.035826 0.109312
0 0.611371 0.356275 0.042056 0.089069
0 0.262461 0.842105 0.063863 0.129555
