1 0.471963 0.793522 0.043614 0.105263
1 0.670561 0.238866 0.051402 0.194332
1 0.575545 0.483806 0.026480 0.141700
1 0.352804 0.540486 0.042056 0.113360
1 0.288941 0.200405 0.045171 0.105263
0 0.176791 0.680162 0.018692 0.044534
1 0.731308 0.753036 0.032710 0.060729
1 0.436916 0.384615 0.080997 0.218623
0 0.679128 0.449393 0.024922 0.068826
1 0.292835 0.817814 0.031153 0.068826
1 0.558411 0.386640 0.045171 0.145749
0 0.901090 0.176113 0.031153 0.056680
1 0.369159 0.344130 0.042056 0.129555
0 0.320872 0.597166 0.032710 0.076923
1 0.779595 0.313765 0.024922 0.072874
0 0.647975 0.769231 0.063863 0.165992
1 0.752336 0.759109 0.040498 0.064777
1 0.320872 0.927126 0.026480 0.072874
0 0.205607 0.461538 0.026480 0.060729
1 0.535047 0.647773 0.042056 0.109312
1 0.111371 0.850202 0.048287 0.105263
1 0.551402 0.775304 0.112150 0.251012
1 0.899533 0.331984 0.015576 0.052632
1 0.138629 0.336032 0.014019 0.024291
1 0.461059 0.627530 0.048287 0.093117
1 0.943146 0.759109 0.029595 0.085020
1 0.447819 0.779352 0.026480 0.076923
1 0.486760 0.388664 0.029595 0.072874
1 0.179128 0.554656 0.037383 0.097166
0 0.338785 0.621457 0.015576 0.044534
0 0.119938 0.457490 0.028037 0.085020
1 0.505452 0.742915 0.049844 0.186235
