1 0.491433 0.607287 0.046729 0.170040
1 0.616044 0.655870 0.043614 0.076923
0 0.320093 0.352227 0.007788 0.032389
1 0.153427 0.706478 0.023364 0.052632
1 0.868380 0.214575 0.035826 0.097166
1 0.777259 0.925101 0.035826 0.117409
1 0.729751 0.285425 0.035826 0.060729
0 0.807632 0.360324 0.023364 0.060729
1 0.379283 0.257085 0.034268 0.101215
1 0.609813 0.248988 0.031153 0.125506
1 0.801402 0.803644 0.007788 0.020243
1 0.248442 0.587045 0.017134 0.060729
1 0.181464 0.625506 0.004673 0.012146
0 0.601246 0.390688 0.085670 0.210526
1 0.411994 0.864372 0.051402 0.149798
1 0.549844 0.528340 0.020249 0.072874
1 0.598131 0.898785 0.020249 0.060729
0 0.846573 0.236842 0.023364 0.060729
1 0.400312 0.795547 0.054517 0.101215
1 0.667445 0.390688 0.007788 0.036437
1 0.263240 0.890688 0.028037 0.093117
0 0.516355 0.425101 0.063863 0.165992
1 0.655763 0.570850 0.043614 0.149798
1 0.802181 0.271255 0.018692 0.052632
1 0.769470 0.680162 0.010903 0.032389
1 0.947040 0.323887 0.023364 0.060729
1 0.823988 0.825911 0.015576 0.040486
0 0.052960 0.506073 0.006231 0.020243
1 0.165888 0.742915 0.015576 0.048583
1 0.901869 0.817814 0.042056 0.121457
0 0.400312 0.613360 0.024922 0.056680
1 0.932243 0.402834 0.017134 0.044534
1 0.046729 0.429150 0.010903 0.040486
1 0.742991 0.514170 0.038941 0.105263
1 0.542056 0.823887 0.035826 0.125506
0 0.823988 0.732794 0.006231 0.024291
1 0.394081 0.919028 0.073209 0.125506
