1 0.813863 0.495951 0.054517 0.178138
1 0.503115 0.289474 0.065421 0.105263
1 0.295171 0.131579 0.026480 0.060729
1 0.328660 0.714575 0.026480 0.085020
1 0.339564 0.611336 0.007788 0.016194
1 0.834112 0.789474 0.020249 0.064777
0 0.769470 0.866397 0.028037 0.076923
1 0.092679 0.441296 0.035826 0.068826
0 0.521028 0.771255 0.062305 0.275304
0 0.147196 0.313765 0.015576 0.056680
1 0.580997 0.483806 0.026480 0.068826
1 0.169003 0.358300 0.031153 0.093117
0 0.606698 0.554656 0.035826 0.064777
1 0.632399 0.576923 0.015576 0.048583
0 0.555296 0.692308 0.063863 0.149798
1 0.444704 0.388664 0.035826 0.182186
1 0.767134 0.663968 0.054517 0.121457
1 0.709502 0.236842 0.085670 0.206478
1 0.117601 0.419028 0.037383 0.072874
0 0.204050 0.799595 0.042056 0.085020
1 0.471963 0.542510 0.060748 0.234818
0 0.223520 0.599190 0.035826 0.137652
1 0.893302 0.862348 0.017134 0.032389
1 0.362150 0.528340 0.045171 0.117409
0 0.274922 0.674089 0.015576 0.052632
0 0.235981 0.787449 0.060748 0.145749
0 0.477414 0.829960 0.051402 0.113360
1 0.586449 0.269231 0.010903 0.028340
1 0.212617 0.236842 0.007788 0.012146
0 0.908879 0.297571 0.065421 0.157895
0 0.181464 0.198381 0.020249 0.056680
1 0.367601 0.194332 0.007788 0.024291
1 0.730530 0.593117 0.028037 0.060729
1 0.496106 0.678138 0.042056 0.097166
1 0.766355 0.451417 0.037383 0.085020
1 0.433022 0.147773 0.021807 0.064777
1 0.838785 0.331984 0.052960 0.137652
0 0.133956 0.874494 0.037383 0.101215
1 0.647196 0.540486 0.010903 0.032389
1 0.080218 0.706478 0.043614 0.137652
1 0.215732 0.370445 0.004673 0.016194
1 0.130062 0.506073 0.017134 0.044534
0 0.359813 0.910931 0.037383 0.113360
0 0.930685 0.906883 0.035826 0.105263
