0 0.728972 0.400810 0.024922 0.040486
1 0.050623 0.269231 0.021807 0.052632
0 0.406542 0.447368 0.009346 0.028340
0 0.555296 0.888664 0.014019 0.044534
0 0.558411 0.151822 0.014019 0.036437
0 0.118380 0.410931 0.057632 0.125506
1 0.318536 0.627530 0.023364 0.060729
1 0.102804 0.742915 0.063863 0.125506
1 0.400312 0.334008 0.048287 0.129555
1 0.918224 0.777328 0.028037 0.048583
1 0.665109 0.532389 0.018692 0.040486
0 0.206386 0.429150 0.052960 0.125506
1 0.919782 0.615385 0.023364 0.060729
1 0.644081 0.714575 0.051402 0.141700
1 0.514798 0.846154 0.021807 0.048583
1 0.916667 0.194332 0.056075 0.129555
1 0.669782 0.819838 0.051402 0.109312
1 0.819315 0.621457 0.024922 0.080972
1 0.495327 0.706478 0.021807 0.060729
0 0.605140 0.417004 0.026480 0.060729
1 0.942368 0.536437 0.007788 0.016194
0 0.537383 0.497976 0.020249 0.052632
0 0.460280 0.394737 0.042056 0.089069
1 0.541277 0.904858 0.021807 0.060729
0 0.536604 0.419028 0.017134 0.040486
1 0.582555 0.414980 0.035826 0.097166
0 0.933801 0.902834 0.037383 0.109312
0 0.895639 0.710526 0.038941 0.113360
1 0.176791 0.514170 0.063863 0.133603
0 0.201713 0.251012 0.042056 0.133603
0 0.700156 0.441296 0.026480 0.056680
0 0.760903 0.554656 0.099688 0.137652
1 0.347352 0.619433 0.037383 0.121457
1 0.411994 0.852227 0.017134 0.032389
0 0.809190 0.544534 0.026480 0.068826
