0 0.386293 0.647773 0.034268 0.109312
1 0.599688 0.706478 0.068536 0.214575
0 0.831776 0.560729 0.015576 0.036437
0 0.903427 0.542510 0.038941 0.161943
0 0.827882 0.842105 0.024922 0.064777
1 0.563084 0.331984 0.040498 0.085020
1 0.352804 0.263158 0.010903 0.020243
1 0.763240 0.198381 0.084112 0.174089
0 0.754673 0.746964 0.007788 0.020243
1 0.897975 0.408907 0.020249 0.060729
0 0.606698 0.902834 0.004673 0.012146
1 0.838785 0.763158 0.035826 0.113360
0 0.475857 0.692308 0.052960 0.153846
1 0.193146 0.502024 0.084112 0.145749
1 0.881620 0.740891 0.031153 0.174089
0 0.598131 0.127530 0.004673 0.020243
1 0.931464 0.338057 0.020249 0.060729
1 0.446262 0.969636 0.004673 0.024291
1 0.600467 0.502024 0.014019 0.032389
0 0.370717 0.376518 0.007788 0.024291
1 0.890187 0.500000 0.052960 0.113360
1 0.281153 0.236842 0.034268 0.064777
1 0.605919 0.382591 0.068536 0.129555
1 0.806854 0.487854 0.024922 0.080972
0 0.647975 0.518219 0.015576 0.036437
0 0.185358 0.892713 0.060748 0.149798
1 0.707165 0.439271 0.017134 0.064777
1 0.288162 0.524291 0.026480 0.064777
0 0.433022 0.506073 0.048287 0.117409
0 0.796729 0.259109 0.074766 0.157895
1 0.318536 0.829960 0.023364 0.064777
0 0.626947 0.127530 0.023364 0.052632
1 0.799844 0.647773 0.042056 0.105263
0 0.813863 0.983806 0.004673 0.020243
1 0.841121 0.516194 0.012461 0.028340
1 0.807632 0.730769 0.014019 0.028340
1 0.412773 0.251012 0.018692 0.056680
1 0.345794 0.202429 0.034268 0.072874
1 0.647196 0.665992 0.076324 0.153846
0 0.749221 0.732794 0.012461 0.032389
0 0.473520 0.487854 0.038941 0.064777
1 0.438474 0.670040 0.060748 0.101215
