1 0.864486 0.273279 0.076324 0.242915
1 0.525701 0.465587 0.012461 0.048583
0 0.540498 0.791498 0.029595 0.097166
0 0.109034 0.706478 0.010903 0.028340
1 0.873053 0.542510 0.045171 0.076923
1 0.715732 0.338057 0.046729 0.101215
1 0.084891 0.625506 0.042056 0.157895
0 0.826324 0.852227 0.029595 0.052632
1 0.591121 0.528340 0.051402 0.113360
1 0.176791 0.937247 0.035826 0.093117
1 0.597352 0.627530 0.024922 0.093117
1 0.225078 0.619433 0.040498 0.133603
1 0.873053 0.449393 0.018692 0.044534
1 0.894081 0.803644 0.038941 0.125506
0 0.568536 0.712551 0.049844 0.133603
1 0.869938 0.807692 0.037383 0.089069
1 0.389408 0.467611 0.037383 0.085020
0 0.693146 0.497976 0.029595 0.072874
0 0.586449 0.821862 0.034268 0.097166
1 0.799065 0.755061 0.034268 0.068826
0 0.872274 0.765182 0.043614 0.085020
0 0.573988 0.937247 0.035826 0.093117
1 0.108255 0.874494 0.035826 0.085020
1 0.193146 0.712551 0.028037 0.048583
0 0.220405 0.433198 0.020249 0.048583
1 0.228972 0.799595 0.015576 0.036437
1 0.749221 0.653846 0.012461 0.028340
1 0.253894 0.255061 0.024922 0.113360
1 0.279595 0.291498 0.023364 0.089069
0 0.504673 0.678138 0.035826 0.089069
