0 0.233645 0.329960 0.026480 0.060729
1 0.718847 0.825911 0.012461 0.024291
1 0.108255 0.793522 0.023364 0.048583
0 0.852025 0.953441 0.017134 0.044534
1 0.313863 0.736842 0.070093 0.161943
1 0.616822 0.368421 0.073209 0.182186
1 0.721184 0.595142 0.026480 0.040486
1 0.280374 0.919028 0.042056 0.129555
0 0.540498 0.370445 0.062305 0.194332
0 0.068536 0.805668 0.018692 0.056680
0 0.758567 0.615385 0.006231 0.016194
1 0.465732 0.783401 0.045171 0.093117
0 0.282710 0.471660 0.040498 0.113360
1 0.932243 0.937247 0.010903 0.060729
0 0.903427 0.582996 0.063863 0.153846
0 0.197819 0.556680 0.042056 0.093117
0 0.380841 0.398785 0.023364 0.085020
1 0.704050 0.479757 0.048287 0.145749
0 0.653427 0.708502 0.032710 0.141700
1 0.411215 0.544534 0.024922 0.105263
1 0.511682 0.433198 0.051402 0.218623
1 0.046729 0.947368 0.017134 0.048583
1 0.375389 0.129555 0.009346 0.032389
0 0.089564 0.955466 0.010903 0.024291
1 0.450156 0.489879 0.012461 0.024291
0 0.475857 0.831984 0.029595 0.060729
1 0.169003 0.157895 0.014019 0.020243
1 0.245327 0.421053 0.034268 0.101215
1 0.801402 0.522267 0.021807 0.052632
0 0.104361 0.753036 0.028037 0.076923
0 0.888629 0.200405 0.020249 0.056680
1 0.176012 0.641700 0.032710 0.093117
1 0.860592 0.433198 0.007788 0.012146
1 0.735202 0.682186 0.031153 0.085020
0 0.461838 0.459514 0.017134 0.052632
1 0.433801 0.398785 0.042056 0.109312
0 0.404984 0.376518 0.009346 0.028340
1 0.473520 0.301619 0.035826 0.076923
1 0.776480 0.929150 0.042056 0.101215
1 0.716511 0.655870 0.029595 0.093117
0 0.773364 0.281377 0.038941 0.076923
