1 0.464953 0.767206 0.052960 0.165992
0 0.474299 0.297571 0.026480 0.064777
1 0.115265 0.374494 0.012461 0.028340
1 0.693146 0.724696 0.037383 0.109312
1 0.809969 0.265182 0.059190 0.137652
1 0.800623 0.765182 0.062305 0.174089
0 0.180685 0.259109 0.079439 0.149798
1 0.728972 0.574899 0.026480 0.085020
1 0.486760 0.599190 0.076324 0.287449
1 0.723520 0.113360 0.007788 0.024291
0 0.413551 0.929150 0.042056 0.085020
0 0.387850 0.712551 0.021807 0.060729
0 0.816978 0.453441 0.073209 0.198381
0 0.905763 0.795547 0.014019 0.052632
1 0.369159 0.257085 0.021807 0.068826
0 0.701713 0.285425 0.017134 0.052632
1 0.108255 0.526316 0.010903 0.020243
0 0.591121 0.368421 0.080997 0.222672
1 0.207944 0.348178 0.037383 0.113360
1 0.834112 0.170040 0.020249 0.056680
1 0.560748 0.726721 0.034268 0.064777
1 0.785047 0.957490 0.018692 0.060729
1 0.949377 0.548583 0.010903 0.020243
1 0.132399 0.572874 0.006231 0.016194
1 0.404206 0.716599 0.028037 0.060729
1 0.368380 0.850202 0.066978 0.129555
1 0.393302 0.500000 0.007788 0.020243
1 0.292056 0.738866 0.077882 0.331984
0 0.118380 0.465587 0.010903 0.040486
1 0.151869 0.427126 0.024922 0.068826
1 0.255452 0.572874 0.088785 0.230769
1 0.166667 0.376518 0.021807 0.060729
1 0.605919 0.502024 0.065421 0.194332
1 0.883956 0.556680 0.068536 0.153846
0 0.197819 0.726721 0.062305 0.125506
1 0.231308 0.419028 0.034268 0.125506
1 0.448598 0.161943 0.012461 0.024291
0 0.578660 0.797571 0.037383 0.153846
1 0.626947 0.587045 0.049844 0.149798
0 0.105919 0.953441 0.009346 0.020243
1 0.292056 0.508097 0.087227 0.214575
1 0.633178 0.204453 0.040498 0.060729
1 0.334891 0.240891 0.052960 0.141700
0 0.112150 0.186235 0.023364 0.064777
0 0.367601 0.473684 0.026480 0.068826
1 0.408100 0.319838 0.043614 0.125506
1 0.241433 0.170040 0.020249 0.040486
1 0.796729 0.663968 0.048287 0.121457
0 0.643302 0.548583 0.057632 0.153846
1 0.894860 0.831984 0.029595 0.076923
0 0.651090 0.858300 0.043614 0.097166
1 0.947819 0.285425 0.018692 0.052632
1 0.102025 0.771255 0.024922 0.064777
1 0.827103 0.862348 0.043614 0.101215
0 0.713396 0.799595 0.028037 0.060729
0 0.514798 0.354251 0.014019 0.040486
1 0.395639 0.631579 0.035826 0.072874
