0 0.669003 0.815789 0.099688 0.202429
1 0.376168 0.797571 0.017134 0.044534
1 0.915888 0.522267 0.062305 0.161943
1 0.785047 0.340081 0.062305 0.170040
0 0.404206 0.364372 0.080997 0.182186
1 0.936137 0.170040 0.012461 0.060729
1 0.822430 0.255061 0.020249 0.032389
0 0.923676 0.210526 0.021807 0.056680
1 0.825545 0.720648 0.015576 0.024291
1 0.475857 0.338057 0.074766 0.145749
0 0.767134 0.589069 0.023364 0.036437
0 0.134735 0.955466 0.014019 0.032389
1 0.880841 0.734818 0.040498 0.109312
1 0.300623 0.844130 0.035826 0.226721
1 0.880062 0.271255 0.031153 0.072874
1 0.891745 0.633603 0.038941 0.064777
1 0.572430 0.465587 0.052960 0.202429
1 0.735202 0.538462 0.006231 0.020243
0 0.134735 0.534413 0.017134 0.036437
1 0.441589 0.753036 0.049844 0.129555
1 0.394860 0.943320 0.031153 0.068826
0 0.862928 0.599190 0.028037 0.064777
1 0.564642 0.884615 0.028037 0.113360
0 0.052181 0.799595 0.021807 0.044534
1 0.900312 0.914980 0.031153 0.109312
0 0.142523 0.651822 0.040498 0.149798
0 0.334891 0.188259 0.023364 0.064777
1 0.508567 0.220648 0.031153 0.068826
0 0.742212 0.222672 0.012461 0.048583
1 0.429907 0.639676 0.043614 0.133603
0 0.088006 0.431174 0.017134 0.048583
