1 0.665888 0.751012 0.007788 0.028340
0 0.611371 0.834008 0.066978 0.202429
1 0.042056 0.854251 0.012461 0.028340
1 0.635514 0.261134 0.017134 0.101215
0 0.093458 0.421053 0.024922 0.105263
0 0.591900 0.342105 0.065421 0.190283
1 0.223520 0.965587 0.010903 0.024291
0 0.618380 0.485830 0.023364 0.141700
0 0.171340 0.255061 0.015576 0.036437
0 0.289720 0.431174 0.012461 0.044534
0 0.091121 0.358300 0.020249 0.056680
0 0.875389 0.301619 0.012461 0.032389
1 0.253894 0.939271 0.009346 0.024291
1 0.591900 0.145749 0.029595 0.097166
0 0.912773 0.923077 0.017134 0.052632
1 0.161994 0.208502 0.009346 0.020243
0 0.092679 0.854251 0.046729 0.141700
0 0.554517 0.275304 0.054517 0.218623
1 0.346573 0.208502 0.021807 0.056680
0 0.428349 0.554656 0.006231 0.016194
1 0.559190 0.504049 0.032710 0.105263
0 0.188474 0.495951 0.118380 0.214575
1 0.610592 0.560729 0.023364 0.085020
1 0.469626 0.366397 0.034268 0.121457
0 0.211059 0.135628 0.024922 0.056680
1 0.791277 0.651822 0.057632 0.117409
1 0.433022 0.129555 0.017134 0.060729
0 0.643302 0.566802 0.037383 0.097166
1 0.539720 0.900810 0.029595 0.089069
0 0.310748 0.570850 0.029595 0.072874
1 0.484424 0.257085 0.051402 0.105263
1 0.907321 0.578947 0.040498 0.117409
0 0.228193 0.273279 0.054517 0.129555
1 0.781931 0.398785 0.074766 0.255061
0 0.198598 0.888664 0.010903 0.028340
