1 0.180685 0.593117 0.070093 0.141700
1 0.594237 0.129555 0.015576 0.028340
1 0.813084 0.295547 0.038941 0.214575
1 0.138629 0.892713 0.012461 0.040486
0 0.044393 0.546559 0.012461 0.040486
1 0.334891 0.168016 0.012461 0.028340
1 0.698598 0.676113 0.031153 0.080972
1 0.478193 0.726721 0.095016 0.153846
1 0.514019 0.443320 0.021807 0.109312
1 0.296729 0.779352 0.004673 0.016194
0 0.295950 0.356275 0.015576 0.048583
0 0.459502 0.609312 0.024922 0.085020
0 0.190031 0.850202 0.009346 0.028340
1 0.878505 0.390688 0.056075 0.182186
1 0.101246 0.508097 0.054517 0.165992
1 0.827882 0.763158 0.031153 0.089069
0 0.315421 0.168016 0.017134 0.028340
1 0.107477 0.631579 0.088785 0.198381
0 0.541277 0.639676 0.017134 0.064777
1 0.591900 0.483806 0.059190 0.161943
1 0.507009 0.309717 0.010903 0.036437
1 0.864486 0.801619 0.054517 0.117409
0 0.237539 0.825911 0.014019 0.032389
1 0.869159 0.279352 0.040498 0.101215
0 0.739097 0.787449 0.032710 0.085020
1 0.395639 0.394737 0.054517 0.068826
1 0.730530 0.214575 0.049844 0.064777
1 0.477414 0.445344 0.021807 0.052632
1 0.788941 0.376518 0.056075 0.117409
0 0.602804 0.639676 0.020249 0.040486
1 0.645639 0.546559 0.023364 0.072874
0 0.911215 0.168016 0.029595 0.064777
1 0.415888 0.757085 0.110592 0.238866
0 0.345016 0.943320 0.010903 0.036437
0 0.049844 0.313765 0.028037 0.060729
1 0.247664 0.566802 0.031153 0.109312
1 0.438474 0.378543 0.023364 0.068826
0 0.846573 0.165992 0.031153 0.097166
