1 0.097352 0.297571 0.042056 0.097166
0 0.795171 0.961538 0.012461 0.036437
1 0.441589 0.248988 0.014019 0.056680
1 0.834891 0.740891 0.021807 0.068826
1 0.371495 0.647773 0.051402 0.165992
1 0.257788 0.611336 0.059190 0.149798
1 0.646417 0.307692 0.059190 0.097166
1 0.890187 0.139676 0.020249 0.093117
1 0.130841 0.655870 0.012461 0.016194
0 0.279595 0.823887 0.043614 0.137652
0 0.199377 0.714575 0.021807 0.060729
1 0.317757 0.888664 0.045171 0.105263
1 0.564642 0.500000 0.026480 0.052632
1 0.509346 0.419028 0.057632 0.145749
1 0.903427 0.212551 0.043614 0.153846
0 0.482866 0.315789 0.048287 0.117409
0 0.172897 0.396761 0.037383 0.113360
1 0.221184 0.251012 0.040498 0.064777
0 0.794393 0.467611 0.045171 0.097166
1 0.132399 0.678138 0.009346 0.012146
0 0.853583 0.931174 0.034268 0.113360
1 0.330997 0.787449 0.045171 0.089069
1 0.584112 0.281377 0.049844 0.121457
1 0.384735 0.554656 0.074766 0.157895
1 0.697040 0.133603 0.017134 0.044534
1 0.313084 0.572874 0.010903 0.028340
0 0.337227 0.127530 0.014019 0.032389
1 0.201713 0.631579 0.024922 0.080972
1 0.226636 0.461538 0.104361 0.198381
1 0.077882 0.680162 0.018692 0.056680
1 0.658879 0.763158 0.015576 0.036437
0 0.229751 0.880567 0.015576 0.044534
1 0.742212 0.390688 0.054517 0.137652
0 0.549065 0.848178 0.031153 0.076923
1 0.731308 0.700405 0.032710 0.072874
1 0.668224 0.445344 0.043614 0.133603
0 0.827103 0.190283 0.040498 0.080972
0 0.431464 0.753036 0.048287 0.121457
1 0.876168 0.338057 0.032710 0.072874
1 0.387072 0.698381 0.037383 0.157895
1 0.824766 0.868421 0.032710 0.117409
