1 0.221963 0.159919 0.010903 0.028340
1 0.345016 0.192308 0.059190 0.186235
1 0.804517 0.417004 0.071651 0.161943
0 0.441589 0.649798 0.082555 0.206478
1 0.473520 0.165992 0.015576 0.040486
1 0.060748 0.362348 0.029595 0.080972
1 0.711059 0.643725 0.071651 0.125506
0 0.447819 0.500000 0.029595 0.097166
1 0.241433 0.858300 0.046729 0.133603
0 0.315421 0.597166 0.007788 0.020243
1 0.805296 0.538462 0.060748 0.101215
0 0.342679 0.259109 0.043614 0.141700
0 0.883178 0.265182 0.024922 0.068826
0 0.581776 0.461538 0.040498 0.117409
1 0.722741 0.329960 0.057632 0.093117
0 0.261682 0.378543 0.065421 0.226721
1 0.131620 0.552632 0.023364 0.052632
0 0.088006 0.862348 0.028037 0.080972
1 0.111371 0.457490 0.046729 0.125506
0 0.375389 0.392713 0.020249 0.048583
0 0.676012 0.135628 0.012461 0.028340
1 0.573209 0.700405 0.048287 0.113360
1 0.263240 0.510121 0.063863 0.113360
0 0.065421 0.228745 0.034268 0.105263
1 0.862150 0.135628 0.032710 0.052632
0 0.193146 0.425101 0.034268 0.097166
1 0.201713 0.635628 0.017134 0.036437
1 0.337227 0.714575 0.045171 0.080972
1 0.478972 0.817814 0.029595 0.080972
1 0.395639 0.803644 0.031153 0.125506
1 0.700935 0.244939 0.043614 0.182186
1 0.812305 0.850202 0.065421 0.153846
0 0.263240 0.141700 0.028037 0.064777
1 0.927570 0.629555 0.054517 0.137652
1 0.267134 0.678138 0.023364 0.052632
1 0.074766 0.761134 0.046729 0.097166
1 0.689252 0.433198 0.017134 0.036437
1 0.104361 0.184211 0.009346 0.016194
0 0.575545 0.874494 0.017134 0.072874
0 0.764019 0.712551 0.024922 0.072874
1 0.348910 0.437247 0.032710 0.080972
