1 0.524143 0.914980 0.059190 0.113360
0 0.810748 0.386640 0.045171 0.105263
1 0.919003 0.908907 0.023364 0.064777
1 0.243769 0.471660 0.051402 0.182186
0 0.825545 0.512146 0.021807 0.056680
0 0.599688 0.591093 0.028037 0.085020
1 0.299065 0.898785 0.043614 0.105263
0 0.352804 0.767206 0.068536 0.190283
0 0.471963 0.406883 0.059190 0.129555
0 0.584891 0.738866 0.020249 0.076923
0 0.281931 0.809717 0.043614 0.125506
1 0.247664 0.708502 0.037383 0.113360
0 0.785047 0.554656 0.032710 0.072874
1 0.140187 0.556680 0.023364 0.060729
1 0.774143 0.261134 0.017134 0.101215
0 0.619938 0.301619 0.046729 0.109312
1 0.387072 0.892713 0.010903 0.028340
1 0.218069 0.672065 0.006231 0.016194
0 0.323988 0.224696 0.042056 0.105263
1 0.444704 0.825911 0.007788 0.016194
1 0.405763 0.287449 0.130841 0.364372
1 0.365265 0.481781 0.037383 0.121457
0 0.796729 0.127530 0.014019 0.040486
1 0.791277 0.121457 0.018692 0.032389
1 0.482087 0.785425 0.020249 0.064777
1 0.310748 0.682186 0.043614 0.105263
0 0.637850 0.621457 0.071651 0.153846
1 0.870717 0.338057 0.038941 0.080972
1 0.204050 0.572874 0.023364 0.068826
0 0.339564 0.277328 0.051402 0.170040
1 0.743769 0.242915 0.048287 0.137652
0 0.541277 0.510121 0.035826 0.085020
1 0.774143 0.425101 0.012461 0.032389
1 0.059190 0.708502 0.038941 0.052632
0 0.573988 0.295547 0.068536 0.186235
0 0.578660 0.625506 0.015576 0.044534
0 0.790498 0.856275 0.052960 0.129555
1 0.239875 0.769231 0.048287 0.153846
1 0.334112 0.597166 0.014019 0.028340
1 0.535047 0.459514 0.045171 0.080972
1 0.300623 0.495951 0.040498 0.113360
1 0.304517 0.730769 0.046729 0.125506
1 0.820872 0.625506 0.073209 0.165992
1 0.134735 0.619433 0.015576 0.040486
1 0.492991 0.299595 0.035826 0.097166
1 0.474299 0.613360 0.031153 0.097166
0 0.350467 0.906883 0.015576 0.044534
0 0.586449 0.817814 0.020249 0.056680
0 0.715732 0.698381 0.104361 0.214575
0 0.760125 0.360324 0.021807 0.052632
0 0.902648 0.878543 0.004673 0.016194
0 0.464953 0.850202 0.031153 0.097166
1 0.255452 0.637652 0.020249 0.044534
1 0.831776 0.724696 0.032710 0.052632
0 0.467290 0.692308 0.045171 0.149798
1 0.082555 0.718623 0.006231 0.020243
1 0.779595 0.670040 0.007788 0.012146
0 0.306075 0.453441 0.035826 0.117409
