0 0.717290 0.872470 0.038941 0.101215
1 0.164330 0.704453 0.026480 0.064777
1 0.736760 0.404858 0.012461 0.032389
1 0.878505 0.868421 0.009346 0.020243
1 0.492212 0.192308 0.062305 0.133603
0 0.879283 0.384615 0.024922 0.064777
1 0.246106 0.678138 0.032710 0.072874
1 0.367601 0.340081 0.096573 0.178138
0 0.570093 0.862348 0.045171 0.141700
1 0.212617 0.465587 0.062305 0.121457
1 0.698598 0.803644 0.038941 0.080972
1 0.919003 0.827935 0.032710 0.101215
0 0.490654 0.344130 0.018692 0.048583
0 0.807632 0.672065 0.021807 0.056680
0 0.147196 0.325911 0.014019 0.040486
1 0.262461 0.275304 0.065421 0.178138
0 0.342679 0.532389 0.031153 0.064777
0 0.410436 0.558704 0.028037 0.076923
0 0.393302 0.698381 0.052960 0.125506
0 0.399533 0.184211 0.015576 0.044534
0 0.170561 0.200405 0.068536 0.153846
0 0.667445 0.921053 0.012461 0.032389
0 0.496885 0.366397 0.028037 0.060729
0 0.121495 0.283401 0.014019 0.040486
1 0.283489 0.805668 0.018692 0.072874
1 0.345016 0.755061 0.062305 0.145749
0 0.426791 0.378543 0.012461 0.036437
1 0.078660 0.453441 0.071651 0.153846
0 0.489097 0.568826 0.054517 0.153846
1 0.420561 0.878543 0.066978 0.145749
1 0.617601 0.668016 0.012461 0.024291
1 0.732866 0.595142 0.012461 0.036437
1 0.573209 0.178138 0.014019 0.044534
0 0.535047 0.783401 0.021807 0.076923
1 0.314642 0.639676 0.023364 0.052632
1 0.730530 0.546559 0.040498 0.080972
0 0.209502 0.224696 0.046729 0.105263
1 0.441589 0.386640 0.017134 0.056680
0 0.253894 0.481781 0.024922 0.080972
1 0.853583 0.275304 0.012461 0.056680
1 0.922897 0.240891 0.054517 0.121457
1 0.784268 0.864372 0.040498 0.080972
1 0.873832 0.704453 0.026480 0.064777
0 0.184579 0.495951 0.028037 0.109312
0 0.436137 0.593117 0.024922 0.052632
1 0.369938 0.536437 0.017134 0.056680
1 0.553738 0.520243 0.007788 0.020243
1 0.553738 0.186235 0.029595 0.072874
1 0.130062 0.348178 0.012461 0.028340
