0 0.229751 0.858300 0.048287 0.145749
1 0.187695 0.528340 0.026480 0.137652
1 0.090343 0.242915 0.012461 0.024291
1 0.850467 0.342105 0.076324 0.153846
1 0.146417 0.674089 0.026480 0.133603
1 0.644860 0.495951 0.034268 0.085020
1 0.389408 0.720648 0.029595 0.089069
0 0.298287 0.566802 0.014019 0.040486
0 0.598131 0.406883 0.091900 0.194332
0 0.115265 0.441296 0.026480 0.060729
1 0.671340 0.902834 0.054517 0.149798
1 0.213396 0.688259 0.045171 0.105263
0 0.369159 0.797571 0.015576 0.040486
0 0.144081 0.309717 0.068536 0.165992
0 0.896417 0.350202 0.034268 0.093117
1 0.091900 0.807692 0.037383 0.101215
1 0.335670 0.439271 0.035826 0.040486
1 0.556854 0.726721 0.099688 0.226721
1 0.134735 0.969636 0.018692 0.052632
1 0.885514 0.489879 0.046729 0.105263
1 0.922118 0.799595 0.028037 0.068826
1 0.107477 0.842105 0.026480 0.072874
1 0.901090 0.226721 0.076324 0.178138
0 0.227414 0.572874 0.054517 0.157895
1 0.464953 0.301619 0.018692 0.060729
1 0.145639 0.425101 0.014019 0.044534
1 0.095016 0.109312 0.006231 0.032389
0 0.704050 0.495951 0.038941 0.076923
0 0.227414 0.206478 0.006231 0.016194
0 0.670561 0.688259 0.032710 0.076923
1 0.490654 0.149798 0.020249 0.048583
1 0.628505 0.740891 0.063863 0.117409
1 0.616822 0.580972 0.018692 0.028340
1 0.875389 0.955466 0.032710 0.068826
1 0.739097 0.378543 0.035826 0.117409
1 0.781931 0.220648 0.045171 0.109312
1 0.385514 0.842105 0.034268 0.105263
0 0.207944 0.589069 0.060748 0.121457
1 0.084112 0.410931 0.024922 0.060729
1 0.080218 0.366397 0.021807 0.060729
0 0.768692 0.929150 0.032710 0.093117
1 0.241433 0.461538 0.021807 0.048583
1 0.690031 0.746964 0.015576 0.044534
1 0.756231 0.732794 0.035826 0.064777
0 0.434579 0.904858 0.029595 0.093117
1 0.336449 0.564777 0.020249 0.044534
1 0.517134 0.607287 0.037383 0.097166
1 0.092679 0.580972 0.020249 0.060729
0 0.373053 0.224696 0.007788 0.020243
0 0.532710 0.275304 0.023364 0.072874
1 0.690810 0.694332 0.017134 0.052632
