1 0.760903 0.829960 0.087227 0.145749
1 0.177570 0.293522 0.052960 0.109312
1 0.767913 0.603239 0.009346 0.028340
0 0.602025 0.392713 0.023364 0.060729
1 0.587227 0.680162 0.052960 0.121457
1 0.818536 0.625506 0.035826 0.101215
1 0.505452 0.597166 0.073209 0.093117
1 0.538162 0.884615 0.029595 0.068826
1 0.706386 0.242915 0.034268 0.105263
0 0.497664 0.251012 0.007788 0.016194
1 0.242991 0.263158 0.070093 0.165992
0 0.155763 0.230769 0.020249 0.085020
0 0.092679 0.481781 0.010903 0.028340
0 0.284268 0.852227 0.007788 0.020243
1 0.712617 0.856275 0.037383 0.093117
0 0.261682 0.672065 0.071651 0.246964
1 0.574766 0.493927 0.009346 0.016194
0 0.255452 0.431174 0.046729 0.121457
1 0.159657 0.528340 0.057632 0.089069
0 0.799065 0.684211 0.043614 0.129555
0 0.348910 0.129555 0.026480 0.072874
1 0.164330 0.663968 0.046729 0.133603
1 0.662773 0.834008 0.023364 0.048583
0 0.779595 0.508097 0.034268 0.097166
1 0.939252 0.410931 0.034268 0.076923
0 0.802181 0.285425 0.015576 0.032389
1 0.903427 0.336032 0.010903 0.032389
1 0.848910 0.718623 0.014019 0.032389
1 0.886293 0.647773 0.060748 0.145749
1 0.429128 0.400810 0.007788 0.028340
1 0.631620 0.578947 0.026480 0.072874
0 0.869938 0.368421 0.028037 0.097166
1 0.673676 0.595142 0.026480 0.032389
1 0.901090 0.485830 0.014019 0.028340
0 0.336449 0.712551 0.007788 0.024291
1 0.576324 0.141700 0.017134 0.024291
0 0.127726 0.836032 0.015576 0.036437
1 0.644081 0.791498 0.018692 0.048583
1 0.665888 0.767206 0.031153 0.068826
1 0.736760 0.682186 0.057632 0.076923
1 0.667445 0.350202 0.026480 0.093117
0 0.174455 0.753036 0.018692 0.048583
0 0.844237 0.621457 0.051402 0.133603
0 0.929907 0.161943 0.012461 0.032389
0 0.544393 0.172065 0.014019 0.068826
0 0.914330 0.779352 0.062305 0.145749
0 0.176012 0.182186 0.042056 0.072874
0 0.780374 0.453441 0.034268 0.093117
1 0.625389 0.655870 0.010903 0.024291
0 0.141745 0.421053 0.037383 0.072874
0 0.894860 0.534413 0.014019 0.036437
0 0.353583 0.481781 0.099688 0.210526
1 0.116044 0.465587 0.038941 0.089069
