0 0.848910 0.202429 0.028037 0.060729
1 0.699377 0.680162 0.024922 0.040486
0 0.838785 0.344130 0.034268 0.060729
1 0.669003 0.902834 0.031153 0.060729
1 0.383178 0.890688 0.042056 0.101215
1 0.571651 0.445344 0.028037 0.072874
1 0.340343 0.516194 0.017134 0.052632
1 0.443925 0.380567 0.021807 0.064777
1 0.517913 0.451417 0.060748 0.101215
1 0.408100 0.819838 0.018692 0.044534
1 0.218847 0.200405 0.035826 0.133603
1 0.059190 0.542510 0.009346 0.024291
1 0.642523 0.289474 0.026480 0.085020
1 0.584112 0.627530 0.077882 0.214575
1 0.235981 0.487854 0.073209 0.174089
1 0.459502 0.619433 0.015576 0.032389
0 0.834112 0.724696 0.014019 0.056680
1 0.496106 0.368421 0.073209 0.182186
0 0.073988 0.309717 0.023364 0.048583
1 0.516355 0.864372 0.056075 0.113360
1 0.740654 0.587045 0.023364 0.048583
0 0.598910 0.388664 0.035826 0.105263
1 0.908100 0.309717 0.021807 0.040486
1 0.483645 0.892713 0.023364 0.048583
0 0.398754 0.497976 0.034268 0.105263
0 0.144860 0.246964 0.014019 0.044534
1 0.821651 0.868421 0.026480 0.060729
1 0.727414 0.755061 0.042056 0.161943
1 0.697040 0.874494 0.015576 0.036437
1 0.369159 0.732794 0.040498 0.125506
1 0.545171 0.603239 0.026480 0.085020
1 0.623053 0.647773 0.070093 0.186235
1 0.549844 0.524291 0.063863 0.113360
0 0.869159 0.542510 0.040498 0.121457
1 0.544393 0.384615 0.048287 0.157895
1 0.387072 0.817814 0.029595 0.085020
1 0.830218 0.236842 0.028037 0.117409
