0 0.790498 0.949393 0.015576 0.040486
1 0.346573 0.299595 0.077882 0.174089
1 0.672118 0.576923 0.051402 0.093117
1 0.508567 0.688259 0.119938 0.186235
0 0.366044 0.455466 0.029595 0.076923
1 0.047508 0.354251 0.009346 0.020243
0 0.567757 0.321862 0.034268 0.076923
1 0.805296 0.724696 0.029595 0.080972
1 0.933801 0.236842 0.012461 0.028340
0 0.907321 0.827935 0.020249 0.056680
0 0.600467 0.350202 0.018692 0.068826
0 0.848910 0.497976 0.052960 0.153846
1 0.264798 0.323887 0.014019 0.044534
0 0.927570 0.398785 0.043614 0.097166
1 0.714953 0.291498 0.035826 0.072874
1 0.172118 0.234818 0.052960 0.109312
1 0.676791 0.868421 0.018692 0.044534
1 0.206386 0.253036 0.080997 0.141700
0 0.936137 0.840081 0.035826 0.064777
1 0.665109 0.696356 0.012461 0.032389
0 0.333333 0.585020 0.023364 0.060729
1 0.922897 0.714575 0.007788 0.020243
1 0.373053 0.131579 0.017134 0.072874
1 0.125389 0.303644 0.059190 0.105263
0 0.501558 0.910931 0.031153 0.085020
1 0.530374 0.394737 0.029595 0.060729
0 0.241433 0.548583 0.034268 0.076923
1 0.205607 0.447368 0.066978 0.198381
1 0.721963 0.236842 0.010903 0.024291
1 0.827882 0.706478 0.007788 0.036437
0 0.623053 0.779352 0.024922 0.056680
1 0.780374 0.253036 0.049844 0.080972
0 0.634735 0.238866 0.065421 0.117409
1 0.403427 0.297571 0.017134 0.040486
1 0.679128 0.380567 0.028037 0.105263
0 0.108255 0.959514 0.010903 0.024291
1 0.319315 0.159919 0.015576 0.044534
