1 0.353583 0.451417 0.049844 0.117409
1 0.595794 0.941296 0.012461 0.060729
1 0.216511 0.311741 0.042056 0.133603
1 0.629283 0.777328 0.003115 0.016194
0 0.682243 0.212551 0.063863 0.165992
0 0.309190 0.240891 0.028037 0.056680
1 0.623053 0.386640 0.052960 0.068826
0 0.758567 0.708502 0.028037 0.076923
1 0.072430 0.647773 0.037383 0.117409
0 0.183801 0.860324 0.084112 0.194332
1 0.302181 0.311741 0.021807 0.072874
1 0.513240 0.921053 0.042056 0.097166
0 0.387850 0.641700 0.076324 0.263158
1 0.913551 0.161943 0.024922 0.085020
0 0.446262 0.682186 0.021807 0.064777
0 0.128505 0.595142 0.014019 0.024291
1 0.821651 0.447368 0.059190 0.145749
0 0.397196 0.261134 0.068536 0.137652
0 0.554517 0.570850 0.031153 0.068826
1 0.132399 0.522267 0.015576 0.028340
1 0.472741 0.455466 0.026480 0.080972
1 0.919003 0.548583 0.012461 0.036437
1 0.487539 0.408907 0.031153 0.101215
0 0.799065 0.522267 0.009346 0.024291
1 0.590343 0.585020 0.014019 0.032389
1 0.688474 0.963563 0.012461 0.024291
0 0.911994 0.396761 0.042056 0.072874
0 0.315421 0.593117 0.026480 0.076923
0 0.145639 0.321862 0.012461 0.036437
1 0.784268 0.500000 0.021807 0.097166
1 0.654206 0.200405 0.032710 0.093117
1 0.886293 0.467611 0.032710 0.076923
1 0.103583 0.253036 0.042056 0.080972
1 0.186916 0.374494 0.024922 0.080972
1 0.458723 0.615385 0.032710 0.089069
1 0.514019 0.271255 0.057632 0.157895
1 0.345794 0.329960 0.038941 0.105263
0 0.944704 0.240891 0.004673 0.012146
0 0.678349 0.344130 0.070093 0.234818
1 0.431464 0.317814 0.034268 0.109312
1 0.766355 0.823887 0.049844 0.113360
1 0.538941 0.787449 0.051402 0.117409
0 0.825545 0.161943 0.021807 0.048583
0 0.552181 0.694332 0.010903 0.028340
1 0.489875 0.888664 0.007788 0.036437
0 0.092679 0.463563 0.056075 0.121457
1 0.094237 0.850202 0.010903 0.024291
1 0.771807 0.880567 0.023364 0.040486
0 0.243769 0.370445 0.037383 0.105263
0 0.613707 0.218623 0.028037 0.076923
1 0.901869 0.649798 0.017134 0.048583
1 0.257788 0.329960 0.032710 0.093117
1 0.659657 0.580972 0.074766 0.170040
1 0.923676 0.718623 0.043614 0.121457
0 0.757009 0.929150 0.020249 0.056680
1 0.080218 0.323887 0.038941 0.085020
0 0.201713 0.222672 0.020249 0.036437
