1 0.635514 0.315789 0.020249 0.044534
1 0.404984 0.854251 0.052960 0.149798
1 0.791277 0.502024 0.043614 0.093117
1 0.839564 0.912955 0.048287 0.064777
1 0.360592 0.724696 0.051402 0.125506
1 0.376168 0.621457 0.076324 0.182186
1 0.132399 0.957490 0.020249 0.056680
1 0.668224 0.178138 0.023364 0.056680
1 0.313084 0.702429 0.015576 0.044534
1 0.158100 0.443320 0.063863 0.267206
1 0.081776 0.771255 0.032710 0.101215
0 0.306854 0.334008 0.054517 0.153846
0 0.099688 0.825911 0.009346 0.024291
1 0.463396 0.459514 0.054517 0.186235
1 0.579439 0.419028 0.056075 0.186235
0 0.133178 0.267206 0.014019 0.048583
1 0.262461 0.755061 0.062305 0.137652
1 0.464953 0.356275 0.023364 0.072874
0 0.081776 0.495951 0.026480 0.044534
1 0.671340 0.720648 0.018692 0.044534
1 0.700935 0.633603 0.054517 0.137652
0 0.901869 0.811741 0.018692 0.036437
1 0.174455 0.844130 0.052960 0.153846
1 0.404984 0.313765 0.034268 0.072874
0 0.797508 0.870445 0.017134 0.040486
1 0.422118 0.605263 0.009346 0.020243
0 0.077882 0.275304 0.049844 0.141700
1 0.468069 0.815789 0.034268 0.064777
1 0.936137 0.655870 0.014019 0.068826
1 0.248442 0.196356 0.023364 0.089069
0 0.146417 0.674089 0.021807 0.052632
1 0.457165 0.313765 0.007788 0.020243
1 0.186137 0.279352 0.020249 0.056680
1 0.823988 0.627530 0.015576 0.064777
1 0.799065 0.285425 0.040498 0.097166
0 0.791277 0.773279 0.035826 0.097166
0 0.774922 0.848178 0.023364 0.064777
1 0.162773 0.700405 0.018692 0.052632
1 0.277259 0.190283 0.043614 0.133603
1 0.925234 0.704453 0.012461 0.028340
0 0.680685 0.176113 0.032710 0.089069
1 0.107477 0.554656 0.017134 0.036437
1 0.325545 0.437247 0.020249 0.072874
0 0.598131 0.927126 0.035826 0.076923
0 0.883956 0.297571 0.014019 0.044534
0 0.083333 0.629555 0.051402 0.157895
0 0.276480 0.362348 0.029595 0.052632
0 0.223520 0.477733 0.062305 0.149798
1 0.723520 0.892713 0.020249 0.040486
0 0.458723 0.259109 0.035826 0.105263
1 0.416667 0.186235 0.026480 0.089069
1 0.386293 0.135628 0.034268 0.052632
1 0.830997 0.115385 0.007788 0.020243
