1 0.535047 0.564777 0.007788 0.020243
1 0.308411 0.491903 0.012461 0.024291
0 0.547508 0.255061 0.014019 0.040486
1 0.778037 0.585020 0.063863 0.145749
1 0.594237 0.402834 0.060748 0.137652
0 0.873053 0.866397 0.042056 0.093117
1 0.397196 0.151822 0.015576 0.044534
0 0.606698 0.645749 0.026480 0.068826
1 0.145639 0.659919 0.023364 0.048583
0 0.906542 0.447368 0.032710 0.121457
1 0.729751 0.362348 0.028037 0.064777
1 0.323209 0.678138 0.017134 0.052632
1 0.609034 0.692308 0.035826 0.101215
0 0.721184 0.686235 0.006231 0.020243
1 0.922897 0.530364 0.015576 0.044534
1 0.645639 0.892713 0.048287 0.129555
1 0.919782 0.234818 0.010903 0.032389
1 0.465732 0.744939 0.028037 0.064777
1 0.191589 0.194332 0.062305 0.161943
1 0.725078 0.269231 0.043614 0.089069
1 0.213396 0.793522 0.049844 0.149798
0 0.337227 0.412955 0.020249 0.060729
0 0.415109 0.378543 0.037383 0.101215
1 0.611371 0.957490 0.014019 0.032389
0 0.504673 0.119433 0.012461 0.044534
1 0.804517 0.202429 0.015576 0.032389
1 0.125389 0.568826 0.007788 0.016194
0 0.181464 0.801619 0.024922 0.072874
0 0.405763 0.939271 0.034268 0.089069
1 0.341121 0.530364 0.045171 0.101215
1 0.118380 0.518219 0.026480 0.080972
0 0.635514 0.449393 0.023364 0.076923
0 0.229751 0.184211 0.014019 0.036437
1 0.600467 0.587045 0.029595 0.080972
1 0.545171 0.153846 0.028037 0.080972
1 0.856698 0.178138 0.031153 0.089069
0 0.436916 0.663968 0.059190 0.170040
0 0.119159 0.313765 0.034268 0.093117
0 0.671340 0.465587 0.026480 0.064777
1 0.070093 0.475709 0.032710 0.113360
0 0.290498 0.293522 0.010903 0.028340
1 0.436137 0.844130 0.017134 0.052632
0 0.118380 0.736842 0.009346 0.024291
1 0.408879 0.603239 0.056075 0.113360
