0 0.095016 0.884615 0.045171 0.161943
1 0.739875 0.801619 0.018692 0.076923
1 0.215732 0.368421 0.102804 0.234818
0 0.116822 0.775304 0.056075 0.101215
1 0.633178 0.856275 0.080997 0.222672
1 0.058411 0.192308 0.032710 0.064777
1 0.443925 0.487854 0.077882 0.153846
0 0.906542 0.637652 0.073209 0.214575
1 0.427570 0.279352 0.028037 0.089069
1 0.138629 0.564777 0.024922 0.064777
0 0.116822 0.176113 0.029595 0.101215
1 0.888629 0.208502 0.037383 0.133603
0 0.560748 0.773279 0.037383 0.093117
0 0.395639 0.196356 0.037383 0.170040
0 0.591121 0.208502 0.046729 0.137652
1 0.154206 0.489879 0.009346 0.024291
1 0.292835 0.817814 0.035826 0.117409
0 0.537383 0.825911 0.021807 0.064777
0 0.680685 0.900810 0.018692 0.044534
1 0.321651 0.615385 0.082555 0.186235
1 0.080218 0.265182 0.065421 0.105263
0 0.531153 0.214575 0.065421 0.194332
0 0.160436 0.637652 0.017134 0.028340
0 0.224299 0.684211 0.015576 0.040486
1 0.089564 0.382591 0.017134 0.044534
0 0.315421 0.269231 0.070093 0.133603
1 0.376947 0.182186 0.018692 0.048583
1 0.540498 0.653846 0.090343 0.218623
1 0.397975 0.613360 0.085670 0.210526
1 0.719626 0.894737 0.034268 0.068826
1 0.663551 0.672065 0.048287 0.121457
0 0.932243 0.350202 0.014019 0.028340
1 0.301402 0.698381 0.090343 0.206478
0 0.271807 0.319838 0.032710 0.080972
