0 0.432243 0.678138 0.034268 0.076923
1 0.595794 0.789474 0.017134 0.052632
0 0.053738 0.192308 0.024922 0.068826
1 0.582555 0.198381 0.071651 0.170040
1 0.091121 0.751012 0.091900 0.186235
0 0.831776 0.714575 0.034268 0.076923
0 0.144860 0.538462 0.088785 0.194332
1 0.919003 0.522267 0.024922 0.040486
1 0.700156 0.819838 0.042056 0.125506
0 0.377726 0.202429 0.028037 0.076923
0 0.472741 0.580972 0.032710 0.097166
0 0.439252 0.850202 0.059190 0.153846
1 0.874611 0.439271 0.017134 0.044534
0 0.574766 0.945344 0.020249 0.040486
1 0.426791 0.722672 0.021807 0.080972
1 0.672118 0.680162 0.006231 0.024291
0 0.573209 0.489879 0.021807 0.080972
1 0.299065 0.971660 0.004673 0.008097
0 0.471184 0.880567 0.014019 0.036437
1 0.891745 0.704453 0.076324 0.271255
1 0.106698 0.376518 0.012461 0.036437
1 0.241433 0.931174 0.021807 0.044534
1 0.205607 0.852227 0.014019 0.024291
1 0.069315 0.147773 0.024922 0.105263
1 0.172897 0.935223 0.021807 0.036437
1 0.813084 0.611336 0.045171 0.109312
0 0.256231 0.497976 0.010903 0.032389
0 0.881620 0.331984 0.010903 0.024291
0 0.129283 0.376518 0.020249 0.056680
1 0.462617 0.198381 0.024922 0.060729
0 0.086449 0.431174 0.004673 0.012146
0 0.113707 0.331984 0.034268 0.089069
1 0.735981 0.917004 0.040498 0.113360
1 0.368380 0.653846 0.021807 0.072874
1 0.271028 0.836032 0.009346 0.032389
1 0.131620 0.137652 0.020249 0.056680
0 0.760125 0.307692 0.031153 0.052632
1 0.251558 0.380567 0.060748 0.129555
1 0.908100 0.172065 0.029595 0.093117
1 0.524922 0.945344 0.014019 0.036437
1 0.843458 0.368421 0.040498 0.060729
1 0.529595 0.611336 0.006231 0.016194
1 0.607477 0.900810 0.017134 0.036437
1 0.830997 0.451417 0.038941 0.085020
0 0.286604 0.287449 0.054517 0.121457
1 0.327103 0.684211 0.023364 0.056680
1 0.391745 0.226721 0.029595 0.105263
1 0.381620 0.487854 0.028037 0.109312
0 0.623053 0.402834 0.037383 0.085020
1 0.225078 0.479757 0.023364 0.032389
1 0.407321 0.398785 0.023364 0.044534
0 0.496885 0.273279 0.034268 0.101215
1 0.082555 0.299595 0.026480 0.048583
1 0.861371 0.876518 0.059190 0.113360
0 0.173676 0.358300 0.029595 0.076923
