1 0.472741 0.619433 0.014019 0.036437
0 0.559190 0.819838 0.065421 0.145749
1 0.542835 0.153846 0.007788 0.024291
1 0.113707 0.451417 0.023364 0.056680
1 0.929128 0.315789 0.015576 0.032389
0 0.269470 0.163968 0.034268 0.113360
0 0.157321 0.678138 0.037383 0.093117
1 0.740654 0.625506 0.052960 0.133603
1 0.068536 0.554656 0.015576 0.056680
1 0.325545 0.459514 0.034268 0.048583
1 0.641745 0.785425 0.023364 0.044534
1 0.289720 0.704453 0.028037 0.048583
0 0.475078 0.510121 0.059190 0.161943
0 0.860592 0.686235 0.077882 0.170040
1 0.243769 0.552632 0.037383 0.141700
0 0.889408 0.447368 0.070093 0.125506
0 0.696262 0.639676 0.073209 0.174089
1 0.123832 0.801619 0.034268 0.064777
0 0.151869 0.631579 0.012461 0.048583
0 0.436916 0.645749 0.048287 0.085020
1 0.566978 0.208502 0.049844 0.085020
1 0.566978 0.696356 0.032710 0.089069
1 0.645639 0.593117 0.014019 0.044534
0 0.197040 0.348178 0.003115 0.008097
0 0.207944 0.665992 0.066978 0.161943
1 0.156542 0.412955 0.014019 0.036437
0 0.834891 0.904858 0.034268 0.076923
0 0.205607 0.838057 0.012461 0.028340
1 0.465732 0.259109 0.017134 0.093117
1 0.806075 0.637652 0.018692 0.044534
0 0.378505 0.508097 0.023364 0.080972
