0 0.543614 0.694332 0.048287 0.133603
1 0.672118 0.655870 0.029595 0.056680
0 0.242212 0.305668 0.031153 0.085020
1 0.173676 0.491903 0.060748 0.170040
1 0.799065 0.311741 0.017134 0.056680
0 0.901090 0.572874 0.028037 0.060729
0 0.638629 0.473684 0.037383 0.080972
1 0.688474 0.585020 0.029595 0.097166
1 0.755452 0.340081 0.042056 0.137652
0 0.333333 0.627530 0.034268 0.097166
0 0.481308 0.858300 0.049844 0.085020
1 0.718069 0.214575 0.018692 0.032389
0 0.908100 0.840081 0.049844 0.129555
0 0.616822 0.807692 0.112150 0.263158
1 0.885514 0.212551 0.032710 0.109312
1 0.224299 0.562753 0.076324 0.206478
0 0.726636 0.670040 0.031153 0.125506
1 0.696262 0.724696 0.029595 0.048583
1 0.437695 0.520243 0.059190 0.202429
1 0.258567 0.568826 0.070093 0.206478
0 0.518692 0.546559 0.020249 0.068826
1 0.464953 0.706478 0.056075 0.125506
1 0.355919 0.279352 0.046729 0.072874
1 0.476636 0.576923 0.040498 0.141700
1 0.866822 0.451417 0.028037 0.072874
1 0.637072 0.174089 0.049844 0.117409
1 0.574766 0.674089 0.018692 0.044534
0 0.548287 0.751012 0.042056 0.141700
0 0.946262 0.325911 0.029595 0.036437
0 0.883178 0.696356 0.021807 0.056680
1 0.183801 0.627530 0.029595 0.048583
1 0.347352 0.929150 0.012461 0.036437
0 0.099688 0.898785 0.052960 0.157895
1 0.605919 0.230769 0.009346 0.024291
0 0.734424 0.807692 0.017134 0.052632
1 0.769470 0.591093 0.024922 0.052632
1 0.154984 0.645749 0.023364 0.036437
1 0.683022 0.218623 0.010903 0.024291
0 0.156542 0.840081 0.012461 0.032389
0 0.635514 0.295547 0.010903 0.024291
1 0.345794 0.251012 0.031153 0.097166
0 0.464953 0.495951 0.066978 0.170040
1 0.719626 0.736842 0.042056 0.105263
1 0.743769 0.192308 0.020249 0.064777
1 0.070872 0.706478 0.059190 0.153846
0 0.488318 0.246964 0.010903 0.028340
1 0.215732 0.408907 0.014019 0.040486
