1 0.441589 0.823887 0.020249 0.064777
1 0.258567 0.680162 0.031153 0.052632
0 0.748442 0.394737 0.046729 0.113360
0 0.332555 0.912955 0.043614 0.129555
1 0.758567 0.773279 0.021807 0.064777
0 0.552960 0.692308 0.018692 0.056680
0 0.732087 0.176113 0.040498 0.072874
0 0.776480 0.297571 0.017134 0.028340
0 0.410436 0.360324 0.060748 0.161943
0 0.890966 0.661943 0.037383 0.105263
1 0.293614 0.267206 0.062305 0.129555
1 0.164330 0.728745 0.042056 0.165992
1 0.530374 0.354251 0.021807 0.048583
1 0.594237 0.834008 0.042056 0.109312
0 0.259346 0.489879 0.051402 0.117409
1 0.542056 0.753036 0.035826 0.105263
1 0.780374 0.953441 0.018692 0.044534
0 0.596573 0.230769 0.032710 0.089069
1 0.809190 0.955466 0.031153 0.056680
1 0.434579 0.570850 0.059190 0.263158
1 0.905763 0.352227 0.021807 0.064777
1 0.387072 0.807692 0.029595 0.085020
0 0.732087 0.688259 0.012461 0.036437
1 0.463396 0.712551 0.017134 0.056680
1 0.608255 0.706478 0.045171 0.105263
0 0.559969 0.643725 0.029595 0.076923
1 0.682243 0.807692 0.018692 0.060729
1 0.522586 0.483806 0.102804 0.194332
0 0.081776 0.382591 0.031153 0.101215
0 0.670561 0.261134 0.057632 0.141700
1 0.056075 0.840081 0.020249 0.064777
0 0.543614 0.224696 0.021807 0.076923
1 0.261682 0.728745 0.015576 0.040486
1 0.260903 0.412955 0.029595 0.048583
0 0.925234 0.222672 0.017134 0.048583
1 0.824766 0.694332 0.038941 0.080972
1 0.381620 0.850202 0.015576 0.036437
1 0.095016 0.143725 0.014019 0.036437
1 0.176012 0.317814 0.032710 0.097166
1 0.324766 0.366397 0.031153 0.060729
1 0.669782 0.540486 0.023364 0.076923
0 0.843458 0.522267 0.009346 0.056680
0 0.059190 0.303644 0.031153 0.117409
0 0.818536 0.366397 0.014019 0.040486
1 0.667445 0.390688 0.112150 0.182186
0 0.634735 0.688259 0.032710 0.165992
1 0.893302 0.580972 0.020249 0.036437
1 0.108255 0.613360 0.046729 0.117409
1 0.758567 0.937247 0.024922 0.056680
1 0.495327 0.840081 0.062305 0.182186
1 0.119159 0.757085 0.007788 0.024291
0 0.601246 0.323887 0.074766 0.202429
1 0.254673 0.344130 0.017134 0.040486
1 0.456386 0.364372 0.037383 0.182186
0 0.321651 0.518219 0.051402 0.068826
1 0.302960 0.789474 0.020249 0.056680
1 0.580997 0.522267 0.023364 0.072874
1 0.489875 0.574899 0.043614 0.133603
