0 0.708723 0.520243 0.054517 0.141700
0 0.718069 0.852227 0.040498 0.129555
1 0.913551 0.850202 0.024922 0.056680
1 0.338785 0.670040 0.031153 0.080972
1 0.838785 0.710526 0.118380 0.161943
1 0.492212 0.421053 0.035826 0.076923
1 0.674455 0.868421 0.037383 0.085020
1 0.465732 0.441296 0.034268 0.072874
0 0.102025 0.613360 0.012461 0.036437
1 0.452492 0.803644 0.026480 0.072874
1 0.401090 0.558704 0.049844 0.141700
1 0.597352 0.275304 0.032710 0.093117
0 0.132399 0.688259 0.009346 0.024291
0 0.737539 0.313765 0.028037 0.072874
0 0.501558 0.342105 0.018692 0.044534
1 0.872274 0.860324 0.028037 0.089069
1 0.489097 0.297571 0.015576 0.052632
1 0.721963 0.366397 0.014019 0.036437
1 0.753894 0.313765 0.015576 0.060729
1 0.140966 0.263158 0.024922 0.089069
0 0.234424 0.242915 0.066978 0.242915
0 0.253115 0.419028 0.077882 0.210526
0 0.802181 0.232794 0.009346 0.020243
0 0.834112 0.423077 0.017134 0.040486
0 0.936137 0.779352 0.029595 0.072874
1 0.769470 0.526316 0.052960 0.125506
1 0.366044 0.680162 0.015576 0.044534
0 0.491433 0.518219 0.024922 0.064777
0 0.764798 0.372470 0.012461 0.028340
0 0.070093 0.216599 0.014019 0.044534
1 0.410436 0.477733 0.031153 0.109312
0 0.647975 0.342105 0.012461 0.036437
1 0.687695 0.279352 0.010903 0.032389
0 0.376168 0.884615 0.038941 0.113360
0 0.606698 0.882591 0.051402 0.121457
0 0.318536 0.437247 0.010903 0.028340
1 0.769470 0.261134 0.028037 0.068826
0 0.687695 0.688259 0.056075 0.137652
1 0.072430 0.516194 0.015576 0.044534
0 0.574766 0.228745 0.045171 0.137652
0 0.583333 0.378543 0.032710 0.097166
1 0.738318 0.645749 0.020249 0.044534
1 0.450156 0.255061 0.028037 0.064777
1 0.885514 0.765182 0.051402 0.113360
1 0.105140 0.491903 0.020249 0.064777
