0 0.316978 0.785425 0.010903 0.024291
0 0.690031 0.829960 0.032710 0.093117
1 0.806075 0.908907 0.010903 0.024291
0 0.701713 0.457490 0.045171 0.145749
1 0.838785 0.690283 0.063863 0.157895
1 0.408100 0.279352 0.037383 0.101215
0 0.593458 0.222672 0.038941 0.105263
1 0.572430 0.228745 0.035826 0.085020
0 0.253894 0.951417 0.029595 0.080972
1 0.914330 0.603239 0.020249 0.044534
1 0.083333 0.736842 0.057632 0.149798
1 0.588785 0.876518 0.023364 0.076923
1 0.690031 0.327935 0.042056 0.109312
1 0.503115 0.718623 0.026480 0.101215
1 0.261682 0.506073 0.017134 0.056680
1 0.106698 0.251012 0.040498 0.080972
0 0.957165 0.196356 0.007788 0.020243
1 0.734424 0.896761 0.028037 0.048583
1 0.704829 0.795547 0.034268 0.056680
1 0.072430 0.457490 0.024922 0.060729
1 0.530374 0.712551 0.023364 0.056680
0 0.208723 0.910931 0.021807 0.056680
1 0.634735 0.663968 0.020249 0.056680
0 0.806854 0.694332 0.012461 0.028340
1 0.370717 0.520243 0.098131 0.198381
1 0.447819 0.659919 0.024922 0.068826
0 0.639408 0.568826 0.045171 0.097166
0 0.425234 0.400810 0.065421 0.157895
1 0.595016 0.744939 0.017134 0.028340
1 0.566978 0.769231 0.015576 0.028340
1 0.284268 0.923077 0.023364 0.052632
0 0.588785 0.368421 0.068536 0.259109
1 0.775701 0.495951 0.054517 0.149798
1 0.373832 0.214575 0.035826 0.109312
0 0.494548 0.336032 0.038941 0.068826
1 0.061526 0.882591 0.018692 0.076923
1 0.548287 0.574899 0.048287 0.214575
1 0.252336 0.336032 0.026480 0.080972
0 0.204050 0.532389 0.052960 0.327935
1 0.770249 0.663968 0.035826 0.072874
0 0.144860 0.831984 0.028037 0.085020
0 0.848131 0.305668 0.063863 0.222672
1 0.739875 0.949393 0.006231 0.012146
0 0.157321 0.131579 0.010903 0.020243
0 0.270249 0.925101 0.026480 0.068826
1 0.482866 0.534413 0.051402 0.129555
0 0.420561 0.526316 0.048287 0.113360
0 0.137072 0.876518 0.014019 0.036437
