1 0.295950 0.479757 0.060748 0.161943
1 0.867601 0.384615 0.026480 0.072874
1 0.621495 0.244939 0.063863 0.218623
1 0.220405 0.530364 0.017134 0.052632
0 0.044393 0.141700 0.009346 0.040486
1 0.847352 0.497976 0.021807 0.048583
0 0.439252 0.311741 0.021807 0.060729
0 0.350467 0.485830 0.015576 0.048583
1 0.400312 0.629555 0.014019 0.076923
0 0.234424 0.137652 0.010903 0.028340
1 0.746885 0.325911 0.018692 0.036437
1 0.057632 0.133603 0.010903 0.032389
1 0.435358 0.404858 0.014019 0.024291
0 0.630062 0.748988 0.056075 0.133603
1 0.879283 0.546559 0.017134 0.052632
0 0.264019 0.910931 0.026480 0.072874
1 0.102025 0.738866 0.031153 0.060729
0 0.463396 0.202429 0.020249 0.072874
0 0.787383 0.277328 0.028037 0.068826
1 0.870717 0.860324 0.015576 0.036437
1 0.764019 0.514170 0.018692 0.048583
1 0.522586 0.647773 0.038941 0.085020
1 0.790498 0.846154 0.024922 0.064777
0 0.649533 0.402834 0.021807 0.064777
1 0.771807 0.155870 0.020249 0.044534
0 0.696262 0.702429 0.038941 0.186235
0 0.515576 0.836032 0.028037 0.076923
1 0.243769 0.621457 0.031153 0.068826
0 0.197819 0.491903 0.035826 0.076923
0 0.176791 0.483806 0.048287 0.125506
0 0.767913 0.348178 0.031153 0.113360
0 0.933022 0.546559 0.017134 0.040486
0 0.176012 0.384615 0.015576 0.040486
0 0.241433 0.206478 0.010903 0.028340
1 0.593458 0.785425 0.031153 0.076923
1 0.323988 0.678138 0.006231 0.012146
0 0.168224 0.319838 0.028037 0.072874
1 0.510125 0.947368 0.010903 0.032389
0 0.565421 0.396761 0.009346 0.024291
0 0.615265 0.469636 0.043614 0.089069
0 0.176012 0.560729 0.031153 0.068826
0 0.529595 0.222672 0.043614 0.121457
0 0.352804 0.311741 0.040498 0.101215
1 0.519470 0.544534 0.034268 0.109312
1 0.496885 0.876518 0.017134 0.044534
0 0.887850 0.623482 0.043614 0.141700
1 0.515576 0.323887 0.043614 0.101215
1 0.793614 0.497976 0.052960 0.133603
0 0.470405 0.886640 0.010903 0.044534
1 0.147196 0.870445 0.012461 0.040486
