1 0.256231 0.230769 0.023364 0.048583
0 0.184579 0.400810 0.035826 0.113360
0 0.933801 0.595142 0.032710 0.109312
1 0.623832 0.303644 0.023364 0.089069
1 0.177570 0.271255 0.057632 0.101215
1 0.408100 0.307692 0.056075 0.113360
0 0.063084 0.973684 0.010903 0.028340
0 0.850467 0.617409 0.045171 0.060729
1 0.816199 0.502024 0.045171 0.129555
1 0.266355 0.700405 0.012461 0.044534
0 0.736760 0.182186 0.012461 0.028340
0 0.321651 0.321862 0.024922 0.072874
0 0.630841 0.613360 0.021807 0.040486
1 0.129283 0.506073 0.049844 0.234818
1 0.186916 0.483806 0.021807 0.048583
1 0.880841 0.364372 0.020249 0.036437
1 0.799065 0.698381 0.043614 0.113360
1 0.937695 0.348178 0.010903 0.036437
1 0.348131 0.724696 0.018692 0.048583
1 0.616822 0.218623 0.035826 0.121457
0 0.491433 0.524291 0.010903 0.044534
1 0.545171 0.338057 0.037383 0.076923
0 0.197819 0.313765 0.063863 0.141700
1 0.369938 0.605263 0.009346 0.036437
1 0.698598 0.534413 0.042056 0.113360
1 0.450156 0.718623 0.032710 0.076923
0 0.580997 0.435223 0.029595 0.072874
1 0.108255 0.244939 0.040498 0.076923
1 0.711059 0.732794 0.046729 0.064777
1 0.655763 0.829960 0.060748 0.121457
0 0.330218 0.222672 0.024922 0.080972
1 0.375389 0.352227 0.045171 0.105263
1 0.749221 0.797571 0.014019 0.028340
0 0.815421 0.870445 0.026480 0.072874
