1 0.093458 0.568826 0.052960 0.113360
0 0.684579 0.799595 0.010903 0.028340
0 0.577882 0.342105 0.014019 0.040486
1 0.308411 0.724696 0.010903 0.036437
1 0.469626 0.520243 0.024922 0.060729
1 0.694704 0.688259 0.037383 0.125506
1 0.478193 0.463563 0.026480 0.060729
1 0.192368 0.692308 0.056075 0.194332
0 0.571651 0.773279 0.040498 0.093117
1 0.477414 0.414980 0.012461 0.020243
0 0.548287 0.283401 0.012461 0.024291
1 0.781931 0.366397 0.121495 0.283401
0 0.470405 0.742915 0.059190 0.133603
1 0.480530 0.176113 0.060748 0.165992
0 0.433801 0.285425 0.059190 0.133603
1 0.635514 0.574899 0.017134 0.064777
0 0.605919 0.935223 0.049844 0.085020
1 0.443146 0.931174 0.018692 0.072874
0 0.077882 0.882591 0.026480 0.097166
1 0.277259 0.348178 0.035826 0.060729
1 0.165109 0.301619 0.007788 0.012146
1 0.844237 0.210526 0.051402 0.113360
0 0.534268 0.759109 0.020249 0.048583
0 0.725857 0.627530 0.073209 0.170040
1 0.424455 0.829960 0.074766 0.218623
1 0.651869 0.170040 0.045171 0.105263
1 0.496885 0.714575 0.026480 0.076923
0 0.187695 0.906883 0.014019 0.024291
0 0.320872 0.838057 0.007788 0.016194
0 0.235202 0.568826 0.048287 0.097166
1 0.619159 0.287449 0.049844 0.097166
1 0.849688 0.627530 0.014019 0.016194
