1 0.809190 0.447368 0.012461 0.060729
0 0.142523 0.526316 0.043614 0.137652
0 0.300623 0.202429 0.028037 0.060729
0 0.472741 0.404858 0.091900 0.242915
1 0.500000 0.678138 0.052960 0.109312
1 0.762461 0.455466 0.073209 0.279352
0 0.460280 0.236842 0.066978 0.121457
1 0.124611 0.289474 0.018692 0.036437
1 0.676791 0.453441 0.035826 0.072874
0 0.406542 0.904858 0.059190 0.113360
1 0.183022 0.676113 0.037383 0.105263
1 0.264798 0.165992 0.020249 0.064777
0 0.227414 0.297571 0.035826 0.076923
0 0.106698 0.321862 0.012461 0.036437
0 0.079439 0.226721 0.023364 0.089069
0 0.621495 0.894737 0.031153 0.080972
0 0.423676 0.408907 0.049844 0.109312
0 0.535047 0.949393 0.012461 0.032389
0 0.521807 0.779352 0.037383 0.170040
1 0.243769 0.406883 0.020249 0.052632
1 0.156542 0.419028 0.074766 0.178138
1 0.403427 0.155870 0.046729 0.093117
1 0.798287 0.123482 0.014019 0.024291
0 0.803738 0.585020 0.043614 0.125506
1 0.380841 0.311741 0.004673 0.016194
1 0.167445 0.923077 0.054517 0.129555
1 0.877726 0.757085 0.060748 0.133603
0 0.861371 0.149798 0.024922 0.040486
0 0.915109 0.461538 0.029595 0.097166
1 0.837227 0.872470 0.042056 0.076923
0 0.239875 0.597166 0.021807 0.076923
1 0.577882 0.425101 0.052960 0.113360
1 0.938474 0.147773 0.032710 0.056680
0 0.217290 0.597166 0.018692 0.060729
1 0.939252 0.846154 0.006231 0.024291
0 0.333333 0.807692 0.018692 0.052632
0 0.458723 0.109312 0.004673 0.024291
1 0.236760 0.767206 0.034268 0.085020
0 0.318536 0.888664 0.085670 0.133603
1 0.098910 0.813765 0.037383 0.089069
1 0.595794 0.688259 0.020249 0.048583
0 0.953271 0.797571 0.009346 0.040486
0 0.595794 0.740891 0.026480 0.072874
1 0.907321 0.135628 0.017134 0.036437
0 0.216511 0.182186 0.031153 0.076923
1 0.194704 0.291498 0.054517 0.105263
1 0.498442 0.135628 0.034268 0.064777
1 0.090343 0.263158 0.021807 0.072874
1 0.123832 0.242915 0.028037 0.080972
1 0.292835 0.882591 0.059190 0.161943
