1 0.784268 0.285425 0.096573 0.214575
1 0.476636 0.597166 0.018692 0.052632
1 0.368380 0.570850 0.045171 0.085020
1 0.601246 0.730769 0.012461 0.020243
1 0.647975 0.267206 0.026480 0.080972
1 0.456386 0.941296 0.006231 0.016194
1 0.683801 0.429150 0.035826 0.068826
0 0.838785 0.603239 0.024922 0.080972
0 0.497664 0.925101 0.012461 0.032389
1 0.204829 0.740891 0.029595 0.089069
0 0.161994 0.971660 0.012461 0.036437
1 0.126947 0.613360 0.038941 0.105263
1 0.151869 0.655870 0.051402 0.089069
0 0.947819 0.204453 0.020249 0.060729
1 0.366044 0.263158 0.015576 0.036437
0 0.862150 0.263158 0.051402 0.125506
1 0.593458 0.208502 0.024922 0.048583
1 0.940810 0.856275 0.029595 0.064777
0 0.200935 0.362348 0.009346 0.028340
0 0.948598 0.712551 0.014019 0.056680
0 0.154206 0.708502 0.014019 0.040486
0 0.630062 0.439271 0.031153 0.076923
0 0.570093 0.807692 0.010903 0.036437
1 0.575545 0.370445 0.037383 0.182186
1 0.176012 0.184211 0.032710 0.076923
0 0.750000 0.738866 0.028037 0.109312
1 0.187695 0.665992 0.026480 0.064777
1 0.679128 0.340081 0.009346 0.024291
1 0.481308 0.364372 0.043614 0.121457
1 0.836449 0.742915 0.046729 0.117409
0 0.471963 0.801619 0.006231 0.016194
0 0.518692 0.481781 0.045171 0.133603
1 0.154206 0.421053 0.077882 0.174089
0 0.439252 0.433198 0.024922 0.064777
0 0.434579 0.720648 0.029595 0.076923
1 0.369938 0.842105 0.026480 0.072874
1 0.657321 0.700405 0.010903 0.028340
