1 0.469626 0.850202 0.034268 0.101215
1 0.696262 0.354251 0.087227 0.186235
1 0.670561 0.811741 0.042056 0.101215
1 0.491433 0.609312 0.062305 0.157895
1 0.102804 0.257085 0.029595 0.068826
1 0.105140 0.943320 0.034268 0.080972
1 0.932243 0.265182 0.031153 0.044534
0 0.616822 0.805668 0.056075 0.121457
1 0.552181 0.726721 0.060748 0.161943
0 0.193925 0.929150 0.024922 0.068826
1 0.754673 0.139676 0.029595 0.076923
1 0.811526 0.591093 0.060748 0.125506
1 0.232087 0.202429 0.037383 0.085020
0 0.207165 0.601215 0.015576 0.076923
1 0.305296 0.151822 0.024922 0.068826
0 0.300623 0.734818 0.029595 0.085020
1 0.492212 0.761134 0.028037 0.076923
1 0.881620 0.665992 0.012461 0.044534
1 0.658879 0.908907 0.035826 0.129555
0 0.734424 0.597166 0.051402 0.137652
1 0.555296 0.457490 0.026480 0.036437
1 0.638629 0.653846 0.043614 0.085020
0 0.170561 0.236842 0.024922 0.068826
1 0.798287 0.419028 0.038941 0.068826
1 0.711838 0.811741 0.059190 0.182186
1 0.427570 0.273279 0.052960 0.105263
1 0.801402 0.244939 0.021807 0.056680
0 0.294393 0.186235 0.018692 0.044534
0 0.607477 0.601215 0.009346 0.024291
1 0.763240 0.858300 0.012461 0.024291
0 0.152648 0.263158 0.023364 0.072874
0 0.655763 0.591093 0.023364 0.076923
1 0.753115 0.886640 0.040498 0.064777
0 0.710280 0.196356 0.040498 0.093117
1 0.596573 0.459514 0.032710 0.040486
0 0.152648 0.451417 0.074766 0.121457
1 0.267134 0.402834 0.052960 0.121457
1 0.070093 0.556680 0.026480 0.052632
0 0.953271 0.763158 0.004673 0.020243
1 0.554517 0.625506 0.042056 0.072874
0 0.071651 0.589069 0.024922 0.068826
0 0.524143 0.439271 0.021807 0.056680
0 0.398754 0.900810 0.020249 0.044534
0 0.341900 0.220648 0.026480 0.072874
0 0.841900 0.574899 0.049844 0.105263
1 0.345794 0.433198 0.068536 0.089069
1 0.517913 0.643725 0.054517 0.145749
0 0.172118 0.838057 0.046729 0.076923
1 0.062305 0.388664 0.024922 0.101215
1 0.169782 0.890688 0.042056 0.080972
0 0.286604 0.307692 0.017134 0.052632
1 0.110592 0.512146 0.065421 0.133603
