1 0.568536 0.224696 0.052960 0.186235
0 0.345794 0.742915 0.043614 0.101215
1 0.781931 0.811741 0.054517 0.145749
0 0.190031 0.427126 0.015576 0.052632
0 0.655763 0.473684 0.066978 0.222672
0 0.201713 0.639676 0.123053 0.251012
0 0.562305 0.433198 0.007788 0.016194
1 0.791277 0.412955 0.031153 0.109312
1 0.644860 0.360324 0.065421 0.133603
0 0.174455 0.354251 0.023364 0.068826
1 0.196262 0.204453 0.037383 0.089069
1 0.911215 0.809717 0.060748 0.186235
0 0.931464 0.131579 0.015576 0.040486
0 0.466511 0.392713 0.026480 0.089069
1 0.556075 0.710526 0.048287 0.085020
1 0.766355 0.542510 0.037383 0.113360
0 0.651090 0.230769 0.042056 0.072874
0 0.576324 0.552632 0.020249 0.044534
1 0.133956 0.789474 0.010903 0.028340
1 0.845794 0.267206 0.012461 0.024291
1 0.941589 0.542510 0.037383 0.101215
1 0.732866 0.544534 0.068536 0.137652
0 0.637850 0.159919 0.038941 0.085020
1 0.374611 0.455466 0.023364 0.089069
0 0.669003 0.593117 0.031153 0.093117
1 0.544393 0.791498 0.014019 0.040486
1 0.747664 0.303644 0.021807 0.068826
0 0.873053 0.665992 0.021807 0.072874
1 0.800623 0.145749 0.009346 0.020243
1 0.070093 0.382591 0.037383 0.068826
1 0.826324 0.139676 0.029595 0.048583
1 0.397196 0.172065 0.026480 0.056680
1 0.833333 0.334008 0.021807 0.089069
1 0.304517 0.398785 0.014019 0.028340
0 0.339564 0.599190 0.029595 0.080972
0 0.227414 0.340081 0.049844 0.121457
1 0.764798 0.888664 0.070093 0.153846
