1 0.345794 0.497976 0.059190 0.125506
1 0.119938 0.404858 0.024922 0.048583
1 0.353583 0.188259 0.026480 0.060729
0 0.200935 0.125506 0.017134 0.052632
0 0.519470 0.781377 0.007788 0.028340
1 0.781153 0.200405 0.043614 0.113360
1 0.172118 0.682186 0.015576 0.036437
1 0.809190 0.248988 0.029595 0.080972
1 0.876168 0.761134 0.052960 0.080972
1 0.139408 0.603239 0.017134 0.040486
0 0.723520 0.698381 0.017134 0.060729
1 0.104361 0.293522 0.029595 0.117409
1 0.636293 0.852227 0.029595 0.044534
0 0.132399 0.823887 0.020249 0.044534
1 0.460280 0.876518 0.021807 0.080972
0 0.718069 0.504049 0.012461 0.032389
0 0.667445 0.382591 0.043614 0.105263
1 0.705607 0.706478 0.020249 0.032389
0 0.777259 0.864372 0.042056 0.121457
1 0.210280 0.338057 0.052960 0.133603
1 0.510903 0.925101 0.059190 0.076923
0 0.814642 0.825911 0.068536 0.165992
1 0.088785 0.558704 0.059190 0.178138
1 0.715732 0.827935 0.020249 0.089069
1 0.144081 0.959514 0.028037 0.048583
1 0.214174 0.803644 0.043614 0.121457
0 0.280374 0.850202 0.031153 0.093117
1 0.336449 0.329960 0.054517 0.121457
0 0.729751 0.248988 0.048287 0.129555
0 0.904984 0.880567 0.021807 0.056680
1 0.510125 0.293522 0.017134 0.052632
