0 0.309190 0.866397 0.038941 0.085020
1 0.134735 0.366397 0.079439 0.153846
1 0.916667 0.672065 0.049844 0.109312
1 0.424455 0.151822 0.028037 0.105263
1 0.207165 0.655870 0.063863 0.113360
0 0.672118 0.819838 0.043614 0.141700
1 0.906542 0.447368 0.048287 0.093117
1 0.173676 0.908907 0.015576 0.028340
1 0.616044 0.368421 0.031153 0.072874
1 0.799065 0.621457 0.062305 0.133603
0 0.443146 0.441296 0.010903 0.028340
1 0.338785 0.665992 0.014019 0.040486
1 0.072430 0.512146 0.015576 0.032389
0 0.487539 0.277328 0.054517 0.117409
0 0.579439 0.425101 0.043614 0.105263
0 0.720405 0.119433 0.018692 0.028340
0 0.898754 0.275304 0.021807 0.056680
1 0.395639 0.465587 0.042056 0.117409
0 0.314642 0.510121 0.023364 0.044534
1 0.689252 0.336032 0.010903 0.028340
0 0.700935 0.297571 0.006231 0.020243
1 0.784268 0.481781 0.043614 0.121457
1 0.635514 0.149798 0.023364 0.076923
0 0.706386 0.423077 0.040498 0.117409
1 0.606698 0.168016 0.028037 0.076923
1 0.653427 0.471660 0.051402 0.178138
1 0.799844 0.384615 0.052960 0.072874
1 0.559969 0.473684 0.049844 0.097166
0 0.401090 0.305668 0.029595 0.085020
0 0.238318 0.392713 0.021807 0.036437
1 0.228193 0.125506 0.017134 0.036437
1 0.345016 0.329960 0.038941 0.060729
1 0.660436 0.210526 0.035826 0.068826
1 0.101246 0.566802 0.014019 0.044534
0 0.791277 0.222672 0.018692 0.056680
1 0.392523 0.520243 0.021807 0.085020
1 0.392523 0.635628 0.014019 0.048583
1 0.090343 0.228745 0.018692 0.036437
1 0.097352 0.937247 0.031153 0.080972
1 0.258567 0.744939 0.028037 0.109312
1 0.407321 0.827935 0.040498 0.129555
1 0.797508 0.831984 0.015576 0.060729
0 0.235202 0.923077 0.015576 0.032389
0 0.038941 0.163968 0.006231 0.020243
1 0.129283 0.842105 0.021807 0.052632
0 0.454050 0.435223 0.017134 0.036437
1 0.751558 0.299595 0.018692 0.048583
1 0.220405 0.182186 0.021807 0.036437
1 0.926791 0.831984 0.045171 0.089069
0 0.549844 0.674089 0.068536 0.178138
0 0.197819 0.149798 0.029595 0.085020
1 0.601246 0.512146 0.042056 0.174089
1 0.743769 0.483806 0.048287 0.129555
1 0.830997 0.489879 0.062305 0.182186
1 0.469626 0.813765 0.014019 0.040486
1 0.633178 0.838057 0.031153 0.089069
1 0.584112 0.603239 0.023364 0.056680
