0 0.235981 0.297571 0.007788 0.020243
0 0.644860 0.623482 0.015576 0.048583
1 0.465732 0.906883 0.009346 0.024291
1 0.687695 0.376518 0.091900 0.348178
1 0.191589 0.917004 0.065421 0.145749
0 0.488318 0.265182 0.096573 0.259109
0 0.921340 0.180162 0.031153 0.056680
1 0.337227 0.172065 0.023364 0.085020
1 0.739875 0.447368 0.034268 0.064777
0 0.304517 0.176113 0.017134 0.044534
1 0.343458 0.500000 0.046729 0.109312
0 0.126168 0.680162 0.023364 0.089069
1 0.773364 0.295547 0.126168 0.153846
1 0.327103 0.384615 0.018692 0.056680
1 0.791277 0.481781 0.071651 0.206478
1 0.892523 0.710526 0.015576 0.060729
1 0.416667 0.929150 0.024922 0.060729
1 0.518692 0.850202 0.009346 0.024291
1 0.428349 0.659919 0.024922 0.076923
0 0.176012 0.746964 0.031153 0.085020
0 0.715732 0.821862 0.051402 0.141700
1 0.760125 0.629555 0.018692 0.036437
1 0.294393 0.746964 0.028037 0.064777
0 0.644860 0.417004 0.024922 0.097166
1 0.242991 0.514170 0.054517 0.141700
1 0.908879 0.119433 0.024922 0.040486
1 0.144860 0.502024 0.026480 0.121457
0 0.399533 0.540486 0.026480 0.072874
1 0.876168 0.163968 0.024922 0.072874
1 0.320093 0.609312 0.020249 0.048583
1 0.676791 0.552632 0.012461 0.028340
0 0.848910 0.582996 0.035826 0.093117
1 0.258567 0.621457 0.032710 0.080972
1 0.362150 0.722672 0.035826 0.105263
1 0.461059 0.578947 0.009346 0.016194
0 0.380841 0.718623 0.031153 0.064777
0 0.565421 0.246964 0.028037 0.056680
0 0.915888 0.263158 0.031153 0.080972
1 0.317757 0.251012 0.021807 0.056680
1 0.635514 0.874494 0.040498 0.080972
1 0.165109 0.402834 0.079439 0.194332
1 0.556854 0.491903 0.026480 0.064777
1 0.386293 0.449393 0.026480 0.076923
0 0.358255 0.161943 0.032710 0.093117
1 0.098910 0.742915 0.031153 0.060729
1 0.806075 0.775304 0.031153 0.080972
1 0.862150 0.676113 0.018692 0.101215
1 0.362150 0.935223 0.024922 0.060729
1 0.081776 0.346154 0.028037 0.080972
0 0.205607 0.607287 0.073209 0.186235
1 0.600467 0.516194 0.031153 0.080972
