1 0.079439 0.819838 0.084112 0.198381
1 0.505452 0.419028 0.062305 0.153846
1 0.625389 0.273279 0.031153 0.089069
1 0.704829 0.912955 0.034268 0.076923
1 0.844237 0.795547 0.091900 0.202429
0 0.923676 0.649798 0.034268 0.085020
1 0.378505 0.194332 0.015576 0.032389
1 0.469626 0.295547 0.043614 0.089069
1 0.351246 0.742915 0.098131 0.230769
0 0.456386 0.366397 0.048287 0.113360
1 0.549065 0.740891 0.026480 0.044534
0 0.660436 0.297571 0.024922 0.056680
1 0.615265 0.421053 0.024922 0.080972
1 0.428349 0.200405 0.028037 0.068826
0 0.637072 0.194332 0.007788 0.016194
0 0.500779 0.607287 0.080997 0.186235
1 0.659657 0.500000 0.043614 0.117409
1 0.587227 0.556680 0.023364 0.109312
0 0.665109 0.736842 0.045171 0.129555
1 0.099688 0.340081 0.035826 0.105263
0 0.415888 0.408907 0.031153 0.121457
1 0.556075 0.663968 0.009346 0.024291
0 0.688474 0.281377 0.021807 0.036437
1 0.130062 0.732794 0.021807 0.068826
0 0.602804 0.238866 0.006231 0.016194
1 0.468069 0.688259 0.052960 0.157895
1 0.707165 0.621457 0.057632 0.093117
1 0.375389 0.437247 0.068536 0.109312
1 0.403427 0.740891 0.029595 0.080972
1 0.415109 0.882591 0.026480 0.060729
0 0.138629 0.238866 0.007788 0.024291
0 0.449377 0.465587 0.017134 0.056680
1 0.241433 0.823887 0.031153 0.080972
1 0.106698 0.558704 0.057632 0.182186
1 0.887072 0.388664 0.045171 0.080972
1 0.073209 0.423077 0.004673 0.012146
1 0.285826 0.597166 0.023364 0.036437
1 0.855140 0.267206 0.052960 0.129555
1 0.564642 0.854251 0.029595 0.032389
0 0.771028 0.445344 0.028037 0.089069
1 0.127726 0.489879 0.063863 0.202429
1 0.048287 0.607287 0.007788 0.024291
0 0.353583 0.868421 0.043614 0.109312
0 0.758567 0.623482 0.037383 0.109312
1 0.608255 0.945344 0.010903 0.036437
0 0.312305 0.230769 0.028037 0.117409
1 0.714953 0.242915 0.007788 0.024291
1 0.747664 0.228745 0.045171 0.121457
1 0.200935 0.451417 0.031153 0.085020
