0 0.771028 0.471660 0.045171 0.133603
1 0.645639 0.491903 0.042056 0.129555
1 0.735981 0.248988 0.042056 0.105263
0 0.158879 0.273279 0.034268 0.085020
0 0.228972 0.331984 0.034268 0.060729
0 0.728193 0.366397 0.063863 0.178138
1 0.168224 0.819838 0.032710 0.068826
0 0.800623 0.157895 0.023364 0.056680
0 0.570093 0.676113 0.071651 0.186235
1 0.175234 0.955466 0.007788 0.020243
1 0.817757 0.712551 0.021807 0.064777
0 0.556075 0.923077 0.026480 0.068826
0 0.119159 0.358300 0.035826 0.125506
0 0.507788 0.914980 0.009346 0.016194
1 0.485981 0.303644 0.031153 0.068826
1 0.773364 0.386640 0.024922 0.060729
1 0.253894 0.937247 0.026480 0.052632
0 0.538941 0.188259 0.029595 0.093117
1 0.312305 0.388664 0.010903 0.032389
0 0.160436 0.718623 0.018692 0.052632
1 0.291277 0.969636 0.017134 0.040486
1 0.817757 0.514170 0.062305 0.129555
0 0.088785 0.603239 0.040498 0.097166
0 0.355140 0.544534 0.015576 0.036437
0 0.719626 0.625506 0.020249 0.052632
1 0.435358 0.467611 0.014019 0.028340
0 0.492212 0.791498 0.048287 0.080972
1 0.920561 0.842105 0.015576 0.048583
1 0.899533 0.923077 0.010903 0.024291
0 0.900312 0.825911 0.035826 0.097166
0 0.622274 0.506073 0.014019 0.044534
1 0.421340 0.848178 0.026480 0.056680
0 0.260125 0.246964 0.009346 0.024291
0 0.309969 0.639676 0.054517 0.072874
0 0.790498 0.698381 0.010903 0.028340
