1 0.499221 0.451417 0.024922 0.064777
0 0.592679 0.623482 0.032710 0.076923
1 0.465732 0.336032 0.009346 0.024291
0 0.159657 0.931174 0.038941 0.089069
0 0.625389 0.495951 0.017134 0.060729
1 0.743769 0.275304 0.054517 0.125506
1 0.140966 0.761134 0.021807 0.052632
1 0.752336 0.481781 0.012461 0.032389
1 0.336449 0.406883 0.026480 0.080972
1 0.269470 0.190283 0.056075 0.097166
1 0.843458 0.451417 0.042056 0.161943
0 0.706386 0.925101 0.007788 0.020243
1 0.635514 0.398785 0.024922 0.105263
0 0.158879 0.831984 0.034268 0.117409
1 0.735981 0.425101 0.014019 0.028340
1 0.661994 0.759109 0.009346 0.028340
1 0.909657 0.917004 0.028037 0.076923
1 0.604361 0.576923 0.021807 0.068826
0 0.823988 0.115385 0.012461 0.028340
1 0.886293 0.315789 0.020249 0.056680
1 0.638629 0.846154 0.012461 0.048583
0 0.605919 0.234818 0.051402 0.145749
1 0.521028 0.356275 0.007788 0.024291
0 0.784268 0.331984 0.028037 0.056680
1 0.302181 0.481781 0.032710 0.145749
1 0.454050 0.676113 0.045171 0.105263
0 0.524922 0.967611 0.017134 0.040486
1 0.127726 0.291498 0.038941 0.089069
0 0.057632 0.194332 0.023364 0.052632
1 0.259346 0.785425 0.007788 0.024291
1 0.672897 0.392713 0.024922 0.040486
1 0.553738 0.560729 0.037383 0.080972
1 0.545171 0.161943 0.035826 0.109312
