1 0.225857 0.797571 0.043614 0.113360
1 0.699377 0.261134 0.091900 0.137652
0 0.334891 0.578947 0.017134 0.060729
1 0.527259 0.234818 0.017134 0.060729
1 0.272586 0.884615 0.032710 0.080972
1 0.326324 0.724696 0.015576 0.040486
1 0.267134 0.392713 0.017134 0.028340
0 0.219626 0.629555 0.049844 0.105263
1 0.404206 0.192308 0.023364 0.076923
0 0.361371 0.309717 0.032710 0.060729
1 0.160436 0.352227 0.018692 0.032389
1 0.183801 0.866397 0.063863 0.149798
0 0.284268 0.500000 0.038941 0.097166
1 0.079439 0.356275 0.037383 0.060729
1 0.387072 0.720648 0.038941 0.076923
1 0.433801 0.354251 0.052960 0.129555
1 0.781931 0.641700 0.037383 0.064777
0 0.595794 0.358300 0.051402 0.121457
1 0.566199 0.257085 0.028037 0.076923
1 0.669003 0.599190 0.057632 0.109312
1 0.640187 0.491903 0.046729 0.097166
1 0.744548 0.829960 0.080997 0.165992
1 0.235981 0.376518 0.035826 0.076923
1 0.838006 0.131579 0.014019 0.040486
1 0.912773 0.344130 0.084112 0.190283
1 0.070872 0.392713 0.034268 0.089069
1 0.860592 0.206478 0.043614 0.145749
1 0.383178 0.188259 0.038941 0.097166
1 0.504673 0.674089 0.029595 0.060729
1 0.883956 0.578947 0.035826 0.101215
1 0.464174 0.811741 0.042056 0.105263
1 0.081776 0.552632 0.045171 0.141700
1 0.936916 0.246964 0.049844 0.137652
1 0.648754 0.668016 0.032710 0.076923
1 0.801402 0.445344 0.037383 0.052632
0 0.528816 0.176113 0.037383 0.048583
1 0.288162 0.805668 0.034268 0.068826
0 0.609034 0.155870 0.028037 0.068826
0 0.429128 0.811741 0.070093 0.190283
1 0.742991 0.443320 0.028037 0.093117
1 0.580997 0.151822 0.034268 0.052632
1 0.612150 0.815789 0.051402 0.105263
1 0.394081 0.880567 0.048287 0.125506
1 0.838006 0.785425 0.051402 0.149798
1 0.812305 0.898785 0.029595 0.113360
1 0.604361 0.439271 0.023364 0.080972
0 0.068536 0.874494 0.045171 0.101215
1 0.850467 0.682186 0.029595 0.080972
1 0.693146 0.493927 0.035826 0.117409
1 0.833333 0.866397 0.018692 0.060729
1 0.861371 0.967611 0.029595 0.036437
0 0.625389 0.872470 0.026480 0.072874
0 0.592679 0.698381 0.015576 0.028340
1 0.420561 0.293522 0.031153 0.109312
1 0.504673 0.595142 0.023364 0.036437
1 0.864486 0.451417 0.028037 0.072874
0 0.529595 0.923077 0.045171 0.109312
0 0.169003 0.232794 0.014019 0.036437
1 0.765576 0.368421 0.057632 0.125506
