1 0.792056 0.722672 0.024922 0.056680
1 0.640187 0.894737 0.020249 0.064777
1 0.110592 0.506073 0.029595 0.072874
1 0.503894 0.714575 0.021807 0.040486
1 0.870717 0.151822 0.031153 0.080972
1 0.739875 0.283401 0.038941 0.080972
0 0.740654 0.663968 0.007788 0.028340
1 0.306075 0.595142 0.032710 0.060729
1 0.733645 0.611336 0.026480 0.068826
0 0.395639 0.184211 0.020249 0.101215
1 0.631620 0.267206 0.017134 0.044534
0 0.288162 0.119433 0.021807 0.052632
1 0.482866 0.402834 0.023364 0.048583
1 0.384735 0.356275 0.063863 0.105263
1 0.837227 0.206478 0.021807 0.064777
1 0.537383 0.548583 0.032710 0.145749
1 0.668224 0.206478 0.012461 0.032389
0 0.550623 0.137652 0.006231 0.028340
1 0.136293 0.143725 0.007788 0.036437
1 0.211838 0.489879 0.063863 0.141700
1 0.638629 0.597166 0.037383 0.089069
0 0.768692 0.421053 0.051402 0.182186
0 0.378505 0.532389 0.080997 0.198381
0 0.386293 0.129555 0.006231 0.024291
1 0.687695 0.390688 0.049844 0.121457
0 0.343458 0.862348 0.010903 0.032389
0 0.573209 0.178138 0.006231 0.024291
0 0.468847 0.546559 0.009346 0.024291
1 0.254673 0.544534 0.060748 0.165992
1 0.889408 0.834008 0.032710 0.064777
1 0.461838 0.196356 0.015576 0.048583
1 0.508567 0.309717 0.023364 0.072874
1 0.320872 0.834008 0.023364 0.060729
0 0.600467 0.670040 0.012461 0.036437
0 0.865265 0.368421 0.012461 0.032389
1 0.225078 0.329960 0.038941 0.085020
1 0.398754 0.663968 0.082555 0.121457
0 0.430685 0.518219 0.015576 0.048583
1 0.143302 0.287449 0.037383 0.080972
1 0.553738 0.807692 0.049844 0.117409
1 0.445483 0.627530 0.028037 0.105263
