0 0.359034 0.838057 0.014019 0.024291
0 0.329439 0.890688 0.032710 0.125506
0 0.549844 0.852227 0.015576 0.044534
1 0.765576 0.550607 0.062305 0.145749
1 0.767134 0.455466 0.010903 0.028340
1 0.185358 0.653846 0.028037 0.080972
1 0.859034 0.222672 0.018692 0.068826
1 0.322430 0.506073 0.028037 0.121457
1 0.778037 0.793522 0.065421 0.153846
1 0.514798 0.637652 0.034268 0.097166
1 0.330218 0.412955 0.012461 0.020243
0 0.654206 0.522267 0.052960 0.125506
0 0.722741 0.378543 0.021807 0.060729
0 0.561526 0.771255 0.032710 0.080972
1 0.429907 0.502024 0.026480 0.080972
1 0.601246 0.846154 0.014019 0.044534
1 0.264019 0.295547 0.032710 0.080972
0 0.277259 0.917004 0.043614 0.072874
0 0.528037 0.445344 0.074766 0.182186
1 0.116822 0.265182 0.059190 0.174089
1 0.568536 0.360324 0.020249 0.076923
0 0.413551 0.178138 0.062305 0.117409
0 0.931464 0.253036 0.042056 0.157895
1 0.777259 0.202429 0.052960 0.125506
1 0.847352 0.882591 0.020249 0.048583
1 0.663551 0.354251 0.028037 0.085020
1 0.908100 0.457490 0.066978 0.133603
1 0.869159 0.708502 0.057632 0.133603
1 0.114486 0.433198 0.017134 0.048583
1 0.251558 0.475709 0.017134 0.040486
1 0.080997 0.234818 0.034268 0.080972
1 0.595016 0.481781 0.056075 0.097166
0 0.742991 0.728745 0.077882 0.170040
