1 0.573988 0.872470 0.068536 0.194332
1 0.608255 0.202429 0.051402 0.121457
0 0.671340 0.147773 0.024922 0.068826
1 0.757009 0.578947 0.014019 0.032389
1 0.623832 0.540486 0.028037 0.068826
1 0.057632 0.433198 0.031153 0.089069
0 0.434579 0.532389 0.024922 0.060729
1 0.778816 0.244939 0.066978 0.141700
1 0.296729 0.504049 0.021807 0.076923
1 0.789720 0.805668 0.080997 0.149798
0 0.744548 0.870445 0.024922 0.056680
1 0.887850 0.279352 0.062305 0.174089
1 0.309969 0.568826 0.015576 0.028340
1 0.662773 0.775304 0.062305 0.161943
1 0.155763 0.951417 0.006231 0.016194
1 0.487539 0.159919 0.056075 0.105263
1 0.114486 0.532389 0.032710 0.089069
1 0.703271 0.253036 0.031153 0.072874
1 0.904206 0.587045 0.077882 0.165992
1 0.457944 0.601215 0.012461 0.028340
0 0.309969 0.287449 0.015576 0.040486
1 0.693146 0.449393 0.057632 0.125506
1 0.427570 0.726721 0.066978 0.165992
0 0.814642 0.368421 0.015576 0.040486
1 0.494548 0.700405 0.031153 0.085020
0 0.614486 0.334008 0.028037 0.056680
1 0.477414 0.417004 0.028037 0.032389
1 0.360592 0.607287 0.087227 0.202429
1 0.861371 0.730769 0.051402 0.206478
1 0.863707 0.445344 0.035826 0.097166
1 0.327103 0.184211 0.066978 0.149798
0 0.260125 0.712551 0.028037 0.097166
0 0.881620 0.445344 0.046729 0.056680
1 0.314642 0.886640 0.007788 0.024291
1 0.679128 0.894737 0.020249 0.048583
0 0.197040 0.878543 0.014019 0.020243
1 0.055296 0.123482 0.014019 0.052632
1 0.140187 0.834008 0.014019 0.024291
1 0.280374 0.700405 0.012461 0.032389
1 0.237539 0.334008 0.023364 0.085020
1 0.721963 0.769231 0.042056 0.072874
0 0.792056 0.682186 0.035826 0.117409
1 0.234424 0.147773 0.023364 0.036437
1 0.347352 0.493927 0.057632 0.165992
0 0.630841 0.631579 0.029595 0.060729
0 0.671340 0.305668 0.037383 0.089069
0 0.385514 0.455466 0.040498 0.105263
1 0.892523 0.698381 0.070093 0.101215
0 0.910436 0.431174 0.012461 0.048583
1 0.378505 0.892713 0.007788 0.012146
0 0.215732 0.493927 0.070093 0.206478
