1 0.796729 0.493927 0.035826 0.085020
1 0.362150 0.210526 0.026480 0.052632
0 0.736760 0.431174 0.049844 0.137652
1 0.279595 0.836032 0.010903 0.020243
1 0.233645 0.572874 0.040498 0.141700
0 0.154984 0.546559 0.026480 0.101215
1 0.665109 0.165992 0.032710 0.085020
0 0.264798 0.601215 0.042056 0.133603
0 0.340343 0.886640 0.024922 0.064777
1 0.784268 0.625506 0.046729 0.161943
0 0.693925 0.793522 0.037383 0.121457
0 0.105140 0.781377 0.068536 0.165992
0 0.383178 0.483806 0.046729 0.145749
1 0.529595 0.190283 0.040498 0.064777
1 0.915109 0.265182 0.023364 0.085020
0 0.844237 0.724696 0.088785 0.251012
1 0.505452 0.682186 0.059190 0.141700
1 0.552181 0.396761 0.026480 0.072874
1 0.269470 0.257085 0.020249 0.101215
0 0.115265 0.246964 0.015576 0.040486
1 0.833333 0.860324 0.042056 0.060729
1 0.394081 0.135628 0.028037 0.076923
0 0.745327 0.572874 0.065421 0.198381
1 0.118380 0.661943 0.037383 0.101215
1 0.065421 0.878543 0.021807 0.064777
1 0.226636 0.319838 0.021807 0.052632
1 0.466511 0.261134 0.010903 0.020243
1 0.580997 0.817814 0.060748 0.214575
0 0.784268 0.364372 0.017134 0.048583
1 0.523364 0.860324 0.012461 0.044534
0 0.619938 0.591093 0.085670 0.194332
0 0.630841 0.453441 0.028037 0.068826
1 0.464953 0.665992 0.017134 0.036437
0 0.479751 0.382591 0.028037 0.125506
0 0.139408 0.921053 0.007788 0.020243
1 0.565421 0.269231 0.043614 0.093117
1 0.237539 0.421053 0.026480 0.044534
