1 0.596573 0.538462 0.074766 0.133603
1 0.147196 0.412955 0.165109 0.461538
1 0.881620 0.872470 0.024922 0.040486
0 0.097352 0.726721 0.113707 0.242915
1 0.401090 0.342105 0.035826 0.117409
1 0.423676 0.483806 0.031153 0.085020
1 0.470405 0.975709 0.009346 0.024291
1 0.566199 0.528340 0.073209 0.170040
1 0.900312 0.910931 0.012461 0.032389
0 0.932243 0.214575 0.051402 0.080972
0 0.808411 0.228745 0.012461 0.028340
1 0.447819 0.947368 0.010903 0.048583
1 0.066199 0.925101 0.056075 0.121457
0 0.892523 0.635628 0.046729 0.133603
1 0.293614 0.408907 0.029595 0.076923
1 0.845794 0.791498 0.012461 0.028340
0 0.919782 0.661943 0.017134 0.060729
0 0.217290 0.775304 0.017134 0.028340
0 0.668224 0.730769 0.059190 0.125506
1 0.590343 0.712551 0.071651 0.226721
1 0.334112 0.720648 0.015576 0.056680
1 0.244548 0.682186 0.029595 0.072874
1 0.720405 0.941296 0.028037 0.068826
1 0.476636 0.135628 0.009346 0.020243
0 0.785047 0.382591 0.015576 0.076923
0 0.865265 0.908907 0.021807 0.044534
0 0.845016 0.550607 0.009346 0.032389
0 0.122274 0.878543 0.038941 0.068826
1 0.572430 0.979757 0.017134 0.024291
1 0.477414 0.834008 0.023364 0.044534
1 0.473520 0.311741 0.065421 0.238866
0 0.373832 0.176113 0.038941 0.068826
0 0.869938 0.188259 0.032710 0.109312
