1 0.693925 0.194332 0.018692 0.048583
1 0.901090 0.251012 0.017134 0.040486
1 0.640187 0.530364 0.017134 0.089069
1 0.322430 0.817814 0.018692 0.097166
0 0.577103 0.686235 0.014019 0.040486
1 0.824766 0.159919 0.017134 0.052632
1 0.204829 0.886640 0.018692 0.080972
1 0.416667 0.888664 0.060748 0.149798
0 0.845794 0.520243 0.040498 0.117409
1 0.386293 0.811741 0.063863 0.170040
0 0.073209 0.635628 0.026480 0.068826
1 0.345794 0.473684 0.012461 0.048583
1 0.688474 0.720648 0.051402 0.125506
1 0.518692 0.548583 0.009346 0.032389
1 0.496106 0.548583 0.017134 0.052632
1 0.274143 0.384615 0.014019 0.048583
1 0.366044 0.206478 0.035826 0.080972
1 0.177570 0.331984 0.037383 0.125506
1 0.528037 0.113360 0.009346 0.024291
1 0.500000 0.232794 0.040498 0.101215
1 0.672897 0.261134 0.032710 0.125506
0 0.129283 0.481781 0.026480 0.080972
1 0.339564 0.510121 0.023364 0.080972
0 0.772586 0.898785 0.010903 0.036437
1 0.588006 0.360324 0.023364 0.048583
0 0.683801 0.396761 0.020249 0.056680
1 0.643302 0.309717 0.028037 0.064777
1 0.279595 0.323887 0.024922 0.085020
1 0.739875 0.289474 0.035826 0.182186
0 0.751558 0.497976 0.045171 0.149798
1 0.160436 0.356275 0.032710 0.109312
0 0.647196 0.356275 0.021807 0.056680
1 0.390187 0.362348 0.028037 0.101215
1 0.087227 0.180162 0.010903 0.020243
1 0.107477 0.562753 0.043614 0.101215
0 0.378505 0.904858 0.031153 0.080972
1 0.640966 0.437247 0.017134 0.040486
0 0.753115 0.906883 0.012461 0.028340
0 0.252336 0.384615 0.035826 0.093117
1 0.545171 0.840081 0.052960 0.121457
1 0.599688 0.953441 0.018692 0.064777
1 0.612928 0.216599 0.010903 0.036437
0 0.848910 0.202429 0.020249 0.080972
0 0.941589 0.580972 0.010903 0.032389
0 0.444704 0.135628 0.009346 0.036437
1 0.221184 0.497976 0.051402 0.137652
0 0.875389 0.504049 0.035826 0.085020
0 0.291277 0.570850 0.014019 0.032389
