0 0.264798 0.686235 0.024922 0.072874
0 0.735981 0.564777 0.007788 0.020243
1 0.880841 0.524291 0.004673 0.016194
0 0.506231 0.556680 0.021807 0.052632
0 0.867601 0.682186 0.043614 0.113360
1 0.098131 0.408907 0.052960 0.174089
1 0.106698 0.536437 0.014019 0.036437
0 0.756231 0.728745 0.079439 0.190283
0 0.897975 0.852227 0.007788 0.016194
1 0.552181 0.771255 0.062305 0.129555
1 0.264798 0.427126 0.098131 0.246964
1 0.369938 0.795547 0.010903 0.028340
1 0.426791 0.263158 0.038941 0.117409
1 0.591900 0.279352 0.105919 0.267206
1 0.461838 0.135628 0.012461 0.032389
0 0.479751 0.441296 0.029595 0.105263
1 0.415109 0.890688 0.020249 0.040486
1 0.526480 0.421053 0.010903 0.024291
0 0.921340 0.799595 0.014019 0.040486
0 0.099688 0.827935 0.018692 0.028340
0 0.819315 0.469636 0.012461 0.024291
1 0.901869 0.690283 0.056075 0.141700
0 0.365265 0.647773 0.065421 0.149798
1 0.802960 0.704453 0.051402 0.141700
0 0.813084 0.218623 0.076324 0.202429
0 0.364486 0.255061 0.037383 0.137652
1 0.414330 0.471660 0.031153 0.085020
1 0.278816 0.848178 0.054517 0.129555
0 0.605919 0.740891 0.017134 0.044534
1 0.665888 0.242915 0.018692 0.040486
0 0.745327 0.396761 0.035826 0.097166
1 0.890966 0.896761 0.010903 0.036437
1 0.874611 0.744939 0.029595 0.072874
0 0.814642 0.872470 0.020249 0.052632
0 0.537383 0.700405 0.066978 0.149798
1 0.219626 0.291498 0.032710 0.105263
1 0.882399 0.953441 0.017134 0.036437
1 0.362150 0.394737 0.010903 0.036437
0 0.660436 0.663968 0.074766 0.194332
0 0.855140 0.406883 0.009346 0.028340
1 0.859034 0.495951 0.023364 0.117409
1 0.345016 0.303644 0.048287 0.133603
1 0.753894 0.601215 0.018692 0.024291
1 0.815421 0.629555 0.020249 0.097166
