1 0.794393 0.536437 0.007788 0.028340
1 0.804517 0.192308 0.035826 0.161943
0 0.569315 0.538462 0.082555 0.153846
1 0.276480 0.427126 0.026480 0.064777
1 0.666667 0.834008 0.014019 0.060729
0 0.309969 0.242915 0.015576 0.060729
1 0.885514 0.471660 0.032710 0.060729
1 0.746106 0.931174 0.024922 0.068826
1 0.146417 0.406883 0.080997 0.145749
1 0.283489 0.289474 0.042056 0.113360
1 0.809969 0.334008 0.040498 0.097166
1 0.884735 0.927126 0.018692 0.072874
1 0.123832 0.882591 0.024922 0.076923
0 0.455607 0.508097 0.009346 0.028340
1 0.644860 0.836032 0.043614 0.109312
1 0.239097 0.163968 0.024922 0.056680
1 0.440031 0.163968 0.020249 0.044534
1 0.183801 0.214575 0.046729 0.101215
0 0.394081 0.570850 0.037383 0.080972
1 0.376168 0.566802 0.031153 0.068826
1 0.352025 0.797571 0.020249 0.048583
0 0.600467 0.315789 0.051402 0.109312
0 0.766355 0.854251 0.051402 0.109312
0 0.490654 0.558704 0.009346 0.024291
0 0.865265 0.342105 0.032710 0.076923
1 0.753894 0.674089 0.034268 0.072874
1 0.623832 0.291498 0.051402 0.141700
0 0.165109 0.625506 0.052960 0.145749
1 0.704050 0.394737 0.034268 0.064777
0 0.579439 0.813765 0.049844 0.125506
1 0.895639 0.631579 0.068536 0.170040
0 0.868380 0.522267 0.024922 0.060729
1 0.633178 0.534413 0.017134 0.048583
1 0.810748 0.779352 0.012461 0.036437
1 0.914330 0.447368 0.010903 0.036437
1 0.300623 0.495951 0.042056 0.109312
0 0.511682 0.449393 0.037383 0.105263
1 0.920561 0.910931 0.034268 0.072874
0 0.522586 0.609312 0.034268 0.097166
1 0.319315 0.143725 0.034268 0.064777
0 0.899533 0.279352 0.040498 0.141700
0 0.527259 0.174089 0.043614 0.113360
0 0.070093 0.352227 0.007788 0.016194
1 0.341121 0.791498 0.023364 0.044534
1 0.455607 0.212551 0.023364 0.080972
0 0.326324 0.540486 0.035826 0.093117
0 0.552181 0.184211 0.007788 0.012146
0 0.443146 0.585020 0.007788 0.036437
0 0.120717 0.787449 0.068536 0.157895
1 0.628505 0.738866 0.020249 0.044534
0 0.220405 0.937247 0.029595 0.060729
0 0.326324 0.358300 0.024922 0.076923
0 0.700156 0.291498 0.059190 0.117409
0 0.186137 0.787449 0.037383 0.101215
1 0.330997 0.439271 0.009346 0.028340
