1 0.844237 0.587045 0.032710 0.089069
0 0.073988 0.518219 0.023364 0.044534
1 0.481308 0.680162 0.035826 0.129555
1 0.672118 0.663968 0.115265 0.287449
1 0.078660 0.287449 0.034268 0.064777
0 0.309969 0.336032 0.029595 0.076923
1 0.591900 0.180162 0.009346 0.028340
1 0.772586 0.670040 0.014019 0.036437
0 0.502336 0.307692 0.007788 0.024291
1 0.200156 0.497976 0.084112 0.198381
1 0.869159 0.625506 0.028037 0.076923
1 0.793614 0.854251 0.056075 0.105263
0 0.242212 0.516194 0.048287 0.141700
1 0.779595 0.127530 0.007788 0.028340
1 0.681464 0.390688 0.080997 0.255061
1 0.798287 0.443320 0.028037 0.089069
0 0.893302 0.759109 0.020249 0.072874
1 0.563084 0.113360 0.007788 0.024291
1 0.295950 0.356275 0.031153 0.093117
1 0.276480 0.417004 0.026480 0.060729
0 0.586449 0.457490 0.026480 0.080972
0 0.924455 0.676113 0.018692 0.056680
1 0.559969 0.168016 0.028037 0.072874
1 0.559969 0.801619 0.034268 0.089069
1 0.934579 0.538462 0.009346 0.024291
1 0.070093 0.848178 0.046729 0.117409
1 0.354361 0.212551 0.043614 0.109312
1 0.686137 0.253036 0.015576 0.052632
0 0.077882 0.319838 0.028037 0.076923
1 0.297508 0.827935 0.009346 0.028340
1 0.483645 0.578947 0.049844 0.105263
1 0.064642 0.192308 0.015576 0.040486
0 0.830997 0.263158 0.018692 0.072874
0 0.828660 0.516194 0.049844 0.133603
1 0.457944 0.783401 0.020249 0.052632
0 0.678349 0.244939 0.020249 0.060729
1 0.756231 0.544534 0.043614 0.105263
1 0.704829 0.275304 0.034268 0.101215
0 0.881620 0.825911 0.043614 0.109312
1 0.656542 0.890688 0.020249 0.076923
1 0.186137 0.364372 0.017134 0.048583
