1 0.757788 0.864372 0.010903 0.044534
1 0.136293 0.799595 0.040498 0.133603
1 0.555296 0.348178 0.032710 0.068826
0 0.720405 0.210526 0.026480 0.052632
0 0.183801 0.603239 0.087227 0.109312
1 0.678349 0.708502 0.021807 0.068826
1 0.732087 0.149798 0.015576 0.056680
0 0.887850 0.137652 0.029595 0.080972
1 0.755452 0.623482 0.012461 0.036437
0 0.155763 0.370445 0.015576 0.044534
1 0.815421 0.421053 0.024922 0.064777
0 0.195483 0.777328 0.034268 0.117409
1 0.314642 0.700405 0.035826 0.085020
1 0.654206 0.303644 0.028037 0.064777
0 0.877726 0.204453 0.014019 0.048583
1 0.235981 0.568826 0.018692 0.028340
1 0.699377 0.876518 0.024922 0.052632
1 0.728972 0.427126 0.032710 0.068826
0 0.383956 0.384615 0.032710 0.089069
1 0.188474 0.323887 0.031153 0.052632
1 0.841900 0.506073 0.020249 0.076923
1 0.635514 0.546559 0.052960 0.137652
1 0.760903 0.672065 0.034268 0.085020
1 0.797508 0.408907 0.014019 0.028340
0 0.575545 0.425101 0.012461 0.036437
1 0.392523 0.716599 0.066978 0.174089
0 0.086449 0.819838 0.007788 0.028340
1 0.154984 0.546559 0.096573 0.238866
0 0.379283 0.882591 0.028037 0.093117
1 0.511682 0.319838 0.032710 0.093117
1 0.669782 0.344130 0.024922 0.097166
1 0.189252 0.716599 0.037383 0.129555
1 0.859813 0.894737 0.034268 0.109312
1 0.451713 0.562753 0.068536 0.186235
1 0.512461 0.631579 0.032710 0.093117
1 0.222741 0.277328 0.043614 0.093117
1 0.468069 0.244939 0.010903 0.024291
1 0.524143 0.483806 0.057632 0.117409
1 0.253894 0.244939 0.031153 0.097166
0 0.315421 0.356275 0.021807 0.068826
1 0.490654 0.785425 0.046729 0.129555
1 0.799065 0.319838 0.042056 0.097166
1 0.341121 0.603239 0.026480 0.056680
0 0.639408 0.829960 0.042056 0.161943
0 0.613707 0.813765 0.015576 0.028340
1 0.552960 0.406883 0.035826 0.068826
1 0.792056 0.467611 0.009346 0.036437
0 0.070093 0.724696 0.021807 0.040486
1 0.926791 0.129555 0.017134 0.032389
0 0.616044 0.228745 0.004673 0.012146
1 0.576324 0.799595 0.073209 0.186235
0 0.352025 0.186235 0.032710 0.060729
0 0.823988 0.469636 0.029595 0.080972
1 0.711059 0.562753 0.034268 0.089069
