1 0.855140 0.380567 0.056075 0.178138
0 0.801402 0.295547 0.070093 0.109312
0 0.861371 0.704453 0.043614 0.117409
0 0.242212 0.465587 0.004673 0.016194
1 0.896417 0.834008 0.046729 0.093117
1 0.502336 0.255061 0.068536 0.246964
1 0.387850 0.315789 0.035826 0.093117
1 0.762461 0.730769 0.040498 0.093117
0 0.479751 0.643725 0.040498 0.109312
1 0.325545 0.607287 0.014019 0.036437
1 0.049065 0.914980 0.021807 0.056680
1 0.491433 0.376518 0.059190 0.133603
1 0.334112 0.593117 0.017134 0.044534
0 0.837227 0.678138 0.004673 0.012146
0 0.739097 0.340081 0.032710 0.052632
1 0.200156 0.738866 0.029595 0.048583
1 0.569315 0.659919 0.042056 0.089069
1 0.151090 0.850202 0.017134 0.048583
1 0.354361 0.672065 0.060748 0.129555
1 0.520249 0.522267 0.024922 0.064777
1 0.709502 0.653846 0.028037 0.072874
1 0.709502 0.526316 0.023364 0.064777
1 0.596573 0.194332 0.042056 0.072874
1 0.559190 0.435223 0.040498 0.068826
1 0.930685 0.400810 0.018692 0.048583
1 0.241433 0.779352 0.012461 0.036437
0 0.151090 0.803644 0.009346 0.036437
1 0.425234 0.362348 0.074766 0.170040
1 0.333333 0.236842 0.051402 0.129555
1 0.588785 0.641700 0.018692 0.052632
0 0.402648 0.852227 0.032710 0.085020
1 0.739875 0.374494 0.015576 0.048583
1 0.591121 0.141700 0.015576 0.036437
0 0.076324 0.489879 0.062305 0.149798
1 0.909657 0.246964 0.009346 0.024291
0 0.850467 0.872470 0.023364 0.052632
0 0.147975 0.368421 0.009346 0.024291
1 0.460280 0.441296 0.066978 0.190283
0 0.280374 0.651822 0.032710 0.089069
0 0.499221 0.763158 0.023364 0.044534
1 0.944704 0.603239 0.032710 0.089069
0 0.403427 0.676113 0.006231 0.016194
0 0.947819 0.325911 0.009346 0.028340
1 0.428349 0.232794 0.040498 0.076923
1 0.213396 0.473684 0.034268 0.080972
0 0.346573 0.866397 0.046729 0.089069
1 0.670561 0.807692 0.045171 0.137652
1 0.553738 0.552632 0.037383 0.121457
1 0.403427 0.712551 0.028037 0.064777
