1 0.167445 0.819838 0.018692 0.044534
1 0.792056 0.153846 0.021807 0.044534
1 0.154206 0.672065 0.080997 0.182186
0 0.172897 0.392713 0.018692 0.044534
1 0.271028 0.459514 0.060748 0.121457
0 0.921340 0.396761 0.052960 0.101215
0 0.320093 0.589069 0.012461 0.028340
0 0.078660 0.273279 0.009346 0.024291
0 0.495327 0.819838 0.079439 0.157895
0 0.934579 0.520243 0.029595 0.040486
1 0.496885 0.145749 0.009346 0.024291
0 0.524922 0.358300 0.034268 0.113360
0 0.375389 0.817814 0.035826 0.064777
0 0.578660 0.342105 0.028037 0.072874
1 0.427570 0.761134 0.026480 0.060729
1 0.813863 0.874494 0.065421 0.133603
1 0.471184 0.396761 0.028037 0.056680
0 0.644081 0.508097 0.029595 0.040486
1 0.624611 0.370445 0.042056 0.072874
1 0.608255 0.801619 0.023364 0.137652
0 0.086449 0.714575 0.077882 0.226721
1 0.708723 0.556680 0.018692 0.044534
1 0.091121 0.886640 0.029595 0.105263
0 0.279595 0.172065 0.035826 0.093117
1 0.235981 0.870445 0.040498 0.097166
0 0.136293 0.170040 0.004673 0.012146
1 0.151869 0.123482 0.007788 0.028340
1 0.376168 0.672065 0.060748 0.178138
0 0.295950 0.716599 0.046729 0.093117
1 0.110592 0.279352 0.034268 0.080972
1 0.315421 0.872470 0.070093 0.113360
0 0.228193 0.163968 0.017134 0.040486
0 0.556854 0.305668 0.038941 0.076923
1 0.144860 0.433198 0.038941 0.149798
1 0.633178 0.311741 0.020249 0.032389
0 0.539720 0.755061 0.024922 0.072874
1 0.737539 0.228745 0.054517 0.113360
1 0.765576 0.376518 0.012461 0.040486
0 0.406542 0.819838 0.006231 0.016194
0 0.886293 0.923077 0.006231 0.016194
1 0.250000 0.957490 0.014019 0.044534
1 0.923676 0.587045 0.009346 0.032389
1 0.869159 0.248988 0.040498 0.109312
0 0.271028 0.817814 0.049844 0.153846
1 0.105140 0.419028 0.014019 0.032389
0 0.139408 0.805668 0.010903 0.024291
0 0.168224 0.925101 0.028037 0.064777
1 0.070093 0.580972 0.034268 0.068826
1 0.241433 0.568826 0.029595 0.085020
1 0.640966 0.791498 0.028037 0.080972
0 0.549844 0.176113 0.015576 0.036437
0 0.657321 0.813765 0.034268 0.068826
1 0.438474 0.943320 0.018692 0.052632
0 0.578660 0.495951 0.010903 0.032389
0 0.595016 0.870445 0.049844 0.121457
0 0.846573 0.502024 0.038941 0.109312
