1 0.721963 0.645749 0.071651 0.198381
0 0.382399 0.194332 0.007788 0.016194
1 0.557632 0.475709 0.042056 0.121457
1 0.480530 0.870445 0.018692 0.097166
1 0.157321 0.518219 0.038941 0.076923
1 0.855919 0.698381 0.029595 0.044534
0 0.334891 0.210526 0.052960 0.174089
1 0.500779 0.303644 0.040498 0.097166
1 0.419782 0.194332 0.017134 0.044534
1 0.119159 0.777328 0.024922 0.080972
1 0.579439 0.253036 0.037383 0.093117
1 0.304517 0.941296 0.007788 0.024291
1 0.262461 0.761134 0.073209 0.165992
1 0.782710 0.263158 0.010903 0.032389
1 0.373832 0.429150 0.052960 0.121457
0 0.376947 0.481781 0.037383 0.093117
0 0.652648 0.937247 0.012461 0.044534
0 0.313084 0.736842 0.068536 0.137652
0 0.897196 0.688259 0.071651 0.255061
1 0.707944 0.514170 0.015576 0.036437
1 0.890187 0.244939 0.014019 0.028340
1 0.411215 0.607287 0.015576 0.064777
0 0.588785 0.611336 0.012461 0.020243
1 0.435358 0.546559 0.020249 0.032389
1 0.104361 0.165992 0.045171 0.117409
1 0.762461 0.198381 0.031153 0.080972
1 0.943925 0.402834 0.021807 0.056680
0 0.560748 0.279352 0.009346 0.024291
1 0.225857 0.366397 0.003115 0.028340
0 0.080997 0.305668 0.037383 0.133603
0 0.213396 0.872470 0.006231 0.020243
1 0.109813 0.506073 0.049844 0.125506
0 0.383178 0.228745 0.015576 0.028340
1 0.290498 0.263158 0.082555 0.242915
1 0.744548 0.366397 0.043614 0.133603
0 0.457165 0.659919 0.028037 0.072874
1 0.271028 0.589069 0.014019 0.040486
