0 0.732866 0.321862 0.046729 0.214575
0 0.947819 0.485830 0.012461 0.040486
0 0.635514 0.621457 0.126168 0.348178
1 0.060748 0.157895 0.035826 0.076923
0 0.121495 0.208502 0.021807 0.048583
1 0.483645 0.313765 0.034268 0.125506
1 0.387072 0.840081 0.026480 0.093117
1 0.758567 0.317814 0.068536 0.121457
1 0.723520 0.489879 0.034268 0.089069
0 0.492991 0.609312 0.015576 0.040486
1 0.216511 0.880567 0.017134 0.044534
1 0.753894 0.698381 0.018692 0.032389
1 0.213396 0.502024 0.043614 0.149798
0 0.606698 0.969636 0.023364 0.044534
1 0.860592 0.421053 0.031153 0.125506
1 0.904984 0.603239 0.028037 0.129555
1 0.794393 0.609312 0.007788 0.020243
1 0.174455 0.819838 0.021807 0.060729
1 0.693146 0.358300 0.021807 0.056680
1 0.794393 0.852227 0.045171 0.125506
1 0.929907 0.141700 0.029595 0.076923
0 0.375389 0.779352 0.031153 0.076923
1 0.517913 0.404858 0.031153 0.068826
0 0.810748 0.380567 0.021807 0.044534
0 0.827103 0.475709 0.062305 0.133603
1 0.055296 0.558704 0.007788 0.016194
0 0.483645 0.253036 0.024922 0.068826
1 0.921340 0.348178 0.021807 0.052632
1 0.235981 0.277328 0.028037 0.089069
1 0.835670 0.352227 0.034268 0.093117
0 0.900312 0.155870 0.009346 0.028340
1 0.724299 0.708502 0.037383 0.117409
0 0.285047 0.682186 0.029595 0.105263
0 0.154984 0.720648 0.012461 0.028340
1 0.066978 0.234818 0.015576 0.032389
0 0.212617 0.801619 0.046729 0.105263
