0 0.748442 0.534413 0.046729 0.149798
0 0.306854 0.538462 0.028037 0.072874
1 0.623832 0.538462 0.059190 0.157895
0 0.476636 0.939271 0.026480 0.064777
1 0.384735 0.621457 0.082555 0.129555
1 0.078660 0.582996 0.028037 0.129555
0 0.531931 0.773279 0.023364 0.064777
0 0.866822 0.807692 0.028037 0.072874
1 0.414330 0.329960 0.065421 0.299595
0 0.833333 0.315789 0.015576 0.036437
1 0.728193 0.900810 0.026480 0.064777
1 0.442368 0.115385 0.010903 0.036437
0 0.700156 0.180162 0.046729 0.133603
0 0.059190 0.736842 0.042056 0.117409
1 0.680685 0.771255 0.021807 0.056680
0 0.190031 0.870445 0.042056 0.145749
1 0.745327 0.265182 0.017134 0.044534
1 0.257009 0.627530 0.017134 0.064777
1 0.914330 0.779352 0.032710 0.056680
1 0.359034 0.589069 0.059190 0.145749
1 0.889408 0.214575 0.056075 0.198381
1 0.788941 0.301619 0.068536 0.129555
0 0.863707 0.892713 0.018692 0.080972
0 0.132399 0.178138 0.021807 0.056680
1 0.156542 0.829960 0.020249 0.044534
1 0.866044 0.445344 0.021807 0.056680
1 0.073209 0.896761 0.042056 0.089069
1 0.259346 0.180162 0.010903 0.032389
1 0.338785 0.251012 0.080997 0.190283
0 0.242212 0.791498 0.015576 0.028340
0 0.661215 0.439271 0.063863 0.145749
1 0.229751 0.587045 0.020249 0.056680
1 0.304517 0.461538 0.042056 0.121457
0 0.238318 0.943320 0.012461 0.040486
1 0.060748 0.295547 0.024922 0.048583
0 0.647196 0.886640 0.037383 0.080972
1 0.757009 0.872470 0.031153 0.080972
1 0.848910 0.246964 0.037383 0.097166
1 0.567757 0.834008 0.040498 0.121457
0 0.618380 0.678138 0.023364 0.060729
1 0.172897 0.500000 0.038941 0.085020
0 0.670561 0.117409 0.020249 0.036437
0 0.491433 0.556680 0.009346 0.012146
0 0.911215 0.678138 0.009346 0.020243
0 0.211838 0.170040 0.034268 0.129555
0 0.823988 0.921053 0.024922 0.052632
1 0.250000 0.253036 0.045171 0.097166
1 0.093458 0.532389 0.026480 0.056680
1 0.421340 0.700405 0.012461 0.040486
1 0.136293 0.374494 0.040498 0.113360
0 0.046729 0.117409 0.018692 0.040486
1 0.293614 0.803644 0.017134 0.036437
1 0.451713 0.526316 0.015576 0.024291
1 0.835670 0.481781 0.024922 0.089069
1 0.809969 0.576923 0.009346 0.020243
0 0.170561 0.550607 0.035826 0.064777
1 0.511682 0.613360 0.015576 0.080972
