0 0.514798 0.392713 0.009346 0.024291
1 0.368380 0.216599 0.020249 0.056680
1 0.826324 0.890688 0.042056 0.121457
1 0.730530 0.615385 0.009346 0.024291
1 0.479751 0.613360 0.024922 0.068826
0 0.600467 0.313765 0.018692 0.048583
1 0.271807 0.530364 0.046729 0.149798
1 0.101246 0.188259 0.012461 0.040486
1 0.408879 0.878543 0.045171 0.117409
1 0.059190 0.892713 0.042056 0.105263
1 0.274922 0.208502 0.073209 0.153846
1 0.311526 0.224696 0.073209 0.210526
1 0.366044 0.591093 0.035826 0.109312
0 0.083333 0.880567 0.012461 0.036437
1 0.667445 0.840081 0.032710 0.068826
0 0.084891 0.408907 0.018692 0.056680
1 0.475857 0.748988 0.026480 0.089069
1 0.613707 0.455466 0.009346 0.028340
1 0.852025 0.180162 0.031153 0.080972
0 0.913551 0.475709 0.034268 0.089069
1 0.795171 0.526316 0.023364 0.068826
1 0.574766 0.783401 0.063863 0.238866
1 0.052960 0.805668 0.010903 0.028340
1 0.478193 0.234818 0.032710 0.113360
1 0.059190 0.757085 0.031153 0.072874
1 0.330218 0.455466 0.028037 0.085020
0 0.172897 0.566802 0.034268 0.097166
1 0.913551 0.900810 0.014019 0.044534
0 0.565421 0.489879 0.017134 0.044534
0 0.703271 0.659919 0.032710 0.064777
1 0.383178 0.502024 0.020249 0.044534
1 0.707165 0.285425 0.017134 0.032389
1 0.796729 0.210526 0.024922 0.068826
0 0.549844 0.459514 0.012461 0.028340
