0 0.441589 0.390688 0.032710 0.105263
1 0.431464 0.530364 0.014019 0.040486
1 0.896417 0.273279 0.021807 0.060729
1 0.677570 0.364372 0.024922 0.068826
0 0.780374 0.459514 0.048287 0.093117
0 0.197040 0.694332 0.046729 0.093117
0 0.159657 0.439271 0.070093 0.234818
1 0.762461 0.291498 0.031153 0.072874
0 0.708723 0.465587 0.032710 0.093117
0 0.664330 0.311741 0.026480 0.064777
1 0.222741 0.838057 0.065421 0.157895
1 0.204050 0.595142 0.082555 0.194332
1 0.151869 0.305668 0.017134 0.048583
0 0.404984 0.718623 0.043614 0.133603
1 0.078660 0.299595 0.023364 0.036437
1 0.436137 0.665992 0.048287 0.121457
0 0.692368 0.161943 0.038941 0.093117
0 0.813084 0.481781 0.032710 0.064777
1 0.115265 0.242915 0.071651 0.121457
0 0.366822 0.137652 0.024922 0.076923
0 0.880062 0.821862 0.038941 0.105263
1 0.580997 0.603239 0.015576 0.040486
0 0.761682 0.672065 0.042056 0.101215
0 0.543614 0.668016 0.037383 0.072874
1 0.481308 0.860324 0.051402 0.214575
1 0.647975 0.469636 0.042056 0.133603
0 0.860592 0.514170 0.020249 0.068826
1 0.500779 0.336032 0.014019 0.032389
0 0.940810 0.860324 0.009346 0.028340
1 0.492212 0.477733 0.054517 0.145749
1 0.311526 0.700405 0.046729 0.109312
1 0.116822 0.765182 0.057632 0.190283
0 0.785047 0.291498 0.015576 0.040486
0 0.174455 0.759109 0.012461 0.028340
1 0.579439 0.518219 0.023364 0.048583
1 0.078660 0.234818 0.038941 0.072874
0 0.270249 0.421053 0.037383 0.153846
0 0.122274 0.396761 0.042056 0.101215
1 0.577882 0.566802 0.017134 0.072874
1 0.349688 0.819838 0.015576 0.036437
1 0.820093 0.232794 0.015576 0.036437
0 0.063863 0.400810 0.031153 0.064777
1 0.748442 0.238866 0.032710 0.048583
1 0.904206 0.372470 0.032710 0.068826
1 0.650312 0.327935 0.018692 0.056680
0 0.258567 0.544534 0.035826 0.068826
0 0.192368 0.360324 0.051402 0.125506
1 0.831776 0.864372 0.009346 0.012146
0 0.102025 0.495951 0.035826 0.170040
1 0.279595 0.854251 0.018692 0.048583
1 0.060748 0.554656 0.034268 0.085020
0 0.731308 0.927126 0.029595 0.048583
1 0.383956 0.526316 0.063863 0.174089
0 0.880841 0.433198 0.028037 0.072874
1 0.718069 0.890688 0.037383 0.072874
0 0.890966 0.751012 0.032710 0.117409
1 0.254673 0.619433 0.014019 0.024291
1 0.346573 0.765182 0.023364 0.052632
