1 0.774143 0.933198 0.018692 0.032389
0 0.465732 0.552632 0.059190 0.080972
1 0.740654 0.552632 0.017134 0.060729
0 0.374611 0.336032 0.062305 0.137652
1 0.949377 0.147773 0.014019 0.040486
0 0.524922 0.629555 0.010903 0.036437
0 0.417445 0.198381 0.017134 0.040486
1 0.603583 0.736842 0.029595 0.085020
0 0.663551 0.795547 0.051402 0.117409
0 0.605140 0.285425 0.038941 0.085020
0 0.811526 0.161943 0.021807 0.072874
1 0.580218 0.238866 0.023364 0.072874
0 0.824766 0.823887 0.024922 0.064777
0 0.794393 0.560729 0.043614 0.093117
1 0.577882 0.526316 0.012461 0.064777
1 0.538162 0.969636 0.007788 0.020243
1 0.119938 0.242915 0.059190 0.165992
1 0.805296 0.850202 0.006231 0.016194
1 0.502336 0.627530 0.032710 0.040486
1 0.278816 0.285425 0.035826 0.085020
1 0.341900 0.682186 0.020249 0.052632
1 0.897975 0.854251 0.054517 0.117409
0 0.432243 0.805668 0.054517 0.121457
0 0.597352 0.435223 0.017134 0.048583
1 0.845794 0.589069 0.006231 0.012146
0 0.654984 0.309717 0.037383 0.105263
1 0.890966 0.354251 0.070093 0.198381
1 0.838006 0.153846 0.012461 0.040486
1 0.528816 0.522267 0.035826 0.072874
0 0.347352 0.759109 0.054517 0.105263
1 0.151090 0.939271 0.040498 0.097166
1 0.347352 0.131579 0.028037 0.060729
1 0.292835 0.866397 0.035826 0.089069
