1 0.507009 0.882591 0.003115 0.016194
1 0.390966 0.323887 0.035826 0.085020
1 0.501558 0.704453 0.037383 0.072874
1 0.193925 0.811741 0.051402 0.129555
1 0.885514 0.398785 0.074766 0.137652
0 0.485202 0.145749 0.046729 0.097166
1 0.627726 0.419028 0.021807 0.052632
1 0.351246 0.659919 0.007788 0.016194
1 0.850467 0.356275 0.021807 0.101215
0 0.644081 0.686235 0.040498 0.137652
1 0.836449 0.489879 0.007788 0.016194
1 0.912773 0.180162 0.020249 0.060729
0 0.888629 0.623482 0.020249 0.056680
1 0.129283 0.263158 0.023364 0.097166
1 0.719626 0.783401 0.074766 0.190283
1 0.275701 0.803644 0.034268 0.174089
1 0.457165 0.491903 0.048287 0.206478
0 0.100467 0.587045 0.026480 0.076923
0 0.954050 0.475709 0.017134 0.036437
1 0.633178 0.467611 0.028037 0.064777
0 0.605140 0.477733 0.020249 0.056680
1 0.615265 0.653846 0.037383 0.198381
0 0.392523 0.815789 0.084112 0.170040
1 0.213396 0.593117 0.068536 0.186235
1 0.115265 0.194332 0.018692 0.040486
1 0.782710 0.457490 0.017134 0.048583
1 0.408100 0.483806 0.032710 0.093117
1 0.539720 0.493927 0.015576 0.056680
1 0.057632 0.445344 0.028037 0.105263
1 0.355919 0.121457 0.012461 0.048583
1 0.955607 0.564777 0.009346 0.028340
1 0.755452 0.540486 0.020249 0.056680
1 0.381620 0.649798 0.035826 0.093117
1 0.148754 0.471660 0.014019 0.040486
1 0.935358 0.275304 0.026480 0.093117
1 0.514798 0.255061 0.026480 0.076923
1 0.865265 0.546559 0.035826 0.097166
0 0.897196 0.190283 0.018692 0.056680
1 0.563084 0.706478 0.014019 0.044534
1 0.400312 0.599190 0.035826 0.101215
0 0.097352 0.414980 0.007788 0.020243
0 0.262461 0.500000 0.037383 0.109312
1 0.570093 0.659919 0.037383 0.085020
1 0.915888 0.773279 0.062305 0.097166
0 0.867601 0.797571 0.024922 0.048583
1 0.757788 0.463563 0.009346 0.024291
