1 0.240654 0.311741 0.043614 0.121457
1 0.572430 0.908907 0.010903 0.040486
1 0.503115 0.850202 0.052960 0.149798
1 0.540498 0.722672 0.040498 0.113360
1 0.862928 0.585020 0.102804 0.210526
1 0.567757 0.477733 0.015576 0.048583
1 0.552181 0.819838 0.007788 0.020243
0 0.159657 0.319838 0.057632 0.149798
1 0.226636 0.467611 0.032710 0.097166
0 0.443925 0.109312 0.006231 0.016194
0 0.300623 0.295547 0.035826 0.097166
1 0.366044 0.431174 0.059190 0.117409
1 0.268692 0.597166 0.099688 0.170040
1 0.503115 0.269231 0.104361 0.242915
1 0.108255 0.220648 0.056075 0.161943
1 0.126947 0.443320 0.059190 0.165992
1 0.644081 0.852227 0.057632 0.129555
1 0.748442 0.836032 0.014019 0.032389
0 0.481308 0.779352 0.020249 0.068826
1 0.788941 0.346154 0.026480 0.089069
1 0.433801 0.546559 0.029595 0.109312
0 0.276480 0.789474 0.024922 0.044534
0 0.594237 0.182186 0.063863 0.129555
1 0.317757 0.295547 0.028037 0.089069
0 0.757009 0.627530 0.020249 0.052632
0 0.916667 0.350202 0.059190 0.190283
1 0.518692 0.611336 0.006231 0.016194
0 0.841900 0.412955 0.029595 0.068826
1 0.437695 0.336032 0.032710 0.105263
1 0.841900 0.921053 0.026480 0.044534
