0 0.873053 0.753036 0.010903 0.024291
0 0.899533 0.692308 0.043614 0.117409
1 0.670561 0.240891 0.051402 0.153846
1 0.768692 0.779352 0.009346 0.028340
0 0.617601 0.423077 0.024922 0.056680
1 0.793614 0.141700 0.014019 0.036437
0 0.100467 0.265182 0.032710 0.101215
1 0.632399 0.528340 0.059190 0.141700
0 0.379283 0.823887 0.049844 0.097166
1 0.482087 0.500000 0.035826 0.101215
1 0.541277 0.686235 0.077882 0.222672
0 0.809969 0.785425 0.062305 0.226721
1 0.798287 0.404858 0.010903 0.028340
1 0.731308 0.433198 0.042056 0.141700
1 0.242991 0.295547 0.040498 0.089069
0 0.200156 0.447368 0.029595 0.076923
0 0.388629 0.123482 0.009346 0.028340
1 0.500000 0.775304 0.077882 0.222672
0 0.910436 0.188259 0.023364 0.056680
1 0.751558 0.145749 0.007788 0.016194
1 0.699377 0.396761 0.020249 0.048583
0 0.342679 0.378543 0.032710 0.076923
0 0.819315 0.898785 0.021807 0.060729
0 0.764798 0.251012 0.049844 0.129555
0 0.813084 0.514170 0.009346 0.020243
1 0.733645 0.621457 0.040498 0.105263
1 0.740654 0.809717 0.017134 0.085020
1 0.314642 0.151822 0.020249 0.048583
0 0.128505 0.510121 0.024922 0.076923
0 0.940810 0.423077 0.020249 0.056680
0 0.871495 0.439271 0.079439 0.198381
1 0.566199 0.293522 0.024922 0.040486
1 0.224299 0.546559 0.034268 0.093117
1 0.624611 0.398785 0.021807 0.076923
0 0.598910 0.495951 0.023364 0.056680
0 0.209502 0.945344 0.014019 0.036437
0 0.180685 0.858300 0.057632 0.157895
