1 0.161215 0.589069 0.098131 0.190283
1 0.834112 0.540486 0.060748 0.186235
1 0.132399 0.218623 0.028037 0.032389
0 0.915888 0.495951 0.020249 0.052632
0 0.690031 0.358300 0.048287 0.125506
0 0.457944 0.676113 0.029595 0.072874
1 0.809969 0.823887 0.046729 0.125506
0 0.398754 0.621457 0.077882 0.141700
1 0.139408 0.157895 0.032710 0.089069
0 0.415888 0.876518 0.079439 0.186235
0 0.333333 0.246964 0.040498 0.121457
0 0.535047 0.212551 0.028037 0.093117
1 0.570872 0.919028 0.029595 0.052632
0 0.296729 0.682186 0.014019 0.044534
1 0.454829 0.244939 0.031153 0.089069
1 0.488318 0.951417 0.032710 0.052632
0 0.563084 0.840081 0.024922 0.068826
1 0.454829 0.121457 0.009346 0.024291
0 0.577882 0.694332 0.035826 0.072874
1 0.475078 0.457490 0.020249 0.060729
1 0.860592 0.469636 0.062305 0.105263
1 0.166667 0.208502 0.029595 0.056680
1 0.606698 0.388664 0.073209 0.206478
1 0.272586 0.631579 0.038941 0.113360
1 0.723520 0.489879 0.079439 0.125506
1 0.360592 0.688259 0.040498 0.085020
1 0.663551 0.724696 0.006231 0.016194
1 0.847352 0.773279 0.018692 0.072874
0 0.482866 0.720648 0.048287 0.161943
1 0.281931 0.283401 0.051402 0.137652
1 0.936137 0.325911 0.026480 0.101215
1 0.153427 0.240891 0.035826 0.085020
1 0.245327 0.514170 0.031153 0.060729
1 0.261682 0.870445 0.023364 0.056680
1 0.492212 0.827935 0.034268 0.101215
1 0.852025 0.287449 0.045171 0.113360
1 0.767134 0.825911 0.052960 0.153846
0 0.383178 0.763158 0.056075 0.165992
1 0.348131 0.419028 0.010903 0.028340
1 0.731308 0.281377 0.035826 0.109312
1 0.254673 0.291498 0.048287 0.072874
1 0.264019 0.504049 0.020249 0.036437
1 0.726636 0.661943 0.024922 0.097166
0 0.916667 0.226721 0.032710 0.113360
1 0.789720 0.674089 0.034268 0.072874
0 0.437695 0.384615 0.032710 0.085020
1 0.206386 0.819838 0.012461 0.024291
