0 0.426012 0.307692 0.006231 0.028340
0 0.682243 0.753036 0.098131 0.234818
0 0.356698 0.925101 0.029595 0.101215
0 0.199377 0.925101 0.009346 0.020243
1 0.511682 0.759109 0.034268 0.085020
1 0.850467 0.728745 0.038941 0.093117
1 0.336449 0.457490 0.032710 0.101215
1 0.516355 0.423077 0.132399 0.267206
1 0.906542 0.461538 0.051402 0.145749
1 0.105919 0.222672 0.020249 0.064777
1 0.677570 0.342105 0.056075 0.214575
1 0.382399 0.759109 0.029595 0.068826
1 0.758567 0.880567 0.059190 0.129555
1 0.617601 0.665992 0.021807 0.080972
1 0.923676 0.653846 0.034268 0.076923
0 0.239875 0.423077 0.018692 0.068826
1 0.307632 0.461538 0.032710 0.109312
0 0.792056 0.257085 0.029595 0.056680
1 0.660436 0.113360 0.009346 0.024291
1 0.592679 0.248988 0.015576 0.040486
1 0.430685 0.512146 0.054517 0.141700
0 0.610592 0.836032 0.071651 0.275304
1 0.327882 0.674089 0.038941 0.097166
1 0.297508 0.538462 0.031153 0.121457
1 0.214174 0.315789 0.015576 0.056680
1 0.043614 0.163968 0.004673 0.012146
1 0.383956 0.672065 0.071651 0.093117
0 0.799065 0.131579 0.012461 0.032389
1 0.633178 0.516194 0.066978 0.125506
0 0.873832 0.141700 0.015576 0.040486
1 0.549065 0.633603 0.091900 0.194332
0 0.447040 0.376518 0.031153 0.076923
0 0.495327 0.732794 0.037383 0.076923
1 0.731308 0.674089 0.038941 0.109312
1 0.880062 0.417004 0.037383 0.101215
1 0.761682 0.637652 0.045171 0.182186
0 0.718847 0.133603 0.024922 0.052632
0 0.124611 0.467611 0.073209 0.165992
1 0.052181 0.898785 0.012461 0.024291
0 0.106698 0.291498 0.037383 0.105263
1 0.429128 0.892713 0.018692 0.068826
1 0.466511 0.838057 0.010903 0.020243
1 0.476636 0.825911 0.020249 0.052632
