1 0.660436 0.765182 0.010903 0.020243
1 0.158879 0.325911 0.007788 0.024291
1 0.101246 0.759109 0.049844 0.105263
1 0.489097 0.641700 0.042056 0.072874
1 0.338785 0.718623 0.037383 0.097166
0 0.292835 0.279352 0.014019 0.036437
1 0.708723 0.514170 0.012461 0.040486
1 0.209502 0.321862 0.026480 0.097166
1 0.393302 0.661943 0.032710 0.125506
1 0.290498 0.431174 0.035826 0.129555
1 0.103583 0.248988 0.010903 0.028340
1 0.315421 0.558704 0.023364 0.060729
1 0.329439 0.892713 0.040498 0.076923
1 0.298287 0.858300 0.037383 0.089069
1 0.170561 0.338057 0.007788 0.028340
0 0.543614 0.791498 0.063863 0.157895
1 0.896417 0.147773 0.007788 0.020243
1 0.745327 0.771255 0.073209 0.174089
0 0.211059 0.461538 0.066978 0.137652
0 0.163551 0.866397 0.034268 0.089069
1 0.738318 0.145749 0.024922 0.068826
0 0.282710 0.963563 0.023364 0.056680
1 0.447819 0.348178 0.020249 0.085020
1 0.866044 0.621457 0.037383 0.153846
1 0.417445 0.819838 0.010903 0.024291
0 0.240654 0.360324 0.026480 0.064777
1 0.226636 0.742915 0.054517 0.117409
0 0.282710 0.773279 0.035826 0.072874
1 0.545171 0.625506 0.062305 0.129555
1 0.361371 0.267206 0.056075 0.101215
1 0.343458 0.661943 0.038941 0.085020
1 0.429907 0.682186 0.032710 0.064777
1 0.820093 0.105263 0.007788 0.016194
