1 0.544393 0.374494 0.034268 0.149798
0 0.096573 0.536437 0.028037 0.056680
1 0.651869 0.362348 0.046729 0.101215
1 0.700156 0.866397 0.048287 0.129555
1 0.080997 0.882591 0.012461 0.020243
0 0.827882 0.220648 0.018692 0.064777
1 0.162773 0.412955 0.020249 0.068826
1 0.271028 0.872470 0.043614 0.097166
1 0.813863 0.886640 0.017134 0.028340
1 0.626168 0.259109 0.021807 0.056680
1 0.199377 0.655870 0.026480 0.080972
1 0.351246 0.338057 0.010903 0.036437
1 0.675234 0.281377 0.029595 0.052632
0 0.756231 0.670040 0.056075 0.129555
1 0.249221 0.649798 0.045171 0.093117
1 0.430685 0.842105 0.040498 0.109312
1 0.563084 0.253036 0.034268 0.064777
1 0.954829 0.299595 0.010903 0.024291
1 0.512461 0.133603 0.031153 0.056680
1 0.891745 0.364372 0.014019 0.028340
0 0.588006 0.898785 0.032710 0.093117
0 0.168224 0.364372 0.021807 0.060729
1 0.275701 0.601215 0.018692 0.052632
1 0.686137 0.358300 0.007788 0.020243
1 0.165888 0.508097 0.015576 0.060729
1 0.431464 0.730769 0.037383 0.097166
0 0.883956 0.647773 0.034268 0.093117
1 0.464174 0.210526 0.003115 0.012146
0 0.837227 0.417004 0.045171 0.089069
1 0.450156 0.633603 0.037383 0.093117
0 0.257009 0.311741 0.015576 0.040486
0 0.551402 0.153846 0.026480 0.044534
1 0.063863 0.427126 0.031153 0.097166
0 0.667445 0.467611 0.020249 0.076923
0 0.609813 0.139676 0.018692 0.040486
