0 0.369159 0.560729 0.034268 0.097166
1 0.183022 0.651822 0.020249 0.064777
0 0.362150 0.374494 0.048287 0.117409
1 0.433801 0.159919 0.017134 0.085020
0 0.898754 0.785425 0.021807 0.044534
1 0.934579 0.232794 0.028037 0.068826
1 0.349688 0.510121 0.052960 0.125506
1 0.454829 0.886640 0.062305 0.117409
1 0.109034 0.289474 0.015576 0.056680
0 0.339564 0.544534 0.029595 0.105263
1 0.153427 0.427126 0.056075 0.121457
1 0.721963 0.178138 0.029595 0.085020
0 0.183022 0.186235 0.034268 0.080972
1 0.447040 0.661943 0.038941 0.109312
0 0.868380 0.570850 0.034268 0.064777
1 0.917445 0.576923 0.062305 0.101215
0 0.544393 0.259109 0.024922 0.048583
0 0.688474 0.404858 0.023364 0.056680
0 0.697040 0.139676 0.014019 0.028340
0 0.465732 0.493927 0.042056 0.093117
0 0.596573 0.599190 0.018692 0.072874
1 0.620717 0.309717 0.048287 0.089069
1 0.245327 0.821862 0.076324 0.206478
1 0.304517 0.287449 0.028037 0.048583
1 0.246106 0.668016 0.023364 0.076923
0 0.285826 0.214575 0.017134 0.052632
1 0.261682 0.692308 0.029595 0.080972
1 0.344237 0.291498 0.009346 0.032389
1 0.314642 0.914980 0.015576 0.040486
1 0.725857 0.372470 0.040498 0.056680
1 0.936916 0.860324 0.026480 0.056680
1 0.890966 0.955466 0.012461 0.024291
1 0.228972 0.206478 0.012461 0.032389
0 0.296729 0.765182 0.018692 0.040486
1 0.267134 0.404858 0.021807 0.052632
1 0.834112 0.344130 0.021807 0.089069
1 0.918224 0.771255 0.014019 0.060729
0 0.835670 0.854251 0.018692 0.056680
0 0.898754 0.663968 0.020249 0.052632
0 0.356698 0.641700 0.038941 0.064777
1 0.668224 0.542510 0.049844 0.133603
1 0.176012 0.874494 0.038941 0.121457
1 0.538162 0.467611 0.056075 0.194332
0 0.736760 0.797571 0.024922 0.076923
1 0.063084 0.445344 0.020249 0.036437
0 0.333333 0.649798 0.024922 0.064777
1 0.140187 0.882591 0.006231 0.020243
1 0.440810 0.514170 0.017134 0.040486
1 0.202492 0.331984 0.052960 0.194332
1 0.930685 0.461538 0.046729 0.165992
1 0.946262 0.342105 0.007788 0.032389
1 0.105919 0.801619 0.049844 0.141700
0 0.730530 0.730769 0.023364 0.056680
1 0.292056 0.900810 0.018692 0.044534
1 0.629283 0.906883 0.009346 0.024291
