1 0.654984 0.908907 0.023364 0.056680
0 0.577882 0.700405 0.006231 0.016194
0 0.198598 0.613360 0.032710 0.076923
1 0.784268 0.627530 0.038941 0.105263
1 0.233645 0.186235 0.017134 0.036437
1 0.143302 0.414980 0.018692 0.048583
0 0.520249 0.726721 0.015576 0.044534
1 0.281931 0.900810 0.059190 0.105263
0 0.326324 0.935223 0.034268 0.085020
0 0.580218 0.917004 0.032710 0.080972
1 0.079439 0.655870 0.009346 0.032389
1 0.309190 0.639676 0.048287 0.117409
1 0.933801 0.238866 0.032710 0.068826
1 0.709502 0.564777 0.110592 0.182186
1 0.591121 0.823887 0.028037 0.121457
1 0.734424 0.479757 0.056075 0.117409
1 0.454829 0.313765 0.040498 0.085020
1 0.764019 0.263158 0.034268 0.072874
1 0.313863 0.738866 0.051402 0.182186
0 0.633956 0.248988 0.035826 0.133603
1 0.248442 0.951417 0.024922 0.056680
0 0.128505 0.251012 0.010903 0.040486
1 0.626947 0.504049 0.057632 0.109312
0 0.887072 0.572874 0.051402 0.129555
1 0.404206 0.953441 0.020249 0.052632
1 0.809190 0.953441 0.006231 0.020243
0 0.435358 0.228745 0.018692 0.052632
1 0.555296 0.412955 0.051402 0.097166
1 0.548287 0.477733 0.021807 0.040486
0 0.483645 0.467611 0.085670 0.259109
0 0.521807 0.155870 0.015576 0.036437
1 0.778816 0.921053 0.017134 0.068826
1 0.626947 0.712551 0.029595 0.060729
0 0.564642 0.240891 0.010903 0.028340
1 0.519470 0.141700 0.009346 0.040486
1 0.689252 0.912955 0.015576 0.060729
1 0.082555 0.578947 0.028037 0.113360
1 0.287383 0.419028 0.045171 0.117409
0 0.059190 0.251012 0.024922 0.072874
1 0.899533 0.742915 0.017134 0.020243
1 0.580997 0.522267 0.046729 0.161943
1 0.820093 0.190283 0.042056 0.133603
0 0.506231 0.941296 0.037383 0.101215
1 0.622274 0.356275 0.035826 0.089069
0 0.876947 0.819838 0.035826 0.089069
1 0.155763 0.840081 0.009346 0.052632
