0 0.197040 0.287449 0.065421 0.210526
0 0.652648 0.208502 0.020249 0.068826
0 0.225078 0.688259 0.032710 0.060729
1 0.112928 0.425101 0.032710 0.060729
0 0.440031 0.344130 0.045171 0.125506
1 0.102025 0.172065 0.023364 0.072874
1 0.433801 0.406883 0.040498 0.137652
0 0.291277 0.931174 0.028037 0.093117
0 0.624611 0.386640 0.006231 0.012146
1 0.529595 0.269231 0.023364 0.093117
1 0.342679 0.753036 0.060748 0.222672
1 0.640966 0.174089 0.020249 0.068826
1 0.753894 0.449393 0.059190 0.133603
1 0.908100 0.716599 0.031153 0.064777
1 0.528816 0.528340 0.007788 0.020243
0 0.220405 0.641700 0.037383 0.117409
1 0.584891 0.194332 0.046729 0.145749
1 0.232866 0.540486 0.051402 0.101215
0 0.911215 0.143725 0.035826 0.068826
1 0.477414 0.651822 0.012461 0.036437
1 0.239875 0.182186 0.043614 0.113360
1 0.857477 0.477733 0.038941 0.093117
0 0.743769 0.216599 0.007788 0.020243
1 0.774143 0.113360 0.009346 0.024291
1 0.698598 0.663968 0.049844 0.133603
1 0.114486 0.253036 0.020249 0.040486
0 0.747664 0.688259 0.040498 0.089069
1 0.868380 0.840081 0.062305 0.125506
0 0.548287 0.619433 0.009346 0.028340
1 0.439252 0.246964 0.017134 0.052632
1 0.364486 0.629555 0.049844 0.210526
0 0.167445 0.248988 0.032710 0.080972
0 0.938474 0.196356 0.031153 0.093117
1 0.607477 0.623482 0.037383 0.093117
1 0.273364 0.176113 0.057632 0.117409
0 0.048287 0.481781 0.009346 0.028340
0 0.671340 0.238866 0.017134 0.040486
1 0.123832 0.348178 0.045171 0.089069
1 0.108255 0.601215 0.062305 0.255061
1 0.581776 0.787449 0.066978 0.206478
1 0.293614 0.597166 0.046729 0.121457
1 0.782710 0.767206 0.043614 0.129555
0 0.259346 0.595142 0.043614 0.105263
1 0.075545 0.165992 0.017134 0.044534
1 0.718069 0.595142 0.059190 0.161943
1 0.378505 0.340081 0.049844 0.145749
0 0.383178 0.516194 0.077882 0.161943
1 0.344237 0.410931 0.071651 0.218623
