0 0.237539 0.558704 0.010903 0.024291
1 0.131620 0.744939 0.046729 0.113360
0 0.935358 0.281377 0.007788 0.020243
1 0.435358 0.815789 0.023364 0.056680
1 0.890966 0.265182 0.040498 0.089069
1 0.612150 0.665992 0.105919 0.165992
0 0.908100 0.838057 0.040498 0.080972
1 0.859034 0.949393 0.029595 0.072874
0 0.323988 0.661943 0.059190 0.137652
1 0.081776 0.244939 0.009346 0.036437
0 0.869938 0.728745 0.023364 0.052632
0 0.308411 0.860324 0.037383 0.105263
0 0.273364 0.427126 0.026480 0.125506
1 0.769470 0.726721 0.035826 0.097166
1 0.174455 0.327935 0.003115 0.008097
1 0.574766 0.317814 0.024922 0.085020
1 0.243769 0.825911 0.048287 0.129555
1 0.078660 0.825911 0.057632 0.133603
0 0.055296 0.726721 0.037383 0.040486
1 0.199377 0.180162 0.031153 0.072874
1 0.088006 0.421053 0.023364 0.040486
1 0.864486 0.315789 0.052960 0.121457
1 0.532710 0.500000 0.015576 0.020243
1 0.299844 0.342105 0.031153 0.076923
0 0.482866 0.240891 0.010903 0.024291
1 0.214174 0.953441 0.014019 0.036437
0 0.102025 0.273279 0.015576 0.044534
1 0.734424 0.186235 0.015576 0.044534
1 0.806854 0.783401 0.065421 0.121457
1 0.109813 0.676113 0.014019 0.040486
1 0.150312 0.888664 0.018692 0.048583
1 0.662773 0.955466 0.021807 0.052632
1 0.274922 0.200405 0.020249 0.060729
0 0.370717 0.712551 0.006231 0.020243
1 0.922118 0.400810 0.056075 0.117409
1 0.645639 0.370445 0.088785 0.182186
1 0.776480 0.338057 0.007788 0.032389
1 0.152648 0.674089 0.052960 0.085020
1 0.279595 0.783401 0.037383 0.097166
1 0.286604 0.700405 0.049844 0.133603
0 0.556854 0.137652 0.010903 0.024291
