1 0.703271 0.589069 0.018692 0.048583
1 0.185358 0.866397 0.045171 0.161943
0 0.575545 0.941296 0.015576 0.068826
1 0.130841 0.386640 0.052960 0.117409
1 0.698598 0.348178 0.098131 0.190283
0 0.746885 0.544534 0.031153 0.076923
1 0.167445 0.325911 0.038941 0.097166
0 0.317757 0.738866 0.017134 0.036437
0 0.299065 0.765182 0.035826 0.101215
0 0.383956 0.848178 0.035826 0.076923
1 0.260125 0.522267 0.076324 0.190283
0 0.185358 0.678138 0.014019 0.036437
0 0.542835 0.570850 0.007788 0.024291
1 0.346573 0.192308 0.007788 0.020243
1 0.357477 0.269231 0.021807 0.072874
0 0.950935 0.119433 0.014019 0.032389
1 0.517913 0.805668 0.010903 0.024291
0 0.422118 0.178138 0.017134 0.036437
0 0.330218 0.325911 0.014019 0.036437
1 0.517134 0.267206 0.028037 0.097166
0 0.815421 0.568826 0.040498 0.093117
0 0.611371 0.487854 0.021807 0.068826
1 0.444704 0.127530 0.014019 0.040486
1 0.400312 0.421053 0.040498 0.182186
0 0.781153 0.552632 0.024922 0.064777
0 0.697819 0.842105 0.062305 0.141700
1 0.115265 0.309717 0.080997 0.194332
1 0.584112 0.299595 0.012461 0.040486
1 0.514798 0.113360 0.007788 0.024291
1 0.123053 0.538462 0.037383 0.056680
1 0.210280 0.469636 0.090343 0.206478
1 0.640966 0.285425 0.062305 0.210526
1 0.760125 0.113360 0.009346 0.020243
1 0.762461 0.836032 0.048287 0.133603
1 0.691589 0.730769 0.029595 0.072874
