0 0.369938 0.655870 0.031153 0.097166
1 0.499221 0.500000 0.010903 0.020243
1 0.496106 0.684211 0.049844 0.186235
0 0.826324 0.170040 0.048287 0.113360
1 0.858255 0.313765 0.063863 0.153846
1 0.644860 0.224696 0.051402 0.068826
0 0.425234 0.963563 0.017134 0.044534
1 0.725857 0.748988 0.040498 0.117409
0 0.804517 0.299595 0.051402 0.178138
1 0.164330 0.538462 0.029595 0.056680
0 0.693146 0.767206 0.023364 0.072874
1 0.851246 0.479757 0.046729 0.097166
1 0.536604 0.277328 0.070093 0.165992
1 0.103583 0.896761 0.024922 0.048583
1 0.422118 0.378543 0.015576 0.044534
0 0.356698 0.753036 0.073209 0.157895
0 0.549065 0.384615 0.017134 0.056680
1 0.359813 0.277328 0.032710 0.040486
0 0.118380 0.929150 0.010903 0.036437
1 0.882399 0.682186 0.056075 0.129555
0 0.233645 0.732794 0.009346 0.024291
0 0.218069 0.670040 0.031153 0.089069
1 0.636293 0.544534 0.054517 0.165992
0 0.508567 0.904858 0.017134 0.060729
0 0.126947 0.451417 0.010903 0.036437
1 0.823988 0.945344 0.028037 0.072874
1 0.672118 0.888664 0.020249 0.028340
0 0.102804 0.406883 0.018692 0.044534
0 0.428349 0.686235 0.024922 0.060729
1 0.575545 0.344130 0.046729 0.178138
0 0.516355 0.421053 0.024922 0.072874
1 0.624611 0.457490 0.006231 0.016194
1 0.882399 0.819838 0.062305 0.238866
1 0.482866 0.827935 0.043614 0.117409
1 0.473520 0.398785 0.012461 0.036437
1 0.415109 0.192308 0.038941 0.089069
1 0.356698 0.174089 0.018692 0.032389
1 0.815421 0.350202 0.051402 0.182186
1 0.267134 0.601215 0.031153 0.052632
0 0.204050 0.303644 0.037383 0.093117
1 0.447819 0.269231 0.052960 0.133603
1 0.618380 0.404858 0.006231 0.028340
1 0.450156 0.412955 0.009346 0.032389
1 0.669782 0.487854 0.071651 0.198381
1 0.351246 0.246964 0.032710 0.072874
