0 0.052960 0.311741 0.015576 0.036437
1 0.750779 0.627530 0.038941 0.085020
0 0.475078 0.334008 0.048287 0.133603
1 0.668224 0.864372 0.046729 0.129555
1 0.794393 0.384615 0.026480 0.060729
1 0.866822 0.378543 0.034268 0.137652
0 0.818536 0.678138 0.010903 0.028340
0 0.293614 0.730769 0.009346 0.028340
0 0.721963 0.508097 0.042056 0.125506
0 0.137072 0.311741 0.082555 0.157895
0 0.886293 0.319838 0.032710 0.117409
1 0.239875 0.352227 0.038941 0.105263
0 0.637850 0.536437 0.021807 0.060729
1 0.416667 0.522267 0.040498 0.076923
1 0.419003 0.836032 0.031153 0.064777
0 0.714953 0.564777 0.015576 0.044534
1 0.915888 0.238866 0.014019 0.040486
0 0.746106 0.449393 0.015576 0.032389
0 0.190810 0.686235 0.084112 0.234818
0 0.106698 0.633603 0.045171 0.068826
0 0.306854 0.447368 0.065421 0.174089
0 0.075545 0.224696 0.014019 0.028340
0 0.364486 0.898785 0.062305 0.170040
1 0.857477 0.651822 0.021807 0.060729
1 0.474299 0.516194 0.026480 0.056680
1 0.404984 0.441296 0.014019 0.036437
0 0.508567 0.127530 0.010903 0.020243
1 0.689252 0.208502 0.007788 0.028340
1 0.204829 0.129555 0.032710 0.060729
0 0.086449 0.356275 0.026480 0.072874
1 0.441589 0.309717 0.042056 0.105263
0 0.543614 0.257085 0.018692 0.060729
1 0.076324 0.692308 0.040498 0.101215
1 0.295171 0.872470 0.040498 0.145749
1 0.947819 0.180162 0.018692 0.044534
0 0.227414 0.534413 0.023364 0.060729
0 0.599688 0.898785 0.021807 0.044534
1 0.406542 0.961538 0.015576 0.048583
1 0.094237 0.307692 0.038941 0.080972
1 0.550623 0.625506 0.023364 0.040486
1 0.168224 0.471660 0.032710 0.076923
0 0.584891 0.838057 0.024922 0.068826
1 0.877726 0.246964 0.048287 0.153846
1 0.377726 0.283401 0.113707 0.295547
1 0.311526 0.720648 0.015576 0.032389
0 0.699377 0.311741 0.017134 0.036437
1 0.211059 0.313765 0.040498 0.113360
1 0.478972 0.609312 0.031153 0.097166
1 0.519470 0.864372 0.032710 0.068826
