1 0.577103 0.437247 0.026480 0.068826
1 0.601246 0.558704 0.074766 0.149798
1 0.881620 0.226721 0.024922 0.068826
0 0.852025 0.439271 0.102804 0.303644
0 0.488318 0.876518 0.051402 0.149798
0 0.893302 0.277328 0.037383 0.093117
1 0.373053 0.651822 0.102804 0.234818
0 0.457165 0.813765 0.023364 0.060729
1 0.429907 0.242915 0.017134 0.080972
1 0.380841 0.208502 0.057632 0.113360
1 0.223520 0.844130 0.066978 0.174089
0 0.137072 0.708502 0.009346 0.024291
1 0.417445 0.465587 0.082555 0.190283
0 0.560748 0.927126 0.021807 0.064777
0 0.137850 0.617409 0.018692 0.036437
1 0.641745 0.872470 0.017134 0.036437
1 0.179128 0.589069 0.028037 0.068826
1 0.574766 0.165992 0.021807 0.060729
1 0.876947 0.925101 0.009346 0.028340
1 0.213396 0.665992 0.014019 0.028340
1 0.062305 0.580972 0.015576 0.052632
0 0.949377 0.283401 0.017134 0.048583
1 0.550623 0.538462 0.021807 0.052632
1 0.824766 0.242915 0.015576 0.048583
0 0.703271 0.684211 0.010903 0.024291
0 0.818536 0.595142 0.038941 0.117409
0 0.544393 0.761134 0.020249 0.044534
0 0.488318 0.734818 0.063863 0.137652
1 0.121495 0.163968 0.024922 0.052632
1 0.206386 0.222672 0.014019 0.024291
1 0.778037 0.447368 0.034268 0.076923
0 0.376168 0.929150 0.004673 0.012146
0 0.542835 0.799595 0.023364 0.052632
0 0.105140 0.242915 0.021807 0.052632
1 0.336449 0.338057 0.037383 0.117409
1 0.950156 0.109312 0.012461 0.028340
1 0.702492 0.439271 0.018692 0.036437
1 0.619938 0.844130 0.021807 0.093117
0 0.556854 0.668016 0.029595 0.072874
1 0.241433 0.390688 0.020249 0.036437
1 0.768692 0.182186 0.024922 0.056680
1 0.285047 0.757085 0.052960 0.161943
1 0.797508 0.463563 0.032710 0.105263
0 0.330997 0.145749 0.010903 0.028340
1 0.078660 0.963563 0.017134 0.040486
1 0.320093 0.937247 0.007788 0.020243
1 0.530374 0.398785 0.046729 0.076923
1 0.702492 0.338057 0.031153 0.093117
1 0.949377 0.785425 0.009346 0.016194
