1 0.436137 0.848178 0.057632 0.125506
1 0.892523 0.578947 0.059190 0.133603
1 0.598131 0.226721 0.031153 0.072874
0 0.834112 0.730769 0.032710 0.080972
1 0.203271 0.402834 0.076324 0.182186
1 0.368380 0.884615 0.040498 0.149798
0 0.864486 0.253036 0.088785 0.125506
1 0.440031 0.568826 0.080997 0.222672
1 0.114486 0.665992 0.102804 0.352227
1 0.643302 0.281377 0.049844 0.137652
1 0.305296 0.234818 0.049844 0.137652
1 0.098131 0.232794 0.031153 0.105263
1 0.348131 0.572874 0.040498 0.101215
0 0.407321 0.172065 0.006231 0.012146
0 0.249221 0.307692 0.034268 0.121457
1 0.218847 0.135628 0.015576 0.048583
1 0.216511 0.929150 0.042056 0.068826
1 0.709502 0.374494 0.014019 0.024291
1 0.702492 0.744939 0.024922 0.052632
1 0.686137 0.516194 0.037383 0.052632
1 0.713396 0.196356 0.045171 0.149798
1 0.369159 0.645749 0.035826 0.125506
0 0.671340 0.174089 0.012461 0.024291
1 0.240654 0.487854 0.029595 0.117409
0 0.341121 0.836032 0.024922 0.056680
1 0.788162 0.518219 0.065421 0.230769
0 0.509346 0.283401 0.034268 0.080972
0 0.707944 0.649798 0.042056 0.137652
1 0.306075 0.437247 0.032710 0.064777
1 0.777259 0.621457 0.034268 0.125506
