1 0.304517 0.510121 0.023364 0.040486
1 0.845794 0.406883 0.021807 0.080972
1 0.095794 0.354251 0.018692 0.068826
1 0.592679 0.599190 0.010903 0.024291
0 0.690810 0.817814 0.037383 0.105263
1 0.108255 0.572874 0.015576 0.056680
1 0.199377 0.273279 0.015576 0.060729
0 0.302181 0.404858 0.028037 0.085020
0 0.126947 0.447368 0.010903 0.028340
0 0.522586 0.755061 0.054517 0.214575
0 0.214953 0.522267 0.031153 0.076923
1 0.851246 0.692308 0.052960 0.125506
1 0.788941 0.898785 0.063863 0.133603
0 0.866044 0.459514 0.010903 0.024291
0 0.863707 0.267206 0.040498 0.145749
0 0.278816 0.917004 0.029595 0.076923
0 0.233645 0.467611 0.014019 0.052632
1 0.729751 0.441296 0.020249 0.072874
1 0.628505 0.623482 0.048287 0.109312
0 0.627726 0.394737 0.035826 0.056680
1 0.218069 0.704453 0.024922 0.052632
1 0.731308 0.779352 0.032710 0.133603
1 0.161215 0.663968 0.017134 0.040486
1 0.064642 0.621457 0.031153 0.085020
1 0.352025 0.876518 0.023364 0.048583
1 0.232866 0.609312 0.026480 0.093117
1 0.340343 0.265182 0.073209 0.198381
1 0.784268 0.404858 0.014019 0.028340
1 0.809969 0.425101 0.014019 0.040486
0 0.474299 0.831984 0.070093 0.238866
1 0.353583 0.170040 0.037383 0.129555
0 0.777259 0.829960 0.020249 0.072874
1 0.424455 0.597166 0.054517 0.105263
