1 0.483645 0.692308 0.032710 0.085020
1 0.115265 0.767206 0.054517 0.157895
1 0.924455 0.437247 0.035826 0.093117
0 0.318536 0.795547 0.071651 0.149798
0 0.619938 0.904858 0.031153 0.085020
0 0.102804 0.544534 0.035826 0.072874
0 0.390966 0.182186 0.034268 0.085020
1 0.380841 0.453441 0.032710 0.060729
1 0.674455 0.287449 0.032710 0.105263
0 0.637850 0.862348 0.020249 0.048583
1 0.819315 0.170040 0.018692 0.052632
1 0.366044 0.293522 0.018692 0.028340
1 0.289720 0.309717 0.082555 0.218623
1 0.710280 0.356275 0.031153 0.097166
1 0.253894 0.668016 0.038941 0.076923
1 0.808411 0.506073 0.035826 0.097166
0 0.457165 0.809717 0.010903 0.028340
0 0.712617 0.170040 0.006231 0.016194
1 0.131620 0.704453 0.051402 0.157895
1 0.720405 0.896761 0.023364 0.056680
1 0.597352 0.659919 0.049844 0.093117
0 0.304517 0.923077 0.020249 0.048583
1 0.922897 0.360324 0.038941 0.157895
0 0.112928 0.872470 0.006231 0.036437
0 0.735981 0.212551 0.007788 0.020243
1 0.468069 0.388664 0.068536 0.149798
1 0.174455 0.417004 0.010903 0.024291
1 0.860592 0.655870 0.052960 0.121457
0 0.722741 0.617409 0.017134 0.048583
0 0.866822 0.117409 0.007788 0.016194
0 0.622274 0.493927 0.035826 0.068826
0 0.738318 0.803644 0.010903 0.024291
1 0.572430 0.558704 0.035826 0.101215
1 0.520249 0.757085 0.015576 0.032389
1 0.077103 0.799595 0.042056 0.109312
1 0.588785 0.908907 0.052960 0.113360
1 0.697819 0.973684 0.009346 0.020243
0 0.068536 0.688259 0.021807 0.052632
1 0.783489 0.580972 0.071651 0.117409
1 0.788162 0.753036 0.056075 0.141700
1 0.781153 0.848178 0.026480 0.044534
1 0.567757 0.388664 0.070093 0.186235
1 0.366822 0.787449 0.014019 0.040486
1 0.502336 0.180162 0.010903 0.028340
0 0.907321 0.848178 0.007788 0.020243
0 0.690810 0.425101 0.020249 0.036437
1 0.907321 0.165992 0.020249 0.048583
0 0.855919 0.823887 0.018692 0.068826
1 0.884735 0.684211 0.028037 0.137652
1 0.404206 0.939271 0.026480 0.072874
0 0.351246 0.544534 0.031153 0.076923
1 0.887850 0.746964 0.038941 0.080972
1 0.771807 0.396761 0.038941 0.085020
1 0.732866 0.453441 0.017134 0.068826
