1 0.151090 0.912955 0.056075 0.109312
0 0.866044 0.301619 0.020249 0.064777
1 0.742212 0.665992 0.045171 0.125506
0 0.360592 0.202429 0.035826 0.133603
1 0.742212 0.797571 0.043614 0.121457
1 0.728193 0.224696 0.038941 0.052632
0 0.086449 0.817814 0.004673 0.016194
1 0.425234 0.244939 0.057632 0.202429
1 0.639408 0.412955 0.082555 0.287449
1 0.839564 0.771255 0.090343 0.295547
0 0.189252 0.550607 0.020249 0.072874
1 0.886293 0.489879 0.029595 0.125506
0 0.387072 0.522267 0.034268 0.089069
1 0.545171 0.417004 0.068536 0.186235
0 0.258567 0.775304 0.035826 0.097166
0 0.690810 0.761134 0.062305 0.161943
1 0.714953 0.342105 0.017134 0.068826
1 0.838785 0.621457 0.056075 0.145749
1 0.522586 0.692308 0.042056 0.076923
1 0.661215 0.676113 0.048287 0.129555
1 0.810748 0.471660 0.015576 0.024291
1 0.493769 0.694332 0.034268 0.072874
0 0.337227 0.631579 0.010903 0.032389
1 0.141745 0.425101 0.026480 0.105263
0 0.217290 0.544534 0.056075 0.117409
1 0.454050 0.259109 0.043614 0.153846
0 0.358255 0.906883 0.035826 0.068826
0 0.176012 0.463563 0.012461 0.044534
1 0.641745 0.742915 0.014019 0.036437
1 0.215732 0.372470 0.059190 0.234818
0 0.602804 0.880567 0.057632 0.121457
0 0.068536 0.400810 0.009346 0.024291
0 0.105919 0.447368 0.028037 0.080972
1 0.397196 0.921053 0.043614 0.109312
1 0.059190 0.417004 0.018692 0.052632
1 0.292056 0.874494 0.024922 0.085020
