0 0.155763 0.421053 0.049844 0.137652
0 0.186916 0.781377 0.087227 0.267206
1 0.759346 0.645749 0.028037 0.089069
1 0.809190 0.738866 0.012461 0.032389
1 0.808411 0.564777 0.063863 0.178138
0 0.662773 0.779352 0.014019 0.036437
1 0.771028 0.327935 0.017134 0.036437
1 0.243769 0.495951 0.057632 0.165992
1 0.186137 0.516194 0.018692 0.044534
0 0.535047 0.627530 0.046729 0.133603
1 0.288162 0.601215 0.091900 0.206478
0 0.531153 0.785425 0.021807 0.060729
0 0.580997 0.755061 0.021807 0.052632
1 0.245327 0.850202 0.070093 0.137652
1 0.545950 0.714575 0.066978 0.121457
1 0.180685 0.633603 0.066978 0.190283
1 0.901869 0.736842 0.003115 0.008097
0 0.754673 0.933198 0.038941 0.089069
0 0.066199 0.289474 0.007788 0.020243
1 0.240654 0.248988 0.004673 0.020243
1 0.365265 0.463563 0.026480 0.052632
1 0.834891 0.670040 0.028037 0.085020
0 0.935358 0.751012 0.024922 0.068826
1 0.687695 0.321862 0.071651 0.214575
1 0.437695 0.502024 0.012461 0.036437
0 0.327882 0.929150 0.020249 0.044534
1 0.354361 0.775304 0.031153 0.060729
1 0.912773 0.655870 0.006231 0.016194
1 0.707944 0.419028 0.066978 0.161943
0 0.727414 0.301619 0.012461 0.036437
1 0.841121 0.886640 0.015576 0.048583
1 0.745327 0.443320 0.052960 0.113360
0 0.454050 0.663968 0.023364 0.056680
0 0.439252 0.323887 0.028037 0.056680
1 0.106698 0.230769 0.051402 0.093117
1 0.149533 0.971660 0.006231 0.016194
0 0.315421 0.412955 0.015576 0.040486
0 0.798287 0.682186 0.010903 0.036437
0 0.185358 0.943320 0.021807 0.024291
0 0.658879 0.558704 0.060748 0.153846
1 0.427570 0.751012 0.020249 0.052632
1 0.572430 0.601215 0.014019 0.052632
