0 0.123832 0.451417 0.007788 0.020243
0 0.184579 0.253036 0.029595 0.072874
0 0.494548 0.230769 0.063863 0.121457
0 0.225857 0.880567 0.021807 0.064777
0 0.316199 0.210526 0.009346 0.024291
0 0.478193 0.291498 0.017134 0.044534
0 0.219626 0.578947 0.014019 0.040486
1 0.508567 0.706478 0.046729 0.178138
1 0.286604 0.748988 0.035826 0.085020
1 0.736760 0.275304 0.054517 0.194332
1 0.228972 0.275304 0.012461 0.028340
0 0.909657 0.815789 0.021807 0.052632
1 0.087227 0.789474 0.009346 0.024291
0 0.186137 0.155870 0.007788 0.020243
1 0.115265 0.668016 0.054517 0.133603
0 0.129283 0.910931 0.029595 0.109312
0 0.306075 0.364372 0.020249 0.040486
1 0.163551 0.388664 0.032710 0.101215
0 0.359034 0.477733 0.045171 0.101215
1 0.575545 0.512146 0.137072 0.299595
0 0.451713 0.508097 0.119938 0.331984
1 0.212617 0.192308 0.029595 0.125506
1 0.579439 0.354251 0.032710 0.129555
0 0.200156 0.502024 0.012461 0.040486
1 0.898754 0.251012 0.026480 0.064777
1 0.104361 0.202429 0.063863 0.157895
0 0.707165 0.878543 0.043614 0.157895
1 0.584891 0.783401 0.037383 0.105263
1 0.844237 0.813765 0.035826 0.072874
1 0.364486 0.746964 0.012461 0.028340
0 0.682243 0.485830 0.038941 0.109312
1 0.861371 0.574899 0.014019 0.048583
0 0.388629 0.821862 0.017134 0.044534
0 0.135514 0.218623 0.060748 0.165992
1 0.927570 0.799595 0.014019 0.020243
1 0.259346 0.522267 0.010903 0.024291
0 0.201713 0.368421 0.014019 0.048583
1 0.495327 0.813765 0.048287 0.109312
1 0.535047 0.307692 0.056075 0.222672
1 0.899533 0.283401 0.023364 0.064777
1 0.532710 0.900810 0.017134 0.064777
1 0.817757 0.261134 0.054517 0.117409
1 0.208723 0.906883 0.018692 0.028340
1 0.894081 0.338057 0.038941 0.109312
