0 0.150312 0.663968 0.020249 0.048583
1 0.370717 0.163968 0.009346 0.044534
0 0.227414 0.485830 0.018692 0.044534
0 0.302960 0.572874 0.017134 0.040486
1 0.619938 0.145749 0.028037 0.072874
1 0.109034 0.516194 0.028037 0.072874
1 0.246106 0.473684 0.006231 0.016194
1 0.832555 0.866397 0.056075 0.194332
0 0.176791 0.817814 0.007788 0.028340
1 0.133956 0.876518 0.028037 0.072874
0 0.217290 0.518219 0.021807 0.044534
1 0.810748 0.613360 0.023364 0.056680
1 0.663551 0.929150 0.026480 0.048583
1 0.461059 0.137652 0.012461 0.028340
1 0.200156 0.580972 0.014019 0.040486
1 0.295950 0.291498 0.051402 0.105263
1 0.257788 0.813765 0.062305 0.210526
1 0.819315 0.251012 0.045171 0.165992
1 0.893302 0.417004 0.012461 0.032389
0 0.782710 0.823887 0.017134 0.040486
1 0.781153 0.888664 0.021807 0.056680
0 0.714174 0.574899 0.063863 0.113360
0 0.894860 0.230769 0.026480 0.056680
1 0.735202 0.451417 0.031153 0.060729
1 0.464174 0.240891 0.031153 0.072874
0 0.557632 0.558704 0.043614 0.105263
0 0.147975 0.919028 0.010903 0.040486
1 0.369159 0.706478 0.040498 0.137652
1 0.728972 0.886640 0.021807 0.060729
1 0.566978 0.172065 0.020249 0.052632
1 0.099688 0.558704 0.020249 0.048583
1 0.502336 0.419028 0.015576 0.024291
1 0.867601 0.805668 0.023364 0.056680
0 0.582555 0.795547 0.056075 0.109312
1 0.945483 0.524291 0.023364 0.060729
1 0.204829 0.200405 0.023364 0.052632
0 0.316199 0.757085 0.042056 0.101215
0 0.872274 0.850202 0.006231 0.016194
