1 0.710280 0.631579 0.026480 0.085020
1 0.288941 0.281377 0.020249 0.052632
1 0.675234 0.876518 0.029595 0.080972
1 0.471963 0.382591 0.040498 0.072874
1 0.843458 0.307692 0.032710 0.145749
1 0.745327 0.242915 0.021807 0.056680
0 0.261682 0.475709 0.034268 0.072874
0 0.197819 0.479757 0.021807 0.048583
1 0.588785 0.585020 0.048287 0.113360
0 0.885514 0.963563 0.021807 0.044534
1 0.793614 0.334008 0.087227 0.218623
1 0.319315 0.910931 0.006231 0.024291
1 0.509346 0.358300 0.010903 0.036437
1 0.656542 0.742915 0.073209 0.153846
1 0.226636 0.350202 0.038941 0.129555
1 0.257009 0.627530 0.028037 0.076923
1 0.485981 0.301619 0.031153 0.052632
1 0.606698 0.937247 0.014019 0.028340
1 0.691589 0.542510 0.038941 0.113360
1 0.725857 0.536437 0.038941 0.121457
0 0.487539 0.967611 0.012461 0.032389
0 0.242991 0.785425 0.028037 0.080972
1 0.142523 0.421053 0.066978 0.202429
1 0.404206 0.629555 0.026480 0.048583
1 0.531153 0.933198 0.021807 0.056680
1 0.062305 0.392713 0.043614 0.089069
1 0.455607 0.599190 0.028037 0.060729
1 0.651869 0.287449 0.051402 0.165992
1 0.287383 0.552632 0.020249 0.036437
1 0.348131 0.506073 0.031153 0.089069
1 0.922897 0.196356 0.023364 0.056680
1 0.133178 0.599190 0.035826 0.056680
1 0.202492 0.817814 0.035826 0.161943
0 0.578660 0.884615 0.037383 0.085020
1 0.537383 0.417004 0.010903 0.016194
1 0.449377 0.356275 0.038941 0.117409
1 0.171340 0.706478 0.029595 0.101215
0 0.436916 0.763158 0.087227 0.238866
0 0.754673 0.957490 0.017134 0.044534
