0 0.952492 0.884615 0.012461 0.036437
0 0.817757 0.619433 0.032710 0.068826
0 0.783489 0.489879 0.021807 0.048583
1 0.284268 0.299595 0.040498 0.085020
1 0.503115 0.366397 0.007788 0.024291
1 0.854361 0.378543 0.010903 0.016194
1 0.523364 0.831984 0.040498 0.137652
1 0.466511 0.516194 0.056075 0.109312
1 0.537383 0.338057 0.018692 0.064777
1 0.045171 0.831984 0.012461 0.024291
1 0.408879 0.734818 0.032710 0.101215
1 0.335670 0.520243 0.020249 0.097166
1 0.687695 0.222672 0.065421 0.161943
1 0.823988 0.334008 0.031153 0.080972
1 0.679128 0.888664 0.049844 0.105263
1 0.264019 0.522267 0.037383 0.097166
0 0.447819 0.613360 0.017134 0.036437
1 0.437695 0.793522 0.029595 0.068826
1 0.149533 0.327935 0.074766 0.174089
1 0.807632 0.850202 0.024922 0.064777
1 0.544393 0.726721 0.048287 0.113360
1 0.191589 0.431174 0.049844 0.085020
0 0.910436 0.255061 0.015576 0.040486
1 0.857477 0.234818 0.035826 0.105263
0 0.383956 0.809717 0.029595 0.125506
0 0.305296 0.848178 0.066978 0.202429
1 0.140187 0.516194 0.049844 0.190283
1 0.644081 0.287449 0.007788 0.028340
0 0.787383 0.627530 0.042056 0.133603
0 0.753894 0.457490 0.006231 0.016194
1 0.325545 0.643725 0.052960 0.186235
