0 0.654984 0.732794 0.020249 0.060729
0 0.697040 0.862348 0.018692 0.052632
0 0.315421 0.390688 0.023364 0.080972
1 0.542835 0.722672 0.046729 0.076923
1 0.538162 0.364372 0.046729 0.174089
1 0.748442 0.329960 0.015576 0.048583
1 0.146417 0.797571 0.095016 0.238866
1 0.069315 0.485830 0.031153 0.048583
1 0.164330 0.410931 0.046729 0.109312
1 0.189252 0.214575 0.076324 0.133603
1 0.685358 0.722672 0.037383 0.121457
0 0.814642 0.870445 0.015576 0.044534
1 0.429907 0.271255 0.009346 0.024291
0 0.895639 0.726721 0.062305 0.157895
1 0.494548 0.898785 0.042056 0.072874
1 0.187695 0.568826 0.043614 0.093117
1 0.211838 0.344130 0.052960 0.089069
1 0.414330 0.564777 0.028037 0.056680
0 0.892523 0.184211 0.046729 0.157895
1 0.220405 0.431174 0.014019 0.032389
0 0.378505 0.856275 0.054517 0.137652
0 0.492212 0.560729 0.032710 0.141700
1 0.581776 0.394737 0.015576 0.056680
0 0.288162 0.307692 0.023364 0.040486
0 0.855919 0.212551 0.048287 0.165992
1 0.558411 0.625506 0.020249 0.076923
0 0.433801 0.394737 0.021807 0.048583
0 0.232087 0.591093 0.023364 0.056680
0 0.457165 0.570850 0.006231 0.012146
1 0.790498 0.366397 0.026480 0.068826
1 0.622274 0.815789 0.043614 0.117409
1 0.514019 0.607287 0.042056 0.141700
0 0.665109 0.504049 0.017134 0.052632
1 0.749221 0.785425 0.054517 0.182186
1 0.614486 0.447368 0.020249 0.080972
0 0.374611 0.163968 0.026480 0.072874
1 0.817757 0.210526 0.015576 0.036437
1 0.595016 0.870445 0.014019 0.048583
1 0.396417 0.198381 0.014019 0.028340
0 0.625389 0.516194 0.034268 0.105263
1 0.452492 0.309717 0.007788 0.028340
