0 0.834112 0.902834 0.032710 0.068826
1 0.364486 0.214575 0.031153 0.060729
1 0.538941 0.580972 0.032710 0.101215
1 0.535826 0.392713 0.006231 0.012146
0 0.204050 0.259109 0.035826 0.097166
1 0.292835 0.471660 0.040498 0.097166
1 0.482087 0.244939 0.057632 0.157895
0 0.517134 0.325911 0.017134 0.052632
0 0.260903 0.471660 0.038941 0.125506
1 0.726636 0.317814 0.017134 0.028340
1 0.909657 0.947368 0.009346 0.024291
0 0.421340 0.836032 0.028037 0.080972
1 0.368380 0.912955 0.017134 0.044534
0 0.815421 0.836032 0.023364 0.056680
0 0.422118 0.502024 0.015576 0.040486
0 0.330218 0.684211 0.035826 0.093117
1 0.835670 0.417004 0.054517 0.210526
0 0.536604 0.455466 0.035826 0.089069
1 0.732087 0.520243 0.071651 0.222672
1 0.446262 0.840081 0.004673 0.020243
0 0.696262 0.182186 0.040498 0.113360
1 0.797508 0.530364 0.051402 0.097166
1 0.183801 0.508097 0.046729 0.161943
1 0.175234 0.244939 0.034268 0.125506
1 0.630841 0.607287 0.035826 0.072874
0 0.085670 0.720648 0.007788 0.024291
1 0.774143 0.884615 0.063863 0.165992
1 0.625389 0.856275 0.023364 0.056680
1 0.916667 0.900810 0.014019 0.036437
1 0.263240 0.777328 0.070093 0.117409
1 0.674455 0.295547 0.021807 0.060729
0 0.570093 0.493927 0.012461 0.032389
1 0.334112 0.591093 0.021807 0.060729
