1 0.466511 0.500000 0.077882 0.210526
1 0.850467 0.516194 0.017134 0.040486
1 0.297508 0.463563 0.049844 0.230769
0 0.267913 0.864372 0.012461 0.036437
1 0.326324 0.716599 0.023364 0.052632
1 0.630062 0.637652 0.045171 0.267206
1 0.531153 0.601215 0.062305 0.133603
1 0.242212 0.585020 0.051402 0.113360
1 0.454050 0.141700 0.010903 0.032389
1 0.388629 0.414980 0.043614 0.117409
1 0.588006 0.236842 0.034268 0.080972
1 0.261682 0.378543 0.045171 0.097166
0 0.421340 0.967611 0.020249 0.040486
1 0.742991 0.805668 0.032710 0.068826
1 0.681464 0.299595 0.020249 0.089069
0 0.543614 0.236842 0.034268 0.085020
0 0.869938 0.410931 0.026480 0.105263
1 0.905763 0.425101 0.003115 0.016194
1 0.880841 0.214575 0.010903 0.024291
1 0.126947 0.153846 0.032710 0.097166
0 0.873053 0.700405 0.071651 0.149798
1 0.684579 0.779352 0.037383 0.101215
0 0.838785 0.265182 0.056075 0.133603
0 0.359813 0.400810 0.006231 0.016194
1 0.203271 0.564777 0.032710 0.072874
1 0.500779 0.251012 0.060748 0.145749
1 0.336449 0.678138 0.021807 0.044534
0 0.125389 0.394737 0.070093 0.198381
1 0.148754 0.137652 0.032710 0.060729
0 0.627726 0.425101 0.035826 0.076923
0 0.537383 0.196356 0.023364 0.056680
1 0.306854 0.870445 0.042056 0.129555
1 0.099688 0.269231 0.010903 0.036437
1 0.110592 0.508097 0.066978 0.182186
1 0.139408 0.647773 0.074766 0.190283
0 0.166667 0.348178 0.038941 0.093117
1 0.070093 0.668016 0.020249 0.129555
1 0.450156 0.186235 0.006231 0.016194
0 0.488318 0.406883 0.052960 0.133603
