1 0.517913 0.269231 0.018692 0.068826
0 0.638629 0.176113 0.010903 0.028340
0 0.119938 0.329960 0.042056 0.089069
0 0.313863 0.412955 0.026480 0.068826
0 0.621495 0.959514 0.009346 0.024291
1 0.782710 0.825911 0.014019 0.032389
1 0.167445 0.188259 0.012461 0.020243
1 0.842679 0.344130 0.021807 0.097166
1 0.717290 0.961538 0.009346 0.020243
0 0.401090 0.273279 0.015576 0.036437
1 0.693925 0.289474 0.034268 0.056680
0 0.689252 0.661943 0.031153 0.101215
1 0.541277 0.977733 0.010903 0.024291
1 0.819315 0.902834 0.009346 0.020243
0 0.089564 0.641700 0.043614 0.129555
1 0.344237 0.775304 0.112150 0.206478
0 0.417445 0.641700 0.032710 0.089069
1 0.704829 0.257085 0.024922 0.076923
1 0.728972 0.451417 0.034268 0.105263
1 0.809969 0.463563 0.043614 0.080972
1 0.581776 0.785425 0.063863 0.234818
1 0.834891 0.777328 0.028037 0.056680
0 0.462617 0.834008 0.006231 0.016194
1 0.505452 0.344130 0.017134 0.044534
1 0.778037 0.477733 0.052960 0.101215
0 0.528816 0.493927 0.038941 0.097166
1 0.260903 0.360324 0.104361 0.323887
1 0.873053 0.161943 0.015576 0.080972
0 0.591900 0.497976 0.024922 0.093117
1 0.633956 0.372470 0.021807 0.048583
1 0.936916 0.331984 0.035826 0.072874
0 0.885514 0.649798 0.042056 0.085020
1 0.104361 0.775304 0.015576 0.036437
