1 0.750000 0.908907 0.034268 0.101215
1 0.157321 0.303644 0.063863 0.129555
1 0.135514 0.356275 0.059190 0.202429
0 0.508567 0.145749 0.015576 0.048583
1 0.741433 0.255061 0.006231 0.016194
1 0.668224 0.576923 0.015576 0.028340
0 0.113707 0.935223 0.031153 0.068826
0 0.542835 0.840081 0.014019 0.028340
1 0.426012 0.801619 0.031153 0.080972
1 0.871495 0.761134 0.074766 0.206478
1 0.530374 0.346154 0.043614 0.174089
0 0.240654 0.825911 0.006231 0.020243
1 0.325545 0.485830 0.023364 0.060729
1 0.127726 0.615385 0.043614 0.113360
1 0.901090 0.546559 0.014019 0.040486
1 0.087227 0.352227 0.056075 0.129555
1 0.459502 0.552632 0.015576 0.032389
1 0.869938 0.194332 0.034268 0.068826
1 0.394081 0.319838 0.023364 0.044534
0 0.249221 0.678138 0.049844 0.113360
1 0.252336 0.894737 0.006231 0.032389
1 0.462617 0.900810 0.018692 0.076923
1 0.952492 0.688259 0.017134 0.032389
1 0.793614 0.334008 0.074766 0.222672
1 0.269470 0.186235 0.009346 0.024291
0 0.133178 0.935223 0.017134 0.032389
0 0.062305 0.917004 0.012461 0.028340
0 0.934579 0.797571 0.040498 0.080972
0 0.147975 0.657895 0.029595 0.072874
1 0.334891 0.925101 0.045171 0.093117
0 0.466511 0.878543 0.032710 0.080972
1 0.676791 0.236842 0.017134 0.052632
1 0.707944 0.678138 0.017134 0.040486
1 0.728193 0.807692 0.057632 0.117409
0 0.498442 0.914980 0.012461 0.032389
1 0.168224 0.534413 0.010903 0.048583
1 0.282710 0.659919 0.024922 0.052632
1 0.700935 0.161943 0.046729 0.125506
1 0.688474 0.570850 0.021807 0.080972
1 0.092679 0.937247 0.014019 0.048583
