1 0.697040 0.410931 0.052960 0.218623
0 0.454050 0.892713 0.049844 0.165992
1 0.521028 0.566802 0.014019 0.056680
1 0.672897 0.514170 0.032710 0.097166
1 0.711059 0.289474 0.021807 0.060729
0 0.439252 0.692308 0.007788 0.024291
1 0.200935 0.560729 0.066978 0.194332
1 0.805296 0.334008 0.040498 0.125506
1 0.261682 0.615385 0.063863 0.198381
0 0.696262 0.562753 0.029595 0.093117
1 0.619159 0.457490 0.035826 0.089069
1 0.380062 0.362348 0.018692 0.044534
0 0.400312 0.805668 0.020249 0.072874
1 0.777259 0.757085 0.093458 0.360324
1 0.630841 0.801619 0.034268 0.060729
1 0.091121 0.643725 0.014019 0.032389
1 0.926791 0.566802 0.045171 0.101215
1 0.940031 0.190283 0.042056 0.093117
0 0.058411 0.338057 0.021807 0.052632
1 0.637072 0.285425 0.031153 0.080972
1 0.686916 0.870445 0.032710 0.080972
1 0.496106 0.435223 0.059190 0.214575
1 0.563084 0.718623 0.084112 0.222672
0 0.387072 0.945344 0.014019 0.036437
0 0.924455 0.485830 0.010903 0.028340
1 0.578660 0.906883 0.017134 0.044534
1 0.114486 0.386640 0.068536 0.186235
0 0.199377 0.311741 0.009346 0.032389
1 0.607477 0.198381 0.010903 0.032389
1 0.285826 0.441296 0.062305 0.137652
1 0.787383 0.188259 0.054517 0.113360
0 0.667445 0.564777 0.035826 0.105263
1 0.252336 0.457490 0.020249 0.068826
0 0.507788 0.572874 0.021807 0.060729
1 0.329439 0.823887 0.042056 0.137652
0 0.620717 0.929150 0.017134 0.036437
1 0.370717 0.222672 0.048287 0.133603
1 0.760903 0.325911 0.060748 0.170040
0 0.156542 0.708502 0.015576 0.044534
1 0.471184 0.795547 0.004673 0.012146
1 0.709502 0.716599 0.062305 0.153846
1 0.355919 0.684211 0.021807 0.060729
1 0.494548 0.338057 0.043614 0.190283
0 0.515576 0.196356 0.043614 0.109312
0 0.179128 0.392713 0.024922 0.040486
1 0.313084 0.939271 0.014019 0.032389
1 0.727414 0.965587 0.009346 0.020243
