1 0.248442 0.751012 0.010903 0.036437
1 0.232866 0.659919 0.048287 0.141700
1 0.834112 0.821862 0.079439 0.226721
1 0.439252 0.724696 0.012461 0.048583
1 0.137850 0.457490 0.062305 0.251012
1 0.541277 0.380567 0.014019 0.032389
0 0.716511 0.884615 0.073209 0.145749
1 0.168224 0.261134 0.105919 0.210526
1 0.720405 0.698381 0.021807 0.093117
0 0.341900 0.299595 0.012461 0.044534
0 0.760903 0.291498 0.054517 0.145749
1 0.452492 0.220648 0.071651 0.178138
0 0.101246 0.712551 0.029595 0.072874
0 0.406542 0.789474 0.023364 0.052632
0 0.626168 0.587045 0.024922 0.068826
1 0.898754 0.937247 0.046729 0.085020
0 0.775701 0.317814 0.046729 0.149798
0 0.704050 0.218623 0.012461 0.024291
0 0.134735 0.888664 0.056075 0.125506
0 0.510903 0.894737 0.024922 0.056680
1 0.933801 0.645749 0.007788 0.028340
1 0.597352 0.821862 0.024922 0.060729
0 0.364486 0.947368 0.020249 0.064777
0 0.681464 0.238866 0.018692 0.044534
1 0.908879 0.854251 0.042056 0.089069
0 0.862928 0.497976 0.029595 0.085020
0 0.514798 0.742915 0.079439 0.170040
0 0.385514 0.263158 0.054517 0.121457
1 0.464174 0.431174 0.023364 0.044534
1 0.795950 0.457490 0.034268 0.097166
0 0.602804 0.811741 0.018692 0.048583
