1 0.108255 0.325911 0.017134 0.036437
1 0.098910 0.884615 0.017134 0.064777
1 0.227414 0.467611 0.087227 0.218623
1 0.672897 0.279352 0.046729 0.076923
1 0.777259 0.635628 0.020249 0.064777
1 0.470405 0.230769 0.032710 0.072874
0 0.740654 0.240891 0.034268 0.076923
0 0.238318 0.208502 0.006231 0.020243
0 0.500779 0.435223 0.010903 0.020243
0 0.080218 0.848178 0.028037 0.068826
1 0.856698 0.236842 0.073209 0.251012
1 0.699377 0.477733 0.045171 0.109312
1 0.084112 0.204453 0.042056 0.153846
1 0.225078 0.678138 0.024922 0.105263
1 0.383956 0.510121 0.082555 0.246964
1 0.475857 0.702429 0.035826 0.105263
1 0.619159 0.299595 0.021807 0.044534
1 0.809190 0.858300 0.021807 0.068826
0 0.884735 0.467611 0.018692 0.048583
0 0.323209 0.738866 0.007788 0.016194
0 0.734424 0.147773 0.015576 0.036437
1 0.239097 0.338057 0.042056 0.137652
1 0.332555 0.817814 0.012461 0.064777
1 0.313084 0.455466 0.056075 0.097166
0 0.911215 0.408907 0.012461 0.040486
1 0.179907 0.236842 0.049844 0.129555
1 0.688474 0.672065 0.018692 0.036437
1 0.356698 0.925101 0.018692 0.056680
0 0.877726 0.398785 0.020249 0.048583
0 0.661994 0.548583 0.082555 0.178138
