1 0.819315 0.613360 0.037383 0.072874
1 0.558411 0.712551 0.017134 0.048583
1 0.057632 0.453441 0.009346 0.036437
1 0.468069 0.155870 0.018692 0.060729
0 0.169782 0.467611 0.023364 0.085020
0 0.426012 0.542510 0.054517 0.161943
1 0.422897 0.194332 0.034268 0.089069
1 0.290498 0.443320 0.048287 0.093117
1 0.440031 0.781377 0.057632 0.149798
0 0.741433 0.465587 0.020249 0.056680
1 0.080997 0.115385 0.009346 0.020243
0 0.924455 0.534413 0.048287 0.137652
0 0.827103 0.775304 0.012461 0.036437
0 0.224299 0.678138 0.121495 0.291498
1 0.309969 0.587045 0.077882 0.121457
1 0.819315 0.661943 0.012461 0.024291
1 0.499221 0.651822 0.009346 0.040486
1 0.367601 0.113360 0.006231 0.016194
1 0.918224 0.451417 0.014019 0.028340
1 0.432243 0.657895 0.040498 0.089069
0 0.146417 0.129555 0.007788 0.016194
0 0.626947 0.838057 0.038941 0.101215
0 0.895639 0.212551 0.029595 0.101215
1 0.457944 0.417004 0.018692 0.032389
1 0.675234 0.556680 0.024922 0.064777
1 0.655763 0.246964 0.054517 0.137652
1 0.419003 0.242915 0.038941 0.080972
0 0.201713 0.125506 0.021807 0.048583
0 0.380841 0.145749 0.015576 0.036437
0 0.352804 0.344130 0.009346 0.040486
1 0.285047 0.700405 0.021807 0.048583
1 0.318536 0.906883 0.026480 0.072874
0 0.526480 0.872470 0.032710 0.137652
0 0.757788 0.514170 0.007788 0.024291
1 0.145639 0.176113 0.020249 0.056680
1 0.394860 0.287449 0.017134 0.032389
0 0.088006 0.137652 0.012461 0.032389
1 0.536604 0.813765 0.018692 0.085020
1 0.646417 0.732794 0.095016 0.198381
1 0.657321 0.319838 0.034268 0.137652
0 0.154984 0.210526 0.014019 0.036437
1 0.850467 0.876518 0.043614 0.076923
0 0.817757 0.846154 0.042056 0.105263
