0 0.458723 0.329960 0.037383 0.097166
0 0.692368 0.165992 0.029595 0.089069
1 0.242991 0.763158 0.026480 0.048583
0 0.800623 0.672065 0.012461 0.044534
1 0.751558 0.546559 0.045171 0.129555
0 0.894860 0.929150 0.035826 0.080972
0 0.449377 0.613360 0.035826 0.064777
1 0.345794 0.479757 0.021807 0.072874
1 0.759346 0.336032 0.060748 0.170040
1 0.216511 0.653846 0.006231 0.028340
1 0.228972 0.315789 0.007788 0.032389
1 0.535047 0.726721 0.026480 0.085020
0 0.591121 0.129555 0.023364 0.056680
0 0.877726 0.382591 0.015576 0.052632
0 0.327103 0.186235 0.015576 0.040486
1 0.385514 0.769231 0.021807 0.064777
1 0.756231 0.615385 0.052960 0.182186
1 0.489097 0.113360 0.009346 0.028340
0 0.581776 0.682186 0.021807 0.080972
0 0.559969 0.651822 0.014019 0.060729
1 0.515576 0.613360 0.054517 0.133603
0 0.323988 0.663968 0.012461 0.048583
0 0.193146 0.338057 0.034268 0.117409
0 0.958723 0.129555 0.010903 0.040486
1 0.617601 0.698381 0.028037 0.052632
1 0.385514 0.500000 0.023364 0.040486
1 0.841900 0.556680 0.028037 0.089069
1 0.303738 0.706478 0.035826 0.076923
1 0.271028 0.200405 0.045171 0.149798
1 0.559969 0.261134 0.004673 0.020243
0 0.117601 0.923077 0.014019 0.032389
0 0.502336 0.400810 0.063863 0.145749
0 0.416667 0.182186 0.046729 0.137652
0 0.343458 0.793522 0.026480 0.036437
0 0.822430 0.370445 0.026480 0.072874
1 0.320872 0.902834 0.015576 0.048583
0 0.907321 0.297571 0.020249 0.068826
1 0.637072 0.925101 0.038941 0.117409
1 0.697040 0.769231 0.018692 0.048583
0 0.474299 0.629555 0.035826 0.137652
1 0.386293 0.700405 0.074766 0.101215
0 0.806075 0.921053 0.038941 0.121457
0 0.064642 0.759109 0.029595 0.052632
1 0.598131 0.240891 0.046729 0.105263
0 0.768692 0.791498 0.017134 0.060729
1 0.177570 0.831984 0.059190 0.141700
1 0.088006 0.414980 0.034268 0.085020
1 0.924455 0.481781 0.043614 0.117409
1 0.659657 0.172065 0.021807 0.060729
1 0.126168 0.570850 0.021807 0.036437
0 0.633956 0.459514 0.037383 0.072874
1 0.107477 0.979757 0.007788 0.024291
0 0.911215 0.846154 0.026480 0.064777
1 0.683801 0.319838 0.032710 0.109312
1 0.089564 0.639676 0.026480 0.056680
0 0.793614 0.485830 0.014019 0.028340
0 0.348131 0.238866 0.020249 0.048583
