1 0.125389 0.301619 0.068536 0.214575
1 0.729751 0.576923 0.054517 0.101215
1 0.111371 0.785425 0.059190 0.133603
0 0.332555 0.912955 0.007788 0.020243
1 0.464174 0.502024 0.032710 0.068826
1 0.519470 0.356275 0.037383 0.085020
0 0.787383 0.546559 0.035826 0.117409
1 0.315421 0.453441 0.010903 0.032389
1 0.319315 0.319838 0.018692 0.048583
0 0.802181 0.380567 0.012461 0.032389
1 0.595794 0.198381 0.060748 0.149798
0 0.153427 0.704453 0.038941 0.117409
0 0.462617 0.882591 0.024922 0.060729
0 0.806075 0.730769 0.014019 0.032389
1 0.111371 0.473684 0.017134 0.040486
1 0.664330 0.643725 0.063863 0.214575
0 0.813863 0.360324 0.018692 0.056680
1 0.470405 0.661943 0.059190 0.129555
1 0.654984 0.542510 0.070093 0.161943
1 0.849688 0.813765 0.040498 0.068826
1 0.880062 0.836032 0.007788 0.028340
0 0.338006 0.273279 0.045171 0.101215
1 0.300623 0.898785 0.009346 0.016194
1 0.245327 0.823887 0.023364 0.056680
0 0.770249 0.471660 0.029595 0.085020
1 0.680685 0.299595 0.045171 0.121457
1 0.289720 0.417004 0.009346 0.024291
1 0.061526 0.653846 0.010903 0.028340
1 0.190810 0.846154 0.056075 0.145749
1 0.274143 0.904858 0.040498 0.093117
