1 0.565421 0.372470 0.012461 0.024291
1 0.387850 0.281377 0.046729 0.174089
1 0.926791 0.451417 0.012461 0.036437
1 0.441589 0.283401 0.026480 0.101215
1 0.190031 0.289474 0.032710 0.105263
1 0.580218 0.447368 0.031153 0.105263
1 0.312305 0.190283 0.026480 0.060729
0 0.725857 0.218623 0.018692 0.044534
0 0.859034 0.566802 0.024922 0.101215
1 0.685358 0.165992 0.009346 0.020243
0 0.294393 0.437247 0.015576 0.040486
1 0.064642 0.346154 0.024922 0.060729
1 0.389408 0.791498 0.023364 0.064777
0 0.605919 0.192308 0.029595 0.072874
0 0.123053 0.566802 0.031153 0.080972
1 0.471963 0.643725 0.012461 0.032389
1 0.630841 0.174089 0.023364 0.068826
0 0.426791 0.603239 0.059190 0.157895
1 0.718069 0.319838 0.017134 0.048583
1 0.831776 0.779352 0.043614 0.068826
1 0.908879 0.568826 0.017134 0.032389
0 0.257788 0.445344 0.009346 0.024291
1 0.875389 0.540486 0.052960 0.113360
1 0.375389 0.686235 0.038941 0.105263
1 0.334891 0.821862 0.051402 0.186235
1 0.288162 0.718623 0.032710 0.165992
1 0.517913 0.502024 0.026480 0.052632
0 0.924455 0.732794 0.014019 0.040486
1 0.602025 0.795547 0.024922 0.072874
1 0.414330 0.927126 0.015576 0.032389
1 0.619159 0.204453 0.017134 0.072874
1 0.453271 0.400810 0.009346 0.032389
0 0.718069 0.870445 0.045171 0.101215
0 0.762461 0.582996 0.014019 0.032389
1 0.136293 0.259109 0.085670 0.194332
0 0.666667 0.688259 0.042056 0.085020
1 0.086449 0.473684 0.026480 0.105263
0 0.690031 0.198381 0.012461 0.028340
1 0.249221 0.311741 0.032710 0.080972
1 0.521807 0.692308 0.009346 0.024291
1 0.146417 0.649798 0.015576 0.044534
1 0.369159 0.481781 0.042056 0.145749
1 0.236760 0.542510 0.048287 0.105263
0 0.606698 0.273279 0.018692 0.052632
1 0.189252 0.599190 0.032710 0.093117
1 0.323209 0.657895 0.029595 0.089069
0 0.718069 0.655870 0.018692 0.032389
0 0.472741 0.771255 0.009346 0.028340
1 0.452492 0.170040 0.021807 0.072874
