1 0.909657 0.742915 0.018692 0.056680
1 0.215732 0.429150 0.034268 0.089069
1 0.052181 0.568826 0.021807 0.040486
1 0.605140 0.168016 0.024922 0.080972
1 0.712617 0.220648 0.040498 0.068826
1 0.204829 0.338057 0.034268 0.149798
1 0.304517 0.848178 0.060748 0.198381
0 0.482087 0.615385 0.024922 0.105263
1 0.716511 0.862348 0.031153 0.052632
0 0.674455 0.441296 0.026480 0.072874
1 0.329439 0.684211 0.073209 0.145749
1 0.449377 0.690283 0.065421 0.186235
0 0.823209 0.601215 0.054517 0.109312
1 0.847352 0.376518 0.028037 0.068826
1 0.903427 0.775304 0.021807 0.052632
0 0.579439 0.388664 0.060748 0.141700
1 0.841121 0.315789 0.015576 0.044534
1 0.397975 0.550607 0.051402 0.157895
0 0.721184 0.815789 0.009346 0.028340
1 0.354361 0.874494 0.060748 0.178138
1 0.454050 0.299595 0.115265 0.311741
1 0.922118 0.251012 0.009346 0.024291
1 0.816978 0.769231 0.020249 0.040486
1 0.362150 0.429150 0.046729 0.210526
0 0.787383 0.354251 0.010903 0.028340
0 0.731308 0.451417 0.038941 0.101215
0 0.681464 0.208502 0.056075 0.137652
1 0.283489 0.558704 0.015576 0.048583
0 0.384735 0.698381 0.010903 0.036437
0 0.109813 0.489879 0.048287 0.125506
1 0.729751 0.287449 0.028037 0.105263
1 0.124611 0.862348 0.020249 0.052632
1 0.755452 0.305668 0.023364 0.125506
1 0.637072 0.927126 0.009346 0.024291
1 0.510903 0.923077 0.040498 0.125506
0 0.312305 0.303644 0.063863 0.157895
1 0.943146 0.755061 0.034268 0.085020
0 0.591900 0.829960 0.034268 0.085020
1 0.813084 0.732794 0.021807 0.068826
0 0.549844 0.512146 0.051402 0.121457
0 0.324766 0.196356 0.026480 0.068826
1 0.741433 0.854251 0.012461 0.028340
0 0.273364 0.645749 0.035826 0.121457
1 0.896417 0.898785 0.014019 0.036437
1 0.190810 0.848178 0.035826 0.085020
0 0.908879 0.188259 0.020249 0.064777
1 0.713396 0.700405 0.031153 0.133603
1 0.140187 0.404858 0.017134 0.052632
0 0.407321 0.945344 0.017134 0.044534
1 0.792056 0.267206 0.017134 0.044534
1 0.248442 0.469636 0.006231 0.016194
0 0.566199 0.334008 0.077882 0.109312
0 0.376947 0.151822 0.031153 0.048583
1 0.109813 0.607287 0.029595 0.101215
0 0.473520 0.848178 0.071651 0.194332
0 0.543614 0.884615 0.043614 0.121457
1 0.696262 0.356275 0.034268 0.072874
1 0.397196 0.720648 0.012461 0.024291
