0 0.173676 0.562753 0.065421 0.161943
1 0.829439 0.338057 0.070093 0.242915
1 0.838785 0.576923 0.049844 0.133603
1 0.229751 0.585020 0.049844 0.202429
0 0.390187 0.443320 0.028037 0.048583
0 0.174455 0.672065 0.045171 0.113360
0 0.761682 0.574899 0.015576 0.056680
0 0.840343 0.665992 0.017134 0.068826
0 0.528816 0.813765 0.007788 0.012146
1 0.562305 0.508097 0.024922 0.056680
0 0.521807 0.714575 0.034268 0.097166
1 0.154984 0.443320 0.024922 0.060729
1 0.415109 0.649798 0.065421 0.145749
0 0.573209 0.473684 0.021807 0.064777
1 0.547508 0.370445 0.021807 0.040486
0 0.288941 0.712551 0.057632 0.105263
1 0.384735 0.566802 0.028037 0.097166
1 0.865265 0.627530 0.024922 0.040486
1 0.107477 0.595142 0.052960 0.170040
1 0.296729 0.773279 0.017134 0.032389
1 0.089564 0.495951 0.065421 0.113360
1 0.747664 0.208502 0.038941 0.113360
0 0.785047 0.858300 0.066978 0.178138
0 0.834891 0.805668 0.012461 0.032389
1 0.154206 0.807692 0.026480 0.068826
1 0.873832 0.755061 0.029595 0.085020
1 0.718069 0.253036 0.068536 0.145749
1 0.188474 0.388664 0.034268 0.157895
0 0.287383 0.767206 0.007788 0.028340
1 0.913551 0.287449 0.048287 0.113360
1 0.274922 0.265182 0.024922 0.060729
1 0.697040 0.487854 0.056075 0.157895
1 0.320093 0.801619 0.007788 0.024291
0 0.697819 0.700405 0.031153 0.089069
1 0.711838 0.619433 0.059190 0.137652
