0 0.517913 0.425101 0.038941 0.072874
1 0.277259 0.866397 0.035826 0.085020
1 0.386293 0.455466 0.048287 0.121457
1 0.531153 0.277328 0.082555 0.234818
0 0.716511 0.740891 0.018692 0.036437
0 0.367601 0.578947 0.006231 0.016194
0 0.621495 0.591093 0.026480 0.072874
0 0.261682 0.305668 0.026480 0.072874
1 0.911994 0.858300 0.045171 0.093117
1 0.786604 0.386640 0.012461 0.032389
1 0.342679 0.730769 0.076324 0.178138
1 0.429907 0.613360 0.043614 0.064777
1 0.876168 0.601215 0.020249 0.060729
0 0.163551 0.232794 0.068536 0.141700
0 0.767913 0.921053 0.015576 0.044534
1 0.086449 0.224696 0.012461 0.032389
1 0.176012 0.686235 0.057632 0.174089
1 0.201713 0.392713 0.040498 0.149798
0 0.827103 0.668016 0.071651 0.182186
1 0.542835 0.649798 0.010903 0.036437
1 0.453271 0.866397 0.031153 0.044534
0 0.665109 0.680162 0.038941 0.097166
0 0.436137 0.740891 0.014019 0.040486
1 0.401869 0.172065 0.021807 0.044534
1 0.487539 0.285425 0.017134 0.044534
0 0.598910 0.686235 0.026480 0.072874
1 0.271807 0.923077 0.029595 0.072874
0 0.554517 0.728745 0.032710 0.076923
1 0.464953 0.127530 0.023364 0.064777
1 0.867601 0.163968 0.029595 0.109312
1 0.715732 0.226721 0.026480 0.080972
1 0.683801 0.775304 0.018692 0.048583
0 0.410436 0.779352 0.031153 0.085020
1 0.121495 0.844130 0.057632 0.206478
1 0.898754 0.949393 0.018692 0.044534
0 0.445483 0.234818 0.023364 0.060729
1 0.068536 0.864372 0.045171 0.101215
0 0.221963 0.230769 0.024922 0.048583
0 0.623053 0.485830 0.012461 0.032389
0 0.752336 0.388664 0.060748 0.093117
1 0.421340 0.736842 0.012461 0.048583
0 0.401869 0.927126 0.018692 0.052632
0 0.289720 0.251012 0.034268 0.089069
1 0.200935 0.331984 0.042056 0.089069
0 0.884735 0.795547 0.032710 0.093117
1 0.210280 0.659919 0.046729 0.157895
1 0.229751 0.546559 0.032710 0.064777
0 0.863707 0.892713 0.010903 0.028340
0 0.498442 0.655870 0.040498 0.137652
1 0.120717 0.121457 0.010903 0.024291
0 0.260125 0.969636 0.004673 0.020243
1 0.578660 0.354251 0.009346 0.028340
1 0.302181 0.587045 0.023364 0.060729
1 0.218847 0.271255 0.037383 0.076923
0 0.583333 0.572874 0.023364 0.064777
1 0.612150 0.967611 0.017134 0.040486
1 0.777259 0.238866 0.031153 0.105263
1 0.119159 0.240891 0.012461 0.032389
