0 0.112150 0.775304 0.020249 0.060729
0 0.124611 0.281377 0.037383 0.101215
0 0.431464 0.718623 0.031153 0.076923
1 0.628505 0.722672 0.029595 0.076923
0 0.447819 0.748988 0.026480 0.076923
0 0.302960 0.564777 0.018692 0.048583
1 0.399533 0.892713 0.048287 0.174089
0 0.165888 0.834008 0.046729 0.064777
1 0.908100 0.419028 0.026480 0.080972
1 0.562305 0.419028 0.054517 0.125506
1 0.728972 0.315789 0.012461 0.048583
1 0.351246 0.864372 0.048287 0.089069
0 0.467290 0.813765 0.029595 0.080972
1 0.677570 0.898785 0.052960 0.121457
0 0.622274 0.607287 0.007788 0.032389
1 0.148754 0.720648 0.049844 0.133603
1 0.151090 0.248988 0.037383 0.093117
1 0.771807 0.868421 0.028037 0.117409
0 0.915888 0.647773 0.049844 0.109312
1 0.778037 0.388664 0.042056 0.109312
1 0.802960 0.617409 0.063863 0.121457
0 0.619159 0.862348 0.028037 0.072874
1 0.291277 0.609312 0.031153 0.044534
1 0.710280 0.724696 0.071651 0.190283
0 0.877726 0.396761 0.046729 0.109312
0 0.840343 0.396761 0.023364 0.068826
1 0.188474 0.417004 0.098131 0.226721
1 0.884735 0.597166 0.065421 0.133603
1 0.163551 0.803644 0.024922 0.113360
1 0.753894 0.690283 0.014019 0.040486
0 0.105919 0.451417 0.066978 0.202429
1 0.889408 0.805668 0.112150 0.263158
1 0.866822 0.291498 0.032710 0.060729
1 0.635514 0.313765 0.026480 0.101215
1 0.637072 0.390688 0.054517 0.117409
0 0.806854 0.870445 0.037383 0.064777
1 0.383178 0.951417 0.021807 0.076923
1 0.098131 0.908907 0.021807 0.040486
1 0.803738 0.212551 0.046729 0.109312
1 0.591121 0.232794 0.037383 0.064777
0 0.531153 0.633603 0.021807 0.060729
1 0.865265 0.504049 0.056075 0.093117
1 0.677570 0.360324 0.021807 0.052632
0 0.592679 0.900810 0.004673 0.016194
