1 0.937695 0.872470 0.040498 0.101215
1 0.250000 0.273279 0.045171 0.093117
1 0.130841 0.836032 0.024922 0.060729
1 0.692368 0.718623 0.112150 0.364372
1 0.682243 0.246964 0.012461 0.056680
1 0.279595 0.868421 0.066978 0.141700
1 0.401869 0.888664 0.071651 0.129555
1 0.457165 0.259109 0.043614 0.097166
0 0.938474 0.368421 0.009346 0.032389
0 0.327103 0.882591 0.026480 0.060729
0 0.052181 0.765182 0.010903 0.032389
1 0.786604 0.912955 0.020249 0.044534
1 0.735202 0.500000 0.118380 0.275304
0 0.489097 0.836032 0.026480 0.060729
1 0.248442 0.732794 0.024922 0.056680
1 0.650312 0.244939 0.045171 0.133603
0 0.788162 0.196356 0.021807 0.052632
1 0.817757 0.419028 0.023364 0.060729
1 0.348910 0.641700 0.009346 0.020243
1 0.588785 0.844130 0.056075 0.149798
1 0.612928 0.465587 0.032710 0.072874
1 0.556075 0.615385 0.018692 0.089069
1 0.101246 0.645749 0.074766 0.129555
1 0.630062 0.204453 0.052960 0.080972
0 0.555296 0.520243 0.023364 0.093117
1 0.432243 0.512146 0.010903 0.024291
1 0.414330 0.587045 0.021807 0.044534
1 0.576324 0.204453 0.015576 0.048583
0 0.852804 0.412955 0.026480 0.064777
1 0.323988 0.348178 0.045171 0.157895
1 0.569315 0.360324 0.007788 0.016194
0 0.207944 0.149798 0.029595 0.089069
1 0.944704 0.485830 0.007788 0.016194
0 0.240654 0.338057 0.014019 0.020243
1 0.102025 0.309717 0.087227 0.206478
