1 0.227414 0.368421 0.084112 0.137652
0 0.609813 0.611336 0.017134 0.040486
1 0.795950 0.838057 0.029595 0.076923
0 0.684579 0.204453 0.014019 0.036437
1 0.271028 0.546559 0.006231 0.024291
1 0.795950 0.263158 0.012461 0.024291
0 0.700935 0.129555 0.018692 0.044534
0 0.741433 0.744939 0.024922 0.072874
0 0.703271 0.775304 0.018692 0.052632
1 0.163551 0.455466 0.042056 0.117409
1 0.710280 0.425101 0.080997 0.153846
1 0.595016 0.910931 0.042056 0.080972
1 0.236760 0.504049 0.040498 0.097166
1 0.358255 0.425101 0.059190 0.194332
1 0.461059 0.801619 0.032710 0.105263
1 0.503115 0.317814 0.026480 0.076923
1 0.795171 0.370445 0.059190 0.089069
0 0.594237 0.595142 0.014019 0.056680
0 0.495327 0.676113 0.040498 0.101215
0 0.609034 0.825911 0.056075 0.125506
1 0.787383 0.599190 0.056075 0.093117
0 0.133956 0.914980 0.031153 0.072874
1 0.712617 0.196356 0.018692 0.052632
1 0.163551 0.935223 0.020249 0.040486
1 0.662773 0.500000 0.021807 0.048583
0 0.928349 0.267206 0.024922 0.048583
0 0.799844 0.451417 0.054517 0.190283
1 0.592679 0.372470 0.010903 0.024291
0 0.102025 0.192308 0.037383 0.137652
1 0.265576 0.706478 0.040498 0.133603
0 0.914330 0.740891 0.052960 0.121457
0 0.897975 0.825911 0.038941 0.093117
0 0.665888 0.186235 0.031153 0.105263
0 0.049065 0.346154 0.007788 0.020243
1 0.742212 0.475709 0.074766 0.198381
0 0.940810 0.878543 0.018692 0.056680
0 0.683022 0.769231 0.014019 0.032389
0 0.127726 0.271255 0.042056 0.076923
1 0.941589 0.336032 0.029595 0.085020
1 0.249221 0.892713 0.028037 0.064777
0 0.484424 0.206478 0.020249 0.097166
0 0.440810 0.212551 0.015576 0.044534
0 0.932243 0.461538 0.015576 0.048583
0 0.070872 0.412955 0.024922 0.056680
1 0.618380 0.906883 0.031153 0.105263
1 0.322430 0.184211 0.046729 0.089069
1 0.070093 0.344130 0.023364 0.036437
1 0.535047 0.931174 0.012461 0.040486
1 0.595016 0.526316 0.007788 0.040486
0 0.389408 0.348178 0.045171 0.105263
1 0.539720 0.813765 0.020249 0.060729
0 0.302181 0.532389 0.029595 0.060729
