1 0.379283 0.736842 0.059190 0.242915
1 0.559190 0.874494 0.057632 0.121457
1 0.556075 0.321862 0.049844 0.133603
0 0.575545 0.716599 0.065421 0.165992
1 0.637850 0.226721 0.032710 0.097166
0 0.329439 0.680162 0.059190 0.133603
1 0.753894 0.190283 0.026480 0.068826
1 0.795171 0.196356 0.034268 0.064777
1 0.539720 0.795547 0.018692 0.060729
1 0.651090 0.109312 0.012461 0.028340
1 0.820872 0.526316 0.057632 0.178138
1 0.107477 0.659919 0.042056 0.105263
1 0.215732 0.736842 0.017134 0.028340
1 0.381620 0.453441 0.017134 0.048583
0 0.495327 0.194332 0.032710 0.109312
1 0.060748 0.862348 0.015576 0.044534
1 0.291277 0.275304 0.018692 0.048583
0 0.738318 0.149798 0.029595 0.056680
0 0.954829 0.265182 0.010903 0.024291
1 0.095016 0.530364 0.037383 0.064777
1 0.344237 0.334008 0.065421 0.145749
1 0.838006 0.307692 0.042056 0.093117
1 0.904206 0.427126 0.071651 0.190283
1 0.214953 0.350202 0.015576 0.060729
0 0.802181 0.765182 0.014019 0.032389
0 0.426012 0.210526 0.024922 0.064777
0 0.127726 0.876518 0.032710 0.085020
1 0.157321 0.449393 0.063863 0.141700
0 0.123053 0.354251 0.012461 0.028340
1 0.070093 0.293522 0.045171 0.109312
0 0.466511 0.678138 0.085670 0.182186
