1 0.135514 0.661943 0.077882 0.263158
1 0.131620 0.271255 0.012461 0.032389
1 0.603583 0.338057 0.012461 0.044534
0 0.677570 0.797571 0.032710 0.093117
1 0.047508 0.528340 0.017134 0.044534
0 0.490654 0.512146 0.006231 0.020243
1 0.115265 0.848178 0.040498 0.085020
0 0.383956 0.222672 0.048287 0.105263
1 0.125389 0.512146 0.004673 0.016194
1 0.659657 0.947368 0.018692 0.040486
1 0.647196 0.886640 0.028037 0.040486
1 0.207944 0.180162 0.032710 0.052632
1 0.199377 0.315789 0.060748 0.089069
1 0.377726 0.133603 0.023364 0.068826
0 0.892523 0.471660 0.010903 0.032389
1 0.848131 0.285425 0.043614 0.129555
0 0.176791 0.951417 0.020249 0.052632
0 0.429128 0.317814 0.010903 0.036437
1 0.756231 0.293522 0.074766 0.299595
1 0.691589 0.119433 0.012461 0.024291
1 0.899533 0.672065 0.014019 0.068826
0 0.795950 0.336032 0.093458 0.234818
1 0.215732 0.500000 0.017134 0.048583
0 0.468069 0.303644 0.015576 0.024291
1 0.071651 0.186235 0.035826 0.105263
1 0.072430 0.564777 0.014019 0.052632
0 0.610592 0.692308 0.021807 0.085020
1 0.353583 0.688259 0.063863 0.137652
0 0.583333 0.637652 0.010903 0.028340
0 0.462617 0.765182 0.040498 0.137652
1 0.515576 0.139676 0.021807 0.052632
1 0.418224 0.890688 0.063863 0.202429
1 0.275701 0.821862 0.052960 0.141700
