0 0.932243 0.627530 0.017134 0.032389
0 0.731308 0.593117 0.010903 0.028340
1 0.351246 0.327935 0.046729 0.117409
0 0.402648 0.412955 0.035826 0.076923
0 0.268692 0.668016 0.034268 0.129555
0 0.729751 0.390688 0.007788 0.020243
1 0.849688 0.380567 0.032710 0.097166
1 0.091121 0.234818 0.035826 0.076923
1 0.780374 0.317814 0.024922 0.068826
1 0.662773 0.643725 0.071651 0.165992
1 0.513240 0.522267 0.037383 0.089069
1 0.140187 0.880567 0.015576 0.032389
0 0.376168 0.265182 0.046729 0.157895
1 0.664330 0.892713 0.054517 0.165992
0 0.153427 0.489879 0.031153 0.085020
0 0.158879 0.560729 0.009346 0.020243
0 0.818536 0.635628 0.059190 0.125506
0 0.912773 0.497976 0.020249 0.072874
0 0.275701 0.210526 0.015576 0.028340
0 0.598910 0.453441 0.040498 0.105263
0 0.142523 0.350202 0.014019 0.044534
0 0.305296 0.342105 0.038941 0.101215
0 0.939252 0.283401 0.010903 0.032389
1 0.839564 0.927126 0.029595 0.085020
1 0.546729 0.315789 0.004673 0.024291
1 0.708723 0.672065 0.051402 0.117409
0 0.722741 0.491903 0.032710 0.097166
0 0.658879 0.417004 0.043614 0.214575
1 0.358255 0.493927 0.032710 0.089069
0 0.461059 0.465587 0.017134 0.060729
1 0.066199 0.414980 0.017134 0.048583
1 0.949377 0.951417 0.014019 0.024291
0 0.693146 0.748988 0.059190 0.149798
1 0.823209 0.293522 0.029595 0.129555
0 0.225857 0.564777 0.032710 0.060729
1 0.363707 0.844130 0.043614 0.109312
0 0.164330 0.819838 0.021807 0.052632
1 0.400312 0.544534 0.087227 0.255061
1 0.270249 0.481781 0.029595 0.072874
1 0.906542 0.825911 0.024922 0.076923
1 0.732087 0.315789 0.042056 0.089069
1 0.517913 0.281377 0.034268 0.072874
0 0.520249 0.419028 0.012461 0.028340
1 0.230530 0.477733 0.048287 0.121457
1 0.475078 0.145749 0.035826 0.072874
1 0.428349 0.906883 0.017134 0.044534
0 0.123053 0.400810 0.020249 0.056680
1 0.718069 0.821862 0.057632 0.218623
0 0.554517 0.585020 0.052960 0.157895
