1 0.616822 0.370445 0.018692 0.044534
1 0.631620 0.439271 0.017134 0.052632
0 0.535826 0.904858 0.043614 0.109312
0 0.692368 0.674089 0.012461 0.036437
1 0.798287 0.512146 0.017134 0.048583
0 0.802181 0.218623 0.038941 0.093117
0 0.896417 0.303644 0.088785 0.153846
1 0.892523 0.817814 0.046729 0.113360
0 0.605919 0.665992 0.010903 0.032389
0 0.929907 0.366397 0.045171 0.113360
0 0.358255 0.629555 0.020249 0.056680
1 0.330218 0.680162 0.040498 0.161943
0 0.200935 0.431174 0.059190 0.097166
0 0.884735 0.210526 0.018692 0.044534
0 0.651869 0.572874 0.046729 0.133603
1 0.367601 0.904858 0.007788 0.028340
1 0.838006 0.785425 0.024922 0.068826
1 0.227414 0.412955 0.037383 0.093117
1 0.655763 0.338057 0.037383 0.089069
1 0.270249 0.914980 0.014019 0.040486
1 0.443146 0.244939 0.052960 0.105263
1 0.942368 0.538462 0.015576 0.064777
1 0.071651 0.265182 0.040498 0.121457
1 0.232866 0.890688 0.051402 0.190283
0 0.526480 0.564777 0.020249 0.044534
1 0.867601 0.404858 0.068536 0.113360
0 0.784268 0.587045 0.010903 0.020243
1 0.211059 0.548583 0.087227 0.198381
1 0.892523 0.524291 0.017134 0.056680
0 0.172118 0.522267 0.079439 0.234818
1 0.496885 0.921053 0.066978 0.105263
1 0.625389 0.230769 0.045171 0.121457
1 0.403427 0.917004 0.037383 0.072874
0 0.725078 0.285425 0.101246 0.275304
1 0.164330 0.222672 0.048287 0.198381
1 0.547508 0.192308 0.009346 0.012146
0 0.042835 0.649798 0.010903 0.044534
1 0.157321 0.759109 0.014019 0.044534
1 0.684579 0.139676 0.021807 0.036437
0 0.774922 0.388664 0.031153 0.089069
0 0.527259 0.508097 0.007788 0.028340
1 0.673676 0.943320 0.021807 0.044534
1 0.238318 0.273279 0.024922 0.060729
1 0.066199 0.595142 0.038941 0.080972
1 0.426012 0.307692 0.054517 0.129555
1 0.522586 0.338057 0.046729 0.109312
1 0.583333 0.548583 0.026480 0.129555
0 0.176012 0.720648 0.017134 0.064777
