1 0.414330 0.566802 0.042056 0.161943
0 0.278037 0.522267 0.009346 0.024291
1 0.776480 0.390688 0.054517 0.101215
1 0.689252 0.214575 0.020249 0.048583
0 0.239097 0.831984 0.021807 0.048583
1 0.096573 0.710526 0.035826 0.089069
1 0.298287 0.321862 0.052960 0.141700
1 0.803738 0.390688 0.038941 0.149798
1 0.363707 0.601215 0.045171 0.113360
1 0.917445 0.309717 0.029595 0.072874
0 0.823988 0.635628 0.029595 0.089069
0 0.855140 0.864372 0.043614 0.149798
1 0.398754 0.647773 0.049844 0.117409
1 0.399533 0.386640 0.028037 0.076923
1 0.901869 0.781377 0.046729 0.101215
1 0.429907 0.937247 0.015576 0.044534
1 0.493769 0.356275 0.084112 0.226721
0 0.816978 0.149798 0.029595 0.052632
1 0.176791 0.518219 0.021807 0.080972
0 0.371495 0.408907 0.054517 0.157895
1 0.607477 0.910931 0.051402 0.089069
0 0.869938 0.325911 0.060748 0.149798
0 0.458723 0.910931 0.020249 0.072874
0 0.151869 0.261134 0.109034 0.303644
1 0.447819 0.929150 0.020249 0.044534
1 0.185358 0.668016 0.026480 0.121457
1 0.320093 0.261134 0.043614 0.157895
1 0.102804 0.941296 0.017134 0.068826
1 0.492991 0.566802 0.076324 0.174089
0 0.751558 0.255061 0.029595 0.101215
0 0.417445 0.890688 0.037383 0.056680
0 0.073988 0.568826 0.052960 0.222672
1 0.208723 0.801619 0.026480 0.085020
1 0.706386 0.785425 0.023364 0.064777
1 0.682243 0.111336 0.009346 0.028340
0 0.306075 0.580972 0.034268 0.085020
0 0.244548 0.321862 0.028037 0.072874
0 0.499221 0.192308 0.049844 0.174089
0 0.442368 0.827935 0.006231 0.020243
1 0.267134 0.336032 0.038941 0.105263
0 0.546729 0.388664 0.032710 0.101215
1 0.556854 0.732794 0.035826 0.064777
1 0.749221 0.437247 0.057632 0.097166
1 0.468847 0.161943 0.074766 0.133603
0 0.819315 0.882591 0.012461 0.032389
0 0.394081 0.568826 0.043614 0.085020
1 0.534268 0.736842 0.020249 0.044534
1 0.433022 0.512146 0.023364 0.068826
1 0.150312 0.821862 0.021807 0.072874
1 0.729751 0.668016 0.032710 0.101215
0 0.697819 0.809717 0.029595 0.080972
1 0.246106 0.736842 0.018692 0.036437
1 0.428349 0.769231 0.015576 0.036437
1 0.745327 0.947368 0.014019 0.064777
