0 0.368380 0.259109 0.085670 0.271255
1 0.889408 0.218623 0.035826 0.076923
1 0.481308 0.285425 0.021807 0.068826
0 0.577103 0.309717 0.017134 0.032389
1 0.325545 0.485830 0.009346 0.016194
1 0.272586 0.534413 0.024922 0.068826
1 0.493769 0.398785 0.026480 0.064777
1 0.130062 0.728745 0.010903 0.024291
0 0.906542 0.674089 0.015576 0.028340
0 0.139408 0.672065 0.010903 0.020243
0 0.350467 0.931174 0.017134 0.060729
0 0.238318 0.360324 0.048287 0.190283
0 0.401869 0.404858 0.021807 0.068826
1 0.659657 0.791498 0.018692 0.048583
1 0.598131 0.728745 0.032710 0.133603
1 0.869159 0.512146 0.012461 0.036437
1 0.619938 0.425101 0.065421 0.133603
1 0.689252 0.435223 0.129283 0.246964
1 0.433022 0.829960 0.010903 0.028340
1 0.313863 0.396761 0.006231 0.024291
1 0.358255 0.852227 0.024922 0.044534
0 0.404984 0.908907 0.012461 0.044534
1 0.883956 0.182186 0.029595 0.085020
0 0.898754 0.829960 0.010903 0.032389
0 0.798287 0.437247 0.015576 0.048583
0 0.713396 0.216599 0.060748 0.109312
1 0.044393 0.431174 0.014019 0.028340
1 0.414330 0.767206 0.024922 0.076923
1 0.188474 0.301619 0.031153 0.093117
1 0.251558 0.242915 0.028037 0.068826
1 0.596573 0.599190 0.052960 0.133603
1 0.429128 0.698381 0.007788 0.016194
1 0.130841 0.797571 0.023364 0.044534
1 0.154206 0.872470 0.009346 0.032389
0 0.739875 0.921053 0.020249 0.076923
1 0.232087 0.483806 0.034268 0.097166
1 0.803738 0.627530 0.031153 0.121457
1 0.526480 0.617409 0.032710 0.125506
1 0.438474 0.759109 0.007788 0.028340
1 0.663551 0.109312 0.006231 0.016194
1 0.088785 0.939271 0.006231 0.020243
0 0.577882 0.787449 0.048287 0.137652
1 0.172897 0.935223 0.014019 0.044534
1 0.066199 0.358300 0.054517 0.085020
1 0.162773 0.459514 0.017134 0.036437
1 0.942368 0.374494 0.021807 0.068826
1 0.203271 0.700405 0.102804 0.218623
0 0.878505 0.141700 0.023364 0.056680
0 0.845016 0.896761 0.043614 0.133603
1 0.451713 0.629555 0.062305 0.101215
0 0.402648 0.613360 0.031153 0.076923
1 0.338785 0.665992 0.014019 0.052632
0 0.358255 0.526316 0.018692 0.036437
