1 0.171340 0.277328 0.091900 0.214575
0 0.051402 0.510121 0.009346 0.024291
1 0.761682 0.524291 0.042056 0.125506
1 0.500000 0.597166 0.035826 0.085020
1 0.299065 0.530364 0.059190 0.129555
1 0.392523 0.467611 0.012461 0.028340
0 0.147196 0.471660 0.029595 0.093117
1 0.288941 0.653846 0.031153 0.068826
1 0.433022 0.933198 0.020249 0.068826
0 0.649533 0.779352 0.049844 0.137652
1 0.708723 0.303644 0.043614 0.129555
0 0.228193 0.230769 0.024922 0.097166
0 0.671340 0.657895 0.045171 0.113360
1 0.398754 0.564777 0.043614 0.137652
1 0.595016 0.858300 0.042056 0.093117
0 0.296729 0.791498 0.051402 0.101215
0 0.390187 0.890688 0.018692 0.076923
0 0.243769 0.797571 0.010903 0.024291
1 0.866822 0.423077 0.037383 0.121457
1 0.584112 0.700405 0.028037 0.056680
0 0.538941 0.819838 0.006231 0.024291
0 0.772586 0.629555 0.018692 0.040486
0 0.668224 0.447368 0.040498 0.170040
1 0.172897 0.732794 0.040498 0.105263
0 0.792835 0.755061 0.010903 0.036437
1 0.654206 0.358300 0.009346 0.020243
1 0.562305 0.947368 0.028037 0.056680
1 0.298287 0.848178 0.026480 0.133603
1 0.526480 0.234818 0.074766 0.194332
1 0.119938 0.400810 0.059190 0.174089
1 0.183801 0.615385 0.031153 0.085020
1 0.232087 0.451417 0.029595 0.117409
1 0.083333 0.807692 0.018692 0.085020
1 0.519470 0.512146 0.028037 0.125506
1 0.915109 0.753036 0.054517 0.121457
1 0.543614 0.548583 0.062305 0.149798
1 0.699377 0.688259 0.014019 0.028340
1 0.242212 0.680162 0.062305 0.210526
0 0.278037 0.823887 0.034268 0.149798
0 0.837227 0.811741 0.014019 0.052632
1 0.769470 0.744939 0.012461 0.028340
0 0.834891 0.129555 0.024922 0.064777
