1 0.073988 0.554656 0.023364 0.052632
0 0.549844 0.603239 0.035826 0.133603
1 0.830218 0.728745 0.017134 0.064777
0 0.783489 0.125506 0.012461 0.028340
0 0.672897 0.801619 0.026480 0.044534
1 0.841121 0.242915 0.032710 0.064777
1 0.926012 0.690283 0.020249 0.060729
1 0.137072 0.433198 0.038941 0.089069
1 0.102804 0.348178 0.051402 0.161943
1 0.335670 0.435223 0.024922 0.072874
1 0.707944 0.698381 0.021807 0.068826
1 0.418224 0.864372 0.062305 0.137652
0 0.221184 0.799595 0.018692 0.036437
1 0.916667 0.184211 0.017134 0.028340
1 0.390187 0.919028 0.031153 0.093117
0 0.345794 0.854251 0.059190 0.097166
0 0.055296 0.139676 0.020249 0.044534
0 0.891745 0.627530 0.057632 0.113360
0 0.150312 0.135628 0.020249 0.044534
1 0.428349 0.475709 0.009346 0.016194
1 0.411994 0.734818 0.037383 0.113360
1 0.485981 0.178138 0.006231 0.016194
0 0.521028 0.771255 0.029595 0.133603
1 0.388629 0.524291 0.020249 0.060729
0 0.516355 0.566802 0.018692 0.044534
0 0.896417 0.127530 0.004673 0.016194
1 0.551402 0.421053 0.029595 0.076923
0 0.443146 0.730769 0.059190 0.117409
1 0.713396 0.410931 0.054517 0.125506
1 0.281931 0.437247 0.023364 0.064777
1 0.061526 0.805668 0.035826 0.048583
1 0.461059 0.674089 0.014019 0.040486
1 0.150312 0.894737 0.052960 0.117409
1 0.216511 0.273279 0.034268 0.052632
1 0.537383 0.289474 0.037383 0.109312
1 0.125389 0.143725 0.004673 0.012146
1 0.802181 0.325911 0.028037 0.101215
1 0.598131 0.910931 0.021807 0.064777
0 0.093458 0.672065 0.021807 0.056680
1 0.357477 0.163968 0.018692 0.064777
0 0.180685 0.817814 0.068536 0.145749
0 0.313084 0.876518 0.059190 0.117409
