1 0.159657 0.323887 0.096573 0.238866
1 0.492991 0.354251 0.062305 0.125506
0 0.237539 0.653846 0.004673 0.012146
0 0.677570 0.340081 0.014019 0.032389
0 0.799844 0.755061 0.071651 0.174089
1 0.253894 0.368421 0.031153 0.121457
0 0.815421 0.510121 0.023364 0.052632
0 0.671340 0.684211 0.046729 0.076923
0 0.545171 0.336032 0.037383 0.121457
1 0.221963 0.491903 0.032710 0.080972
1 0.578660 0.827935 0.052960 0.113360
1 0.503894 0.593117 0.056075 0.121457
1 0.379283 0.323887 0.014019 0.048583
1 0.870717 0.297571 0.054517 0.165992
1 0.128505 0.831984 0.014019 0.028340
1 0.833333 0.651822 0.046729 0.093117
1 0.718847 0.155870 0.034268 0.072874
1 0.905763 0.184211 0.015576 0.060729
0 0.306075 0.157895 0.021807 0.056680
0 0.478193 0.560729 0.054517 0.157895
1 0.767913 0.293522 0.034268 0.080972
1 0.913551 0.394737 0.004673 0.016194
0 0.700935 0.704453 0.045171 0.109312
1 0.789720 0.489879 0.031153 0.080972
1 0.616822 0.180162 0.024922 0.076923
1 0.526480 0.647773 0.038941 0.117409
0 0.098131 0.591093 0.056075 0.141700
1 0.897975 0.789474 0.007788 0.024291
1 0.909657 0.957490 0.024922 0.052632
1 0.345794 0.878543 0.017134 0.024291
1 0.218069 0.886640 0.045171 0.093117
1 0.476636 0.831984 0.031153 0.117409
1 0.085670 0.404858 0.010903 0.032389
0 0.370717 0.376518 0.028037 0.072874
0 0.352025 0.313765 0.023364 0.060729
1 0.733645 0.293522 0.052960 0.125506
1 0.525701 0.846154 0.077882 0.210526
1 0.235981 0.781377 0.010903 0.024291
0 0.545950 0.182186 0.031153 0.080972
0 0.190031 0.633603 0.035826 0.068826
1 0.401869 0.862348 0.018692 0.060729
1 0.336449 0.220648 0.032710 0.109312
1 0.306854 0.212551 0.037383 0.109312
1 0.083333 0.273279 0.026480 0.052632
0 0.099688 0.425101 0.024922 0.060729
0 0.771028 0.605263 0.018692 0.048583
