0 0.888629 0.263158 0.023364 0.072874
0 0.950935 0.510121 0.018692 0.040486
0 0.135514 0.186235 0.028037 0.060729
1 0.154984 0.301619 0.046729 0.153846
1 0.387072 0.451417 0.023364 0.076923
1 0.653427 0.131579 0.014019 0.048583
0 0.841900 0.823887 0.038941 0.093117
0 0.920561 0.759109 0.037383 0.060729
0 0.271807 0.868421 0.038941 0.097166
1 0.225857 0.309717 0.021807 0.076923
0 0.209502 0.508097 0.062305 0.186235
0 0.260125 0.350202 0.015576 0.036437
0 0.508567 0.165992 0.035826 0.097166
1 0.246885 0.228745 0.046729 0.117409
1 0.561526 0.348178 0.090343 0.190283
0 0.556854 0.589069 0.045171 0.117409
1 0.734424 0.957490 0.023364 0.044534
0 0.858255 0.366397 0.018692 0.076923
0 0.117601 0.281377 0.026480 0.089069
1 0.234424 0.348178 0.023364 0.048583
0 0.683022 0.730769 0.059190 0.141700
0 0.754673 0.427126 0.023364 0.056680
1 0.161994 0.791498 0.034268 0.097166
1 0.373053 0.840081 0.017134 0.036437
0 0.095794 0.589069 0.042056 0.113360
1 0.667445 0.455466 0.046729 0.101215
1 0.752336 0.872470 0.020249 0.060729
1 0.511682 0.593117 0.007788 0.028340
1 0.845016 0.603239 0.119938 0.340081
1 0.842679 0.202429 0.040498 0.125506
1 0.750000 0.593117 0.048287 0.117409
0 0.594237 0.184211 0.037383 0.076923
1 0.919003 0.582996 0.028037 0.109312
0 0.425234 0.305668 0.010903 0.028340
0 0.186137 0.163968 0.017134 0.044534
1 0.669003 0.706478 0.057632 0.085020
0 0.609813 0.878543 0.034268 0.072874
1 0.196262 0.257085 0.021807 0.048583
1 0.295171 0.200405 0.059190 0.149798
1 0.510125 0.236842 0.024922 0.056680
1 0.180685 0.376518 0.060748 0.174089
1 0.674455 0.534413 0.018692 0.060729
0 0.363707 0.362348 0.014019 0.036437
0 0.685358 0.218623 0.052960 0.141700
1 0.256231 0.544534 0.026480 0.097166
1 0.473520 0.641700 0.024922 0.052632
1 0.134735 0.451417 0.042056 0.089069
0 0.291277 0.787449 0.026480 0.052632
1 0.151869 0.491903 0.029595 0.109312
0 0.334112 0.783401 0.040498 0.109312
1 0.100467 0.842105 0.020249 0.048583
