0 0.813863 0.220648 0.063863 0.129555
1 0.722741 0.694332 0.026480 0.068826
1 0.864486 0.868421 0.023364 0.072874
0 0.387072 0.765182 0.029595 0.089069
0 0.530374 0.441296 0.032710 0.093117
1 0.242212 0.437247 0.014019 0.044534
1 0.438474 0.159919 0.026480 0.068826
1 0.253115 0.781377 0.021807 0.052632
1 0.820093 0.914980 0.065421 0.117409
1 0.869938 0.240891 0.028037 0.060729
1 0.319315 0.730769 0.065421 0.121457
0 0.110592 0.267206 0.015576 0.036437
1 0.356698 0.275304 0.113707 0.238866
0 0.909657 0.686235 0.051402 0.125506
1 0.786604 0.378543 0.034268 0.125506
0 0.231308 0.311741 0.042056 0.121457
1 0.437695 0.419028 0.057632 0.190283
0 0.756231 0.506073 0.010903 0.040486
1 0.066978 0.850202 0.024922 0.060729
1 0.496885 0.255061 0.017134 0.056680
0 0.345794 0.967611 0.010903 0.032389
1 0.936137 0.655870 0.038941 0.101215
1 0.055296 0.651822 0.026480 0.040486
0 0.724299 0.394737 0.017134 0.032389
0 0.321651 0.510121 0.017134 0.048583
1 0.450935 0.514170 0.080997 0.141700
1 0.615265 0.898785 0.031153 0.113360
0 0.894081 0.896761 0.009346 0.024291
0 0.887072 0.520243 0.042056 0.109312
0 0.730530 0.761134 0.040498 0.093117
1 0.453271 0.813765 0.068536 0.161943
0 0.515576 0.973684 0.014019 0.028340
1 0.834891 0.123482 0.021807 0.064777
1 0.891745 0.198381 0.010903 0.040486
0 0.756231 0.641700 0.021807 0.048583
1 0.916667 0.850202 0.035826 0.085020
1 0.724299 0.862348 0.060748 0.153846
0 0.267134 0.301619 0.017134 0.044534
0 0.172118 0.585020 0.031153 0.117409
1 0.797508 0.283401 0.028037 0.044534
1 0.196262 0.172065 0.014019 0.032389
1 0.616822 0.805668 0.052960 0.129555
1 0.462617 0.696356 0.042056 0.137652
1 0.633178 0.368421 0.021807 0.040486
0 0.127726 0.364372 0.052960 0.137652
0 0.804517 0.546559 0.015576 0.032389
1 0.207944 0.202429 0.021807 0.064777
0 0.905763 0.342105 0.014019 0.028340
1 0.882399 0.775304 0.026480 0.064777
1 0.145639 0.578947 0.034268 0.117409
0 0.607477 0.712551 0.045171 0.137652
1 0.316978 0.625506 0.038941 0.165992
0 0.619938 0.633603 0.043614 0.085020
1 0.619938 0.334008 0.028037 0.056680
1 0.869938 0.939271 0.037383 0.064777
