1 0.112150 0.180162 0.017134 0.060729
0 0.911994 0.597166 0.010903 0.028340
1 0.620717 0.506073 0.079439 0.182186
0 0.880841 0.564777 0.018692 0.052632
0 0.606698 0.657895 0.009346 0.020243
0 0.250779 0.927126 0.014019 0.032389
0 0.082555 0.787449 0.077882 0.190283
0 0.921340 0.463563 0.040498 0.085020
1 0.826324 0.431174 0.028037 0.068826
1 0.815421 0.870445 0.066978 0.125506
1 0.304517 0.198381 0.037383 0.089069
1 0.447819 0.275304 0.034268 0.089069
1 0.279595 0.380567 0.023364 0.040486
1 0.824766 0.396761 0.017134 0.064777
0 0.715732 0.720648 0.048287 0.097166
1 0.242991 0.732794 0.015576 0.060729
0 0.366822 0.346154 0.020249 0.052632
1 0.676791 0.510121 0.023364 0.085020
1 0.946262 0.801619 0.007788 0.024291
0 0.355140 0.176113 0.015576 0.036437
0 0.211059 0.852227 0.054517 0.101215
1 0.646417 0.894737 0.015576 0.032389
1 0.218069 0.338057 0.040498 0.125506
1 0.464953 0.708502 0.052960 0.149798
0 0.073209 0.232794 0.014019 0.032389
1 0.490654 0.334008 0.034268 0.036437
0 0.386293 0.886640 0.035826 0.093117
1 0.102025 0.348178 0.066978 0.133603
1 0.524143 0.155870 0.010903 0.024291
0 0.938474 0.362348 0.026480 0.085020
0 0.740654 0.439271 0.017134 0.040486
0 0.493769 0.212551 0.018692 0.052632
1 0.487539 0.617409 0.015576 0.020243
1 0.395639 0.196356 0.017134 0.044534
0 0.764019 0.170040 0.021807 0.060729
0 0.419003 0.548583 0.057632 0.153846
1 0.429907 0.299595 0.024922 0.085020
1 0.665109 0.761134 0.034268 0.153846
1 0.765576 0.607287 0.031153 0.117409
1 0.529595 0.542510 0.018692 0.024291
1 0.771807 0.840081 0.032710 0.097166
0 0.388629 0.522267 0.010903 0.032389
1 0.202492 0.526316 0.020249 0.072874
0 0.549844 0.376518 0.080997 0.198381
1 0.176012 0.455466 0.018692 0.044534
1 0.872274 0.163968 0.015576 0.052632
1 0.220405 0.228745 0.063863 0.125506
