1 0.541277 0.817814 0.026480 0.064777
0 0.135514 0.570850 0.015576 0.032389
1 0.740654 0.945344 0.024922 0.076923
1 0.320093 0.230769 0.049844 0.093117
1 0.626168 0.301619 0.021807 0.093117
0 0.420561 0.957490 0.006231 0.016194
0 0.380841 0.775304 0.010903 0.028340
1 0.684579 0.344130 0.017134 0.028340
0 0.499221 0.315789 0.052960 0.170040
0 0.854361 0.427126 0.032710 0.076923
1 0.222741 0.757085 0.065421 0.161943
1 0.146417 0.777328 0.035826 0.097166
1 0.297508 0.348178 0.046729 0.080972
1 0.532710 0.153846 0.037383 0.105263
0 0.512461 0.801619 0.028037 0.068826
0 0.151869 0.402834 0.012461 0.032389
1 0.438474 0.196356 0.049844 0.137652
0 0.742991 0.244939 0.010903 0.044534
1 0.928349 0.471660 0.021807 0.085020
1 0.413551 0.838057 0.031153 0.068826
1 0.429907 0.392713 0.015576 0.032389
1 0.183022 0.880567 0.059190 0.129555
1 0.503894 0.431174 0.062305 0.153846
1 0.774922 0.437247 0.024922 0.052632
0 0.690810 0.512146 0.045171 0.076923
1 0.357477 0.188259 0.046729 0.153846
1 0.841121 0.489879 0.034268 0.109312
1 0.790498 0.945344 0.021807 0.060729
1 0.348131 0.392713 0.006231 0.020243
0 0.549844 0.216599 0.009346 0.032389
0 0.310748 0.635628 0.032710 0.097166
1 0.464174 0.623482 0.018692 0.048583
1 0.746106 0.728745 0.029595 0.064777
0 0.840343 0.344130 0.024922 0.093117
0 0.755452 0.384615 0.007788 0.020243
1 0.259346 0.564777 0.029595 0.044534
0 0.662773 0.392713 0.014019 0.032389
1 0.104361 0.473684 0.021807 0.080972
1 0.291277 0.823887 0.056075 0.174089
1 0.625389 0.825911 0.074766 0.190283
