1 0.911994 0.615385 0.048287 0.097166
0 0.120717 0.720648 0.051402 0.141700
0 0.167445 0.538462 0.042056 0.145749
1 0.088006 0.344130 0.029595 0.052632
1 0.549844 0.491903 0.015576 0.052632
1 0.415888 0.510121 0.023364 0.064777
0 0.867601 0.275304 0.015576 0.036437
1 0.622274 0.587045 0.026480 0.089069
1 0.195483 0.836032 0.004673 0.020243
1 0.445483 0.712551 0.021807 0.040486
1 0.798287 0.599190 0.021807 0.052632
0 0.255452 0.394737 0.070093 0.234818
0 0.168224 0.386640 0.014019 0.044534
0 0.922118 0.463563 0.038941 0.097166
1 0.554517 0.271255 0.012461 0.040486
1 0.067757 0.716599 0.032710 0.085020
1 0.292056 0.819838 0.020249 0.056680
1 0.064642 0.473684 0.015576 0.040486
1 0.374611 0.759109 0.076324 0.153846
0 0.740654 0.532389 0.020249 0.052632
1 0.255452 0.159919 0.043614 0.080972
1 0.131620 0.447368 0.057632 0.133603
1 0.098910 0.218623 0.035826 0.097166
1 0.505452 0.174089 0.043614 0.125506
0 0.622274 0.840081 0.026480 0.101215
1 0.622274 0.943320 0.023364 0.052632
1 0.609813 0.947368 0.014019 0.032389
1 0.779595 0.459514 0.012461 0.028340
1 0.250000 0.259109 0.029595 0.060729
1 0.588006 0.336032 0.020249 0.060729
1 0.155763 0.222672 0.049844 0.105263
1 0.531153 0.765182 0.009346 0.020243
1 0.745327 0.890688 0.035826 0.068826
1 0.555296 0.439271 0.032710 0.068826
1 0.353583 0.196356 0.012461 0.020243
1 0.235202 0.585020 0.007788 0.028340
0 0.341121 0.603239 0.018692 0.064777
1 0.184579 0.668016 0.066978 0.153846
1 0.786604 0.795547 0.012461 0.028340
0 0.691589 0.165992 0.009346 0.032389
1 0.735202 0.348178 0.031153 0.080972
1 0.683801 0.914980 0.057632 0.105263
1 0.932243 0.803644 0.026480 0.076923
1 0.352025 0.919028 0.032710 0.072874
1 0.510125 0.354251 0.074766 0.133603
0 0.876168 0.941296 0.043614 0.076923
0 0.218069 0.188259 0.031153 0.080972
1 0.080218 0.605263 0.007788 0.020243
1 0.080218 0.214575 0.035826 0.085020
1 0.822430 0.811741 0.006231 0.012146
