1 0.594237 0.941296 0.032710 0.080972
1 0.352025 0.759109 0.028037 0.072874
1 0.482087 0.212551 0.029595 0.068826
1 0.292056 0.779352 0.095016 0.238866
0 0.915888 0.238866 0.031153 0.089069
1 0.461838 0.811741 0.043614 0.141700
0 0.220405 0.860324 0.020249 0.048583
1 0.424455 0.451417 0.029595 0.105263
1 0.359034 0.194332 0.037383 0.089069
0 0.271807 0.248988 0.024922 0.052632
1 0.530374 0.663968 0.038941 0.089069
0 0.919782 0.933198 0.029595 0.080972
0 0.493769 0.344130 0.018692 0.048583
1 0.094237 0.827935 0.034268 0.089069
0 0.533489 0.212551 0.032710 0.056680
0 0.513240 0.253036 0.014019 0.060729
0 0.540498 0.599190 0.021807 0.032389
0 0.105919 0.331984 0.048287 0.101215
1 0.679128 0.402834 0.038941 0.052632
1 0.147975 0.170040 0.023364 0.080972
0 0.624611 0.504049 0.037383 0.101215
1 0.234424 0.210526 0.012461 0.040486
1 0.889408 0.578947 0.037383 0.129555
1 0.818536 0.734818 0.018692 0.052632
1 0.390187 0.230769 0.026480 0.085020
1 0.368380 0.479757 0.048287 0.202429
0 0.398754 0.779352 0.012461 0.032389
0 0.186137 0.299595 0.014019 0.048583
0 0.847352 0.910931 0.024922 0.080972
0 0.857477 0.663968 0.052960 0.149798
0 0.715732 0.880567 0.057632 0.174089
