1 0.204050 0.793522 0.010903 0.028340
1 0.799844 0.453441 0.105919 0.291498
0 0.659657 0.900810 0.051402 0.145749
1 0.714174 0.372470 0.060748 0.089069
1 0.656542 0.196356 0.026480 0.064777
1 0.398754 0.886640 0.023364 0.048583
1 0.743769 0.208502 0.137072 0.206478
1 0.472741 0.485830 0.040498 0.109312
1 0.808411 0.265182 0.029595 0.085020
0 0.408100 0.631579 0.010903 0.028340
1 0.735202 0.570850 0.026480 0.064777
1 0.880841 0.570850 0.012461 0.044534
0 0.764019 0.900810 0.070093 0.133603
1 0.080997 0.821862 0.031153 0.076923
1 0.339564 0.504049 0.029595 0.117409
1 0.260903 0.398785 0.007788 0.036437
1 0.661215 0.423077 0.007788 0.020243
1 0.475078 0.275304 0.018692 0.068826
1 0.481308 0.846154 0.035826 0.153846
0 0.295171 0.672065 0.020249 0.036437
1 0.391745 0.253036 0.018692 0.060729
0 0.583333 0.587045 0.070093 0.202429
1 0.271028 0.852227 0.035826 0.097166
1 0.529595 0.912955 0.021807 0.056680
1 0.447819 0.283401 0.045171 0.113360
1 0.463396 0.943320 0.026480 0.056680
0 0.736760 0.457490 0.006231 0.024291
0 0.618380 0.388664 0.009346 0.032389
1 0.359813 0.548583 0.052960 0.133603
1 0.166667 0.753036 0.046729 0.210526
1 0.301402 0.291498 0.020249 0.072874
1 0.885514 0.840081 0.101246 0.226721
0 0.313084 0.981781 0.004673 0.020243
0 0.707944 0.773279 0.035826 0.089069
1 0.434579 0.894737 0.023364 0.060729
0 0.664330 0.238866 0.015576 0.036437
0 0.624611 0.487854 0.070093 0.157895
0 0.830997 0.204453 0.015576 0.036437
0 0.619938 0.331984 0.029595 0.068826
0 0.730530 0.955466 0.012461 0.032389
1 0.509346 0.910931 0.021807 0.036437
1 0.457165 0.728745 0.049844 0.157895
0 0.383178 0.716599 0.021807 0.064777
1 0.465732 0.135628 0.035826 0.080972
1 0.646417 0.315789 0.042056 0.109312
1 0.249221 0.390688 0.018692 0.040486
1 0.197040 0.481781 0.026480 0.085020
