1 0.654206 0.251012 0.038941 0.093117
1 0.630841 0.651822 0.042056 0.085020
0 0.131620 0.506073 0.052960 0.186235
0 0.404206 0.168016 0.010903 0.020243
0 0.515576 0.862348 0.038941 0.101215
1 0.694704 0.502024 0.032710 0.117409
1 0.742212 0.688259 0.007788 0.016194
1 0.516355 0.374494 0.028037 0.145749
1 0.665888 0.779352 0.040498 0.157895
1 0.840343 0.552632 0.084112 0.263158
1 0.940810 0.307692 0.012461 0.024291
0 0.921340 0.536437 0.062305 0.161943
1 0.868380 0.927126 0.034268 0.089069
0 0.816978 0.408907 0.012461 0.056680
0 0.799065 0.271255 0.014019 0.044534
0 0.087227 0.338057 0.006231 0.020243
1 0.629283 0.180162 0.035826 0.109312
1 0.348131 0.155870 0.031153 0.076923
0 0.073988 0.647773 0.042056 0.101215
1 0.218847 0.224696 0.012461 0.032389
1 0.519470 0.479757 0.034268 0.089069
1 0.532710 0.813765 0.015576 0.032389
1 0.836449 0.319838 0.052960 0.121457
1 0.725857 0.174089 0.021807 0.060729
1 0.366044 0.356275 0.042056 0.109312
0 0.119159 0.838057 0.054517 0.186235
0 0.169003 0.882591 0.028037 0.072874
1 0.136293 0.159919 0.045171 0.109312
1 0.176791 0.700405 0.018692 0.056680
1 0.656542 0.190283 0.018692 0.044534
0 0.284268 0.738866 0.042056 0.072874
1 0.826324 0.708502 0.026480 0.064777
1 0.575545 0.858300 0.014019 0.056680
0 0.772586 0.702429 0.037383 0.105263
1 0.873832 0.265182 0.048287 0.093117
1 0.751558 0.261134 0.029595 0.064777
1 0.172897 0.809717 0.015576 0.036437
0 0.520249 0.753036 0.028037 0.072874
1 0.325545 0.789474 0.006231 0.012146
1 0.721963 0.356275 0.056075 0.137652
1 0.616822 0.872470 0.020249 0.056680
1 0.389408 0.348178 0.038941 0.093117
1 0.501558 0.933198 0.028037 0.076923
1 0.706386 0.305668 0.060748 0.194332
1 0.767134 0.178138 0.043614 0.129555
1 0.806075 0.212551 0.017134 0.044534
1 0.422118 0.831984 0.032710 0.060729
1 0.257788 0.955466 0.021807 0.056680
0 0.123053 0.342105 0.042056 0.133603
1 0.589564 0.334008 0.004673 0.012146
0 0.200935 0.271255 0.026480 0.121457
1 0.478972 0.275304 0.043614 0.113360
0 0.827103 0.269231 0.029595 0.064777
1 0.097352 0.672065 0.042056 0.080972
