1 0.566978 0.763158 0.057632 0.141700
1 0.610592 0.734818 0.012461 0.028340
1 0.274922 0.603239 0.045171 0.145749
1 0.211059 0.805668 0.032710 0.109312
1 0.856698 0.910931 0.007788 0.016194
1 0.771807 0.668016 0.032710 0.080972
1 0.482866 0.574899 0.015576 0.056680
1 0.120717 0.265182 0.052960 0.149798
1 0.099688 0.502024 0.024922 0.097166
0 0.450935 0.273279 0.017134 0.040486
1 0.380841 0.285425 0.017134 0.064777
1 0.292835 0.831984 0.112150 0.242915
1 0.465732 0.872470 0.038941 0.080972
0 0.714174 0.350202 0.028037 0.085020
0 0.764019 0.933198 0.010903 0.028340
0 0.556075 0.493927 0.026480 0.080972
1 0.524922 0.862348 0.065421 0.170040
1 0.866822 0.961538 0.012461 0.020243
1 0.869938 0.267206 0.026480 0.056680
1 0.359034 0.637652 0.038941 0.121457
1 0.748442 0.682186 0.024922 0.085020
1 0.948598 0.145749 0.028037 0.064777
1 0.706386 0.597166 0.015576 0.085020
1 0.150312 0.204453 0.034268 0.080972
1 0.951713 0.216599 0.012461 0.040486
1 0.524922 0.777328 0.012461 0.052632
1 0.292835 0.495951 0.028037 0.089069
1 0.837227 0.479757 0.028037 0.052632
1 0.894860 0.281377 0.024922 0.064777
1 0.135514 0.631579 0.026480 0.056680
0 0.411215 0.538462 0.042056 0.121457
0 0.717290 0.682186 0.007788 0.020243
1 0.500000 0.315789 0.062305 0.153846
1 0.910436 0.809717 0.035826 0.080972
1 0.788162 0.295547 0.042056 0.097166
0 0.626168 0.427126 0.012461 0.020243
1 0.193146 0.676113 0.028037 0.044534
1 0.215732 0.629555 0.014019 0.036437
0 0.206386 0.447368 0.051402 0.117409
0 0.848910 0.821862 0.015576 0.052632
1 0.619159 0.512146 0.035826 0.101215
0 0.159657 0.495951 0.046729 0.105263
1 0.620717 0.321862 0.054517 0.105263
1 0.117601 0.534413 0.010903 0.028340
1 0.357477 0.807692 0.010903 0.028340
1 0.859034 0.352227 0.021807 0.076923
1 0.760125 0.376518 0.018692 0.072874
1 0.111371 0.890688 0.035826 0.121457
0 0.204829 0.724696 0.014019 0.040486
0 0.382399 0.508097 0.023364 0.048583
0 0.803738 0.230769 0.028037 0.068826
1 0.383956 0.639676 0.032710 0.072874
