1 0.342679 0.550607 0.010903 0.032389
0 0.334112 0.423077 0.029595 0.085020
1 0.534268 0.364372 0.043614 0.149798
0 0.668224 0.394737 0.006231 0.020243
1 0.494548 0.437247 0.010903 0.040486
1 0.456386 0.558704 0.009346 0.024291
1 0.563863 0.615385 0.048287 0.210526
1 0.200935 0.226721 0.017134 0.032389
0 0.229751 0.307692 0.032710 0.085020
1 0.373832 0.522267 0.029595 0.097166
1 0.916667 0.777328 0.066978 0.178138
1 0.938474 0.570850 0.024922 0.097166
0 0.785826 0.914980 0.046729 0.080972
1 0.377726 0.876518 0.032710 0.060729
0 0.333333 0.580972 0.009346 0.020243
0 0.283489 0.163968 0.043614 0.093117
1 0.840343 0.862348 0.031153 0.137652
1 0.274143 0.538462 0.007788 0.016194
1 0.217290 0.738866 0.014019 0.036437
1 0.857477 0.263158 0.012461 0.028340
0 0.340343 0.354251 0.043614 0.105263
0 0.903427 0.469636 0.035826 0.105263
1 0.411215 0.605263 0.021807 0.113360
1 0.843458 0.423077 0.026480 0.117409
1 0.120717 0.348178 0.085670 0.234818
1 0.095016 0.133603 0.018692 0.048583
1 0.753115 0.168016 0.035826 0.101215
1 0.042835 0.805668 0.007788 0.016194
1 0.925234 0.908907 0.045171 0.117409
1 0.503115 0.769231 0.088785 0.182186
1 0.700156 0.945344 0.049844 0.080972
1 0.318536 0.663968 0.049844 0.137652
1 0.287383 0.325911 0.038941 0.076923
1 0.437695 0.708502 0.032710 0.121457
