1 0.613707 0.410931 0.074766 0.202429
1 0.796729 0.352227 0.107477 0.242915
1 0.404984 0.852227 0.031153 0.097166
0 0.364486 0.874494 0.021807 0.064777
1 0.151090 0.601215 0.046729 0.125506
0 0.545171 0.141700 0.010903 0.032389
1 0.392523 0.303644 0.018692 0.036437
1 0.938474 0.870445 0.031153 0.072874
1 0.592679 0.639676 0.059190 0.097166
1 0.537383 0.574899 0.026480 0.048583
1 0.387850 0.805668 0.014019 0.048583
1 0.190810 0.605263 0.040498 0.133603
1 0.880062 0.334008 0.040498 0.060729
1 0.394860 0.641700 0.049844 0.129555
1 0.752336 0.617409 0.107477 0.287449
1 0.499221 0.655870 0.024922 0.044534
1 0.933022 0.271255 0.018692 0.060729
1 0.292056 0.771255 0.068536 0.145749
1 0.832555 0.591093 0.012461 0.032389
1 0.292835 0.267206 0.024922 0.117409
1 0.136293 0.973684 0.010903 0.024291
1 0.485981 0.690283 0.029595 0.072874
0 0.235202 0.149798 0.012461 0.032389
0 0.556854 0.532389 0.029595 0.085020
1 0.212617 0.912955 0.018692 0.076923
1 0.560748 0.793522 0.018692 0.052632
1 0.230530 0.236842 0.014019 0.032389
0 0.518692 0.757085 0.038941 0.076923
1 0.849688 0.629555 0.032710 0.056680
1 0.167445 0.255061 0.007788 0.016194
1 0.143302 0.230769 0.029595 0.113360
1 0.862150 0.431174 0.021807 0.052632
1 0.808411 0.206478 0.029595 0.093117
1 0.947819 0.785425 0.029595 0.052632
1 0.058411 0.732794 0.020249 0.044534
0 0.482866 0.336032 0.037383 0.125506
1 0.128505 0.315789 0.018692 0.044534
0 0.418224 0.508097 0.095016 0.251012
0 0.124611 0.744939 0.037383 0.101215
0 0.797508 0.925101 0.031153 0.109312
0 0.243769 0.627530 0.029595 0.076923
1 0.226636 0.910931 0.032710 0.072874
1 0.720405 0.435223 0.070093 0.246964
