1 0.278037 0.473684 0.037383 0.085020
0 0.862928 0.910931 0.020249 0.089069
1 0.813084 0.220648 0.076324 0.141700
0 0.543614 0.317814 0.043614 0.117409
1 0.653427 0.874494 0.056075 0.141700
1 0.450935 0.825911 0.018692 0.052632
1 0.492991 0.850202 0.018692 0.048583
1 0.099688 0.914980 0.007788 0.016194
0 0.804517 0.787449 0.023364 0.064777
0 0.306075 0.963563 0.032710 0.056680
0 0.489875 0.684211 0.035826 0.093117
0 0.272586 0.645749 0.018692 0.052632
1 0.535047 0.475709 0.020249 0.044534
1 0.438474 0.435223 0.023364 0.080972
1 0.637072 0.362348 0.035826 0.133603
0 0.871495 0.506073 0.035826 0.133603
0 0.551402 0.214575 0.045171 0.133603
1 0.429128 0.959514 0.012461 0.032389
1 0.126168 0.471660 0.009346 0.036437
0 0.172897 0.831984 0.034268 0.085020
0 0.931464 0.465587 0.009346 0.028340
1 0.191589 0.157895 0.026480 0.072874
0 0.914330 0.129555 0.023364 0.044534
1 0.323988 0.155870 0.043614 0.105263
0 0.368380 0.829960 0.091900 0.153846
1 0.071651 0.163968 0.009346 0.044534
0 0.186137 0.495951 0.077882 0.194332
1 0.674455 0.534413 0.017134 0.060729
1 0.123832 0.552632 0.017134 0.044534
0 0.506231 0.319838 0.034268 0.048583
1 0.657321 0.388664 0.035826 0.093117
0 0.887850 0.627530 0.018692 0.060729
