1 0.098131 0.585020 0.038941 0.080972
1 0.517134 0.904858 0.048287 0.109312
1 0.152648 0.688259 0.038941 0.105263
1 0.817757 0.342105 0.021807 0.076923
1 0.272586 0.680162 0.038941 0.129555
1 0.718069 0.785425 0.080997 0.291498
1 0.597352 0.184211 0.042056 0.105263
1 0.302960 0.198381 0.035826 0.080972
0 0.194704 0.599190 0.028037 0.072874
0 0.401869 0.637652 0.042056 0.186235
0 0.796729 0.216599 0.049844 0.125506
0 0.164330 0.609312 0.018692 0.056680
1 0.845794 0.736842 0.031153 0.064777
1 0.230530 0.451417 0.066978 0.113360
0 0.643302 0.206478 0.048287 0.117409
0 0.415109 0.506073 0.023364 0.056680
0 0.504673 0.417004 0.006231 0.016194
1 0.578660 0.214575 0.038941 0.085020
0 0.399533 0.528340 0.026480 0.072874
1 0.855140 0.906883 0.017134 0.044534
1 0.626947 0.463563 0.023364 0.068826
1 0.218847 0.119433 0.007788 0.016194
1 0.130841 0.929150 0.021807 0.044534
1 0.151090 0.542510 0.028037 0.044534
0 0.386293 0.493927 0.024922 0.056680
0 0.788941 0.621457 0.023364 0.109312
0 0.714174 0.176113 0.038941 0.093117
1 0.093458 0.475709 0.012461 0.044534
1 0.078660 0.607287 0.018692 0.032389
1 0.454829 0.831984 0.003115 0.012146
0 0.282710 0.463563 0.004673 0.016194
0 0.778037 0.305668 0.037383 0.080972
1 0.753115 0.641700 0.023364 0.080972
1 0.943925 0.558704 0.007788 0.040486
