1 0.454050 0.919028 0.023364 0.044534
1 0.548287 0.396761 0.032710 0.093117
1 0.099688 0.473684 0.073209 0.182186
0 0.066199 0.639676 0.043614 0.105263
1 0.246885 0.888664 0.054517 0.105263
1 0.080997 0.309717 0.038941 0.145749
1 0.579439 0.477733 0.028037 0.068826
1 0.431464 0.755061 0.073209 0.255061
0 0.863707 0.700405 0.024922 0.040486
1 0.396417 0.475709 0.020249 0.040486
1 0.801402 0.311741 0.060748 0.145749
1 0.799065 0.493927 0.073209 0.141700
0 0.271807 0.309717 0.020249 0.044534
1 0.736760 0.789474 0.010903 0.032389
0 0.228193 0.706478 0.035826 0.133603
0 0.316199 0.218623 0.021807 0.064777
1 0.907321 0.925101 0.040498 0.097166
0 0.611371 0.678138 0.040498 0.048583
0 0.192368 0.184211 0.020249 0.052632
1 0.659657 0.439271 0.035826 0.080972
1 0.697040 0.165992 0.026480 0.080972
0 0.890966 0.919028 0.037383 0.080972
0 0.113707 0.700405 0.045171 0.105263
0 0.258567 0.299595 0.009346 0.024291
1 0.434579 0.190283 0.010903 0.036437
0 0.625389 0.524291 0.014019 0.032389
1 0.761682 0.945344 0.018692 0.048583
1 0.832555 0.809717 0.082555 0.145749
1 0.511682 0.139676 0.035826 0.060729
0 0.876947 0.273279 0.040498 0.125506
1 0.440810 0.396761 0.010903 0.036437
0 0.306075 0.850202 0.070093 0.129555
1 0.540498 0.552632 0.037383 0.085020
1 0.300623 0.253036 0.028037 0.064777
1 0.211838 0.244939 0.031153 0.072874
1 0.785826 0.844130 0.014019 0.028340
0 0.285047 0.601215 0.046729 0.145749
1 0.556075 0.206478 0.062305 0.161943
1 0.606698 0.210526 0.042056 0.109312
