1 0.415109 0.929150 0.029595 0.089069
1 0.623053 0.882591 0.060748 0.157895
0 0.107477 0.785425 0.043614 0.109312
1 0.440031 0.870445 0.020249 0.048583
1 0.647196 0.455466 0.116822 0.198381
0 0.239097 0.779352 0.017134 0.052632
1 0.257009 0.576923 0.007788 0.012146
0 0.404984 0.580972 0.031153 0.076923
1 0.708723 0.625506 0.015576 0.052632
0 0.047508 0.275304 0.014019 0.032389
0 0.521807 0.429150 0.071651 0.137652
0 0.506231 0.238866 0.007788 0.024291
1 0.692368 0.896761 0.038941 0.097166
0 0.842679 0.532389 0.028037 0.089069
0 0.748442 0.627530 0.026480 0.048583
0 0.843458 0.815789 0.007788 0.020243
1 0.479751 0.698381 0.007788 0.020243
0 0.851246 0.957490 0.006231 0.012146
0 0.166667 0.894737 0.018692 0.040486
1 0.057632 0.933198 0.009346 0.028340
1 0.049844 0.506073 0.017134 0.056680
1 0.683801 0.305668 0.023364 0.056680
1 0.570872 0.115385 0.010903 0.028340
1 0.811526 0.917004 0.026480 0.044534
0 0.707944 0.319838 0.021807 0.072874
0 0.281153 0.811741 0.035826 0.089069
0 0.270249 0.917004 0.023364 0.056680
1 0.084112 0.811741 0.040498 0.113360
0 0.164330 0.487854 0.085670 0.198381
0 0.182243 0.228745 0.038941 0.149798
1 0.552181 0.694332 0.020249 0.044534
1 0.306075 0.386640 0.014019 0.040486
1 0.287383 0.858300 0.020249 0.056680
1 0.671340 0.882591 0.048287 0.182186
0 0.745327 0.823887 0.010903 0.020243
0 0.821651 0.317814 0.079439 0.165992
1 0.866822 0.283401 0.043614 0.121457
1 0.794393 0.433198 0.070093 0.202429
1 0.550623 0.220648 0.065421 0.153846
1 0.485202 0.226721 0.007788 0.032389
1 0.470405 0.344130 0.062305 0.080972
0 0.486760 0.467611 0.034268 0.161943
0 0.176791 0.661943 0.051402 0.101215
0 0.811526 0.757085 0.028037 0.052632
