0 0.314642 0.255061 0.028037 0.080972
1 0.877726 0.546559 0.018692 0.040486
1 0.629283 0.305668 0.046729 0.165992
1 0.319315 0.441296 0.006231 0.012146
1 0.521028 0.724696 0.079439 0.141700
0 0.664330 0.639676 0.023364 0.064777
0 0.772586 0.740891 0.021807 0.052632
1 0.661994 0.714575 0.015576 0.044534
1 0.612150 0.463563 0.073209 0.230769
0 0.119159 0.522267 0.032710 0.113360
1 0.742212 0.848178 0.020249 0.052632
1 0.369159 0.710526 0.024922 0.064777
1 0.648754 0.862348 0.057632 0.117409
1 0.883956 0.348178 0.042056 0.109312
1 0.148754 0.372470 0.034268 0.089069
1 0.721963 0.773279 0.040498 0.113360
0 0.091121 0.609312 0.074766 0.161943
1 0.254673 0.777328 0.017134 0.040486
0 0.549844 0.627530 0.057632 0.145749
0 0.473520 0.398785 0.046729 0.117409
1 0.335670 0.599190 0.040498 0.149798
1 0.464174 0.983806 0.009346 0.020243
1 0.156542 0.479757 0.012461 0.044534
1 0.756231 0.417004 0.012461 0.048583
0 0.073988 0.433198 0.042056 0.056680
1 0.714174 0.876518 0.010903 0.024291
0 0.762461 0.133603 0.014019 0.036437
0 0.705607 0.147773 0.024922 0.064777
0 0.415109 0.696356 0.015576 0.048583
0 0.426012 0.404858 0.023364 0.089069
0 0.289720 0.900810 0.042056 0.133603
1 0.780374 0.178138 0.021807 0.068826
1 0.239875 0.878543 0.024922 0.060729
0 0.654984 0.522267 0.031153 0.076923
1 0.876947 0.200405 0.035826 0.097166
1 0.347352 0.412955 0.042056 0.072874
0 0.261682 0.542510 0.042056 0.068826
1 0.264019 0.888664 0.035826 0.109312
0 0.858255 0.728745 0.012461 0.028340
1 0.214953 0.400810 0.028037 0.097166
1 0.598131 0.864372 0.012461 0.028340
1 0.427570 0.463563 0.038941 0.117409
