0 0.432243 0.269231 0.062305 0.182186
1 0.785826 0.493927 0.060748 0.170040
1 0.429128 0.414980 0.109034 0.210526
1 0.774143 0.720648 0.009346 0.040486
0 0.538941 0.346154 0.077882 0.149798
1 0.116044 0.251012 0.046729 0.105263
0 0.648754 0.748988 0.065421 0.206478
1 0.236760 0.599190 0.012461 0.028340
0 0.303738 0.742915 0.015576 0.044534
0 0.146417 0.635628 0.024922 0.068826
1 0.588006 0.429150 0.034268 0.089069
0 0.140187 0.321862 0.021807 0.052632
0 0.739875 0.668016 0.065421 0.145749
1 0.366044 0.753036 0.035826 0.109312
0 0.792835 0.380567 0.024922 0.072874
0 0.130062 0.917004 0.007788 0.036437
1 0.243769 0.884615 0.046729 0.117409
0 0.782710 0.147773 0.034268 0.072874
0 0.217290 0.338057 0.031153 0.113360
0 0.844237 0.724696 0.040498 0.105263
1 0.149533 0.556680 0.048287 0.101215
0 0.317757 0.204453 0.034268 0.089069
1 0.405763 0.161943 0.014019 0.044534
1 0.573988 0.605263 0.026480 0.052632
1 0.859034 0.208502 0.010903 0.024291
1 0.846573 0.232794 0.024922 0.101215
0 0.837227 0.178138 0.018692 0.040486
1 0.394081 0.842105 0.015576 0.036437
0 0.281153 0.702429 0.037383 0.137652
1 0.690810 0.289474 0.007788 0.020243
0 0.635514 0.437247 0.045171 0.129555
1 0.380062 0.153846 0.026480 0.068826
0 0.305296 0.935223 0.004673 0.016194
1 0.186916 0.174089 0.007788 0.028340
1 0.505452 0.886640 0.029595 0.133603
1 0.142523 0.704453 0.031153 0.153846
1 0.246885 0.463563 0.035826 0.145749
0 0.927570 0.755061 0.063863 0.157895
1 0.889408 0.433198 0.082555 0.267206
