0 0.809190 0.623482 0.059190 0.133603
1 0.766355 0.184211 0.021807 0.048583
1 0.205607 0.668016 0.068536 0.234818
1 0.617601 0.647773 0.029595 0.060729
1 0.588006 0.682186 0.040498 0.129555
1 0.369159 0.386640 0.032710 0.085020
1 0.563863 0.508097 0.028037 0.085020
0 0.391745 0.827935 0.040498 0.080972
0 0.550623 0.469636 0.010903 0.032389
0 0.502336 0.421053 0.012461 0.036437
1 0.081776 0.554656 0.021807 0.060729
1 0.264019 0.265182 0.037383 0.068826
1 0.331776 0.759109 0.052960 0.141700
1 0.279595 0.706478 0.014019 0.036437
0 0.943146 0.232794 0.017134 0.036437
1 0.454050 0.562753 0.112150 0.202429
1 0.721963 0.746964 0.045171 0.101215
1 0.683801 0.398785 0.048287 0.174089
0 0.087227 0.410931 0.014019 0.036437
1 0.317757 0.467611 0.031153 0.085020
1 0.170561 0.374494 0.109034 0.186235
1 0.732866 0.135628 0.015576 0.052632
0 0.720405 0.139676 0.007788 0.020243
1 0.227414 0.599190 0.049844 0.178138
1 0.421340 0.153846 0.020249 0.064777
1 0.425234 0.305668 0.054517 0.190283
0 0.337227 0.894737 0.023364 0.080972
1 0.242991 0.663968 0.048287 0.101215
0 0.184579 0.224696 0.076324 0.210526
1 0.816199 0.421053 0.010903 0.020243
1 0.788941 0.137652 0.028037 0.085020
1 0.524922 0.364372 0.035826 0.101215
0 0.310748 0.174089 0.056075 0.097166
0 0.135514 0.659919 0.006231 0.032389
1 0.163551 0.821862 0.066978 0.198381
1 0.940031 0.200405 0.012461 0.040486
1 0.069315 0.305668 0.046729 0.121457
1 0.829439 0.815789 0.009346 0.028340
0 0.379283 0.686235 0.031153 0.133603
1 0.660436 0.251012 0.066978 0.214575
1 0.410436 0.906883 0.015576 0.040486
0 0.739097 0.827935 0.024922 0.101215
1 0.269470 0.570850 0.012461 0.040486
1 0.734424 0.382591 0.070093 0.101215
1 0.267913 0.647773 0.032710 0.097166
0 0.655763 0.625506 0.012461 0.020243
0 0.454829 0.866397 0.009346 0.024291
1 0.823209 0.285425 0.073209 0.121457
1 0.374611 0.481781 0.029595 0.076923
0 0.551402 0.378543 0.038941 0.097166
1 0.415109 0.724696 0.066978 0.226721
