0 0.834112 0.374494 0.007788 0.020243
1 0.433022 0.744939 0.014019 0.040486
1 0.345016 0.151822 0.014019 0.044534
1 0.590343 0.352227 0.090343 0.445344
1 0.277259 0.809717 0.032710 0.125506
1 0.468847 0.283401 0.032710 0.089069
1 0.901869 0.204453 0.034268 0.085020
0 0.658100 0.578947 0.059190 0.093117
1 0.828660 0.168016 0.014019 0.056680
0 0.820093 0.967611 0.010903 0.024291
1 0.161994 0.251012 0.068536 0.149798
0 0.192368 0.787449 0.060748 0.186235
1 0.794393 0.611336 0.031153 0.105263
0 0.259346 0.761134 0.040498 0.121457
0 0.768692 0.842105 0.015576 0.064777
0 0.868380 0.487854 0.012461 0.040486
1 0.122274 0.532389 0.021807 0.040486
1 0.943925 0.611336 0.023364 0.036437
1 0.788941 0.313765 0.066978 0.109312
1 0.433801 0.206478 0.024922 0.080972
1 0.827103 0.858300 0.028037 0.076923
1 0.751558 0.730769 0.042056 0.101215
0 0.119938 0.633603 0.017134 0.036437
1 0.851246 0.366397 0.007788 0.028340
1 0.330997 0.829960 0.010903 0.020243
0 0.315421 0.570850 0.015576 0.044534
1 0.450935 0.459514 0.051402 0.117409
1 0.333333 0.653846 0.010903 0.036437
1 0.394860 0.524291 0.057632 0.133603
0 0.474299 0.908907 0.017134 0.040486
0 0.132399 0.742915 0.043614 0.137652
0 0.172118 0.536437 0.020249 0.048583
0 0.323209 0.947368 0.028037 0.076923
1 0.791277 0.775304 0.010903 0.036437
1 0.403427 0.688259 0.010903 0.068826
0 0.085670 0.376518 0.012461 0.032389
1 0.875389 0.672065 0.014019 0.032389
1 0.549844 0.775304 0.031153 0.060729
0 0.836449 0.477733 0.038941 0.085020
1 0.488318 0.637652 0.017134 0.048583
1 0.238318 0.384615 0.023364 0.048583
0 0.077882 0.246964 0.009346 0.024291
1 0.074766 0.548583 0.018692 0.093117
1 0.695483 0.627530 0.010903 0.040486
1 0.495327 0.892713 0.028037 0.076923
0 0.049844 0.724696 0.009346 0.020243
0 0.401869 0.819838 0.009346 0.020243
1 0.848131 0.680162 0.007788 0.024291
0 0.415888 0.295547 0.007788 0.024291
