1 0.225078 0.311741 0.026480 0.072874
0 0.630062 0.805668 0.034268 0.093117
0 0.477414 0.423077 0.029595 0.060729
1 0.217290 0.635628 0.038941 0.064777
1 0.201713 0.188259 0.046729 0.105263
1 0.138629 0.495951 0.045171 0.125506
1 0.541277 0.259109 0.028037 0.093117
0 0.835670 0.319838 0.043614 0.085020
0 0.486760 0.220648 0.079439 0.206478
1 0.353583 0.607287 0.024922 0.064777
1 0.315421 0.842105 0.012461 0.028340
0 0.446262 0.236842 0.014019 0.036437
0 0.264019 0.566802 0.040498 0.105263
1 0.109813 0.726721 0.040498 0.117409
1 0.355140 0.919028 0.006231 0.024291
1 0.096573 0.251012 0.057632 0.137652
1 0.112150 0.884615 0.015576 0.048583
1 0.845016 0.856275 0.014019 0.044534
0 0.465732 0.676113 0.034268 0.097166
1 0.742991 0.386640 0.073209 0.157895
0 0.499221 0.902834 0.018692 0.044534
1 0.206386 0.402834 0.048287 0.137652
0 0.070093 0.578947 0.031153 0.089069
1 0.448598 0.522267 0.043614 0.117409
1 0.573209 0.929150 0.006231 0.028340
0 0.186916 0.534413 0.004673 0.012146
1 0.527259 0.354251 0.018692 0.072874
1 0.559190 0.487854 0.037383 0.121457
0 0.366822 0.518219 0.017134 0.036437
1 0.139408 0.362348 0.049844 0.117409
1 0.489097 0.627530 0.018692 0.040486
1 0.290498 0.344130 0.023364 0.056680
1 0.848131 0.473684 0.020249 0.040486
0 0.570872 0.874494 0.029595 0.052632
1 0.659657 0.607287 0.057632 0.129555
