1 0.408100 0.694332 0.051402 0.125506
1 0.537383 0.927126 0.007788 0.024291
1 0.104361 0.787449 0.074766 0.198381
1 0.328660 0.123482 0.012461 0.048583
1 0.802960 0.793522 0.034268 0.113360
1 0.345016 0.578947 0.063863 0.109312
1 0.464953 0.269231 0.051402 0.117409
0 0.177570 0.467611 0.012461 0.032389
0 0.221184 0.151822 0.004673 0.020243
1 0.678349 0.556680 0.088785 0.255061
1 0.718847 0.951417 0.024922 0.064777
1 0.600467 0.589069 0.057632 0.170040
0 0.580997 0.967611 0.020249 0.040486
1 0.861371 0.700405 0.080997 0.149798
1 0.265576 0.755061 0.023364 0.036437
1 0.668224 0.224696 0.059190 0.170040
1 0.250000 0.271255 0.029595 0.072874
0 0.565421 0.489879 0.048287 0.165992
1 0.792835 0.323887 0.017134 0.044534
0 0.228972 0.368421 0.006231 0.016194
1 0.567757 0.665992 0.024922 0.052632
1 0.926012 0.548583 0.032710 0.080972
1 0.521807 0.823887 0.049844 0.170040
0 0.884735 0.216599 0.009346 0.028340
1 0.381620 0.216599 0.024922 0.089069
1 0.469626 0.309717 0.051402 0.125506
0 0.455607 0.722672 0.007788 0.020243
1 0.394860 0.817814 0.037383 0.109312
1 0.527259 0.354251 0.032710 0.064777
1 0.328660 0.370445 0.048287 0.121457
1 0.213396 0.734818 0.057632 0.125506
1 0.532710 0.131579 0.028037 0.072874
0 0.602025 0.479757 0.037383 0.089069
0 0.077103 0.311741 0.042056 0.089069
1 0.165888 0.655870 0.034268 0.080972
1 0.068536 0.206478 0.037383 0.121457
1 0.393302 0.350202 0.026480 0.080972
1 0.594237 0.234818 0.017134 0.036437
1 0.264019 0.246964 0.014019 0.032389
0 0.764019 0.704453 0.051402 0.137652
1 0.938474 0.111336 0.009346 0.028340
1 0.438474 0.882591 0.066978 0.157895
1 0.311526 0.894737 0.014019 0.040486
0 0.732866 0.425101 0.054517 0.121457
1 0.921340 0.143725 0.029595 0.068826
1 0.327103 0.435223 0.014019 0.036437
1 0.919003 0.880567 0.023364 0.048583
0 0.786604 0.674089 0.024922 0.044534
0 0.524922 0.230769 0.028037 0.076923
1 0.531931 0.593117 0.034268 0.089069
0 0.148754 0.589069 0.035826 0.093117
0 0.309969 0.842105 0.031153 0.080972
1 0.433022 0.971660 0.009346 0.032389
0 0.515576 0.647773 0.014019 0.036437
0 0.852025 0.544534 0.035826 0.085020
