0 0.586449 0.506073 0.068536 0.206478
0 0.852804 0.475709 0.052960 0.121457
1 0.618380 0.682186 0.076324 0.323887
1 0.179128 0.888664 0.071651 0.141700
1 0.233645 0.230769 0.031153 0.040486
0 0.771807 0.431174 0.046729 0.105263
1 0.725857 0.457490 0.040498 0.064777
1 0.514019 0.744939 0.076324 0.210526
1 0.146417 0.246964 0.017134 0.072874
1 0.752336 0.700405 0.059190 0.165992
1 0.168224 0.394737 0.020249 0.048583
0 0.690031 0.305668 0.038941 0.117409
1 0.296729 0.773279 0.043614 0.157895
1 0.248442 0.775304 0.085670 0.174089
1 0.878505 0.914980 0.046729 0.129555
1 0.676791 0.433198 0.020249 0.048583
1 0.928349 0.558704 0.006231 0.016194
0 0.070093 0.417004 0.028037 0.052632
1 0.480530 0.427126 0.029595 0.052632
1 0.539720 0.601215 0.021807 0.048583
1 0.199377 0.516194 0.006231 0.024291
1 0.623832 0.890688 0.024922 0.072874
1 0.136293 0.443320 0.031153 0.101215
1 0.151869 0.307692 0.028037 0.101215
0 0.329439 0.287449 0.038941 0.093117
0 0.411215 0.686235 0.012461 0.028340
1 0.873053 0.307692 0.020249 0.048583
0 0.350467 0.751012 0.010903 0.044534
1 0.262461 0.957490 0.018692 0.056680
0 0.403427 0.844130 0.043614 0.109312
1 0.888629 0.469636 0.065421 0.178138
0 0.718847 0.925101 0.043614 0.093117
0 0.155763 0.805668 0.034268 0.097166
1 0.090343 0.564777 0.062305 0.174089
0 0.120717 0.595142 0.034268 0.068826
0 0.203271 0.248988 0.023364 0.044534
1 0.286604 0.321862 0.009346 0.028340
1 0.707944 0.769231 0.042056 0.093117
1 0.355140 0.536437 0.032710 0.068826
1 0.056075 0.439271 0.009346 0.036437
1 0.698598 0.228745 0.029595 0.085020
1 0.889408 0.153846 0.021807 0.052632
0 0.579439 0.311741 0.040498 0.093117
1 0.088785 0.720648 0.015576 0.040486
0 0.177570 0.196356 0.032710 0.117409
1 0.399533 0.427126 0.065421 0.186235
0 0.598910 0.396761 0.038941 0.080972
1 0.765576 0.372470 0.023364 0.109312
0 0.626168 0.137652 0.010903 0.032389
1 0.776480 0.900810 0.046729 0.129555
0 0.086449 0.435223 0.020249 0.048583
1 0.088785 0.230769 0.080997 0.226721
1 0.567757 0.973684 0.014019 0.036437
1 0.380841 0.732794 0.029595 0.089069
0 0.366044 0.287449 0.014019 0.040486
0 0.862150 0.670040 0.007788 0.020243
0 0.550623 0.376518 0.040498 0.133603
1 0.175234 0.506073 0.028037 0.068826
