1 0.796729 0.601215 0.040498 0.093117
1 0.387072 0.354251 0.024922 0.080972
1 0.310748 0.299595 0.018692 0.056680
1 0.938474 0.607287 0.028037 0.068826
1 0.227414 0.846154 0.009346 0.024291
1 0.622274 0.423077 0.012461 0.024291
1 0.808411 0.180162 0.034268 0.113360
1 0.616822 0.483806 0.024922 0.032389
0 0.103583 0.530364 0.024922 0.097166
1 0.538162 0.196356 0.010903 0.028340
1 0.155763 0.475709 0.018692 0.060729
1 0.390187 0.807692 0.056075 0.117409
1 0.757788 0.700405 0.026480 0.060729
1 0.815421 0.748988 0.023364 0.056680
1 0.331776 0.103239 0.007788 0.028340
1 0.531153 0.137652 0.023364 0.048583
0 0.635514 0.342105 0.009346 0.020243
0 0.566199 0.402834 0.068536 0.161943
1 0.176012 0.346154 0.038941 0.085020
1 0.118380 0.522267 0.026480 0.044534
1 0.279595 0.544534 0.020249 0.064777
1 0.103583 0.880567 0.007788 0.040486
0 0.853583 0.376518 0.023364 0.076923
0 0.867601 0.431174 0.032710 0.080972
1 0.688474 0.680162 0.024922 0.068826
1 0.742212 0.297571 0.035826 0.101215
0 0.908879 0.406883 0.026480 0.052632
1 0.537383 0.340081 0.059190 0.170040
0 0.850467 0.906883 0.017134 0.036437
0 0.316199 0.878543 0.007788 0.024291
1 0.885514 0.753036 0.037383 0.089069
1 0.111371 0.917004 0.018692 0.044534
0 0.781153 0.947368 0.023364 0.085020
1 0.477414 0.518219 0.024922 0.068826
1 0.785826 0.864372 0.084112 0.174089
1 0.619938 0.408907 0.006231 0.024291
0 0.063084 0.331984 0.029595 0.060729
0 0.055296 0.240891 0.018692 0.048583
1 0.320872 0.732794 0.046729 0.117409
0 0.432243 0.378543 0.035826 0.105263
1 0.632399 0.708502 0.007788 0.020243
1 0.059969 0.153846 0.015576 0.044534
0 0.558411 0.522267 0.052960 0.080972
1 0.650312 0.273279 0.020249 0.072874
0 0.353583 0.704453 0.020249 0.056680
1 0.258567 0.953441 0.017134 0.048583
1 0.073988 0.734818 0.012461 0.032389
0 0.110592 0.694332 0.023364 0.048583
1 0.088785 0.639676 0.021807 0.052632
1 0.063084 0.392713 0.004673 0.024291
0 0.700156 0.657895 0.026480 0.056680
