1 0.757009 0.868421 0.079439 0.170040
0 0.359034 0.898785 0.012461 0.032389
0 0.859813 0.690283 0.020249 0.072874
0 0.362150 0.392713 0.087227 0.206478
1 0.260903 0.730769 0.020249 0.068826
1 0.319315 0.773279 0.052960 0.157895
1 0.831776 0.176113 0.040498 0.105263
1 0.070093 0.208502 0.010903 0.036437
0 0.731308 0.277328 0.068536 0.182186
1 0.751558 0.566802 0.042056 0.121457
1 0.670561 0.730769 0.043614 0.085020
0 0.559969 0.769231 0.010903 0.024291
1 0.432243 0.325911 0.077882 0.101215
1 0.683801 0.246964 0.015576 0.032389
1 0.905763 0.730769 0.007788 0.024291
0 0.181464 0.819838 0.017134 0.036437
1 0.056854 0.226721 0.020249 0.056680
0 0.851246 0.807692 0.028037 0.056680
1 0.568536 0.216599 0.063863 0.125506
1 0.124611 0.852227 0.090343 0.125506
1 0.323988 0.190283 0.043614 0.117409
0 0.494548 0.609312 0.014019 0.032389
1 0.789720 0.746964 0.009346 0.036437
0 0.084891 0.414980 0.042056 0.093117
1 0.895639 0.354251 0.015576 0.068826
1 0.865265 0.425101 0.024922 0.072874
0 0.786604 0.313765 0.070093 0.271255
0 0.506231 0.265182 0.010903 0.028340
1 0.609034 0.184211 0.012461 0.036437
1 0.082555 0.781377 0.010903 0.048583
1 0.848910 0.902834 0.029595 0.105263
0 0.704050 0.433198 0.077882 0.145749
0 0.102025 0.263158 0.017134 0.064777
0 0.185358 0.291498 0.052960 0.145749
0 0.094237 0.738866 0.029595 0.080972
1 0.261682 0.653846 0.015576 0.056680
0 0.172897 0.443320 0.035826 0.105263
1 0.536604 0.192308 0.032710 0.109312
1 0.317757 0.929150 0.023364 0.097166
0 0.497664 0.562753 0.010903 0.028340
0 0.857477 0.327935 0.040498 0.121457
0 0.566978 0.670040 0.045171 0.101215
1 0.624611 0.356275 0.073209 0.153846
1 0.932243 0.639676 0.020249 0.044534
1 0.118380 0.522267 0.074766 0.149798
0 0.063084 0.362348 0.015576 0.044534
0 0.584891 0.325911 0.051402 0.234818
1 0.170561 0.489879 0.028037 0.085020
1 0.827882 0.746964 0.048287 0.093117
0 0.896417 0.246964 0.023364 0.048583
1 0.225078 0.767206 0.040498 0.093117
0 0.231308 0.261134 0.024922 0.101215
0 0.109813 0.635628 0.074766 0.161943
1 0.453271 0.562753 0.045171 0.101215
0 0.172897 0.765182 0.032710 0.097166
1 0.161215 0.674089 0.043614 0.141700
0 0.816978 0.783401 0.031153 0.072874
