1 0.503894 0.323887 0.017134 0.040486
0 0.222741 0.423077 0.035826 0.052632
1 0.236760 0.854251 0.037383 0.085020
1 0.904984 0.455466 0.059190 0.093117
0 0.361371 0.419028 0.015576 0.044534
0 0.867601 0.352227 0.096573 0.222672
0 0.749221 0.336032 0.059190 0.105263
1 0.683801 0.495951 0.042056 0.129555
1 0.111371 0.597166 0.037383 0.093117
0 0.933022 0.514170 0.034268 0.080972
1 0.493769 0.712551 0.035826 0.072874
1 0.792835 0.378543 0.009346 0.028340
1 0.186916 0.317814 0.088785 0.206478
1 0.362150 0.635628 0.057632 0.137652
1 0.515576 0.277328 0.018692 0.036437
1 0.116822 0.178138 0.015576 0.048583
0 0.720405 0.192308 0.046729 0.089069
1 0.393302 0.491903 0.017134 0.036437
0 0.088006 0.595142 0.020249 0.056680
1 0.800623 0.143725 0.014019 0.064777
1 0.935358 0.293522 0.046729 0.080972
1 0.824766 0.192308 0.052960 0.145749
0 0.327103 0.508097 0.049844 0.145749
1 0.050623 0.340081 0.029595 0.097166
0 0.604361 0.447368 0.032710 0.064777
0 0.802960 0.912955 0.035826 0.052632
0 0.113707 0.898785 0.015576 0.048583
1 0.479751 0.856275 0.042056 0.101215
0 0.804517 0.876518 0.017134 0.036437
0 0.323988 0.321862 0.029595 0.085020
1 0.206386 0.611336 0.091900 0.251012
0 0.159657 0.720648 0.045171 0.141700
1 0.475857 0.307692 0.021807 0.068826
