1 0.774143 0.514170 0.009346 0.024291
1 0.052960 0.625506 0.015576 0.040486
0 0.684579 0.374494 0.024922 0.052632
1 0.250000 0.178138 0.012461 0.032389
1 0.285826 0.404858 0.014019 0.032389
1 0.306075 0.651822 0.038941 0.089069
1 0.482866 0.659919 0.034268 0.109312
1 0.306854 0.188259 0.040498 0.161943
1 0.544393 0.779352 0.029595 0.129555
1 0.305296 0.720648 0.023364 0.064777
0 0.888629 0.933198 0.031153 0.097166
0 0.890966 0.769231 0.024922 0.076923
0 0.603583 0.208502 0.038941 0.121457
1 0.316199 0.945344 0.028037 0.068826
0 0.454050 0.439271 0.031153 0.072874
0 0.600467 0.303644 0.065421 0.190283
1 0.767134 0.823887 0.045171 0.117409
1 0.859034 0.398785 0.010903 0.036437
1 0.246885 0.838057 0.028037 0.080972
1 0.921340 0.979757 0.007788 0.024291
1 0.812305 0.769231 0.032710 0.089069
0 0.786604 0.738866 0.009346 0.032389
1 0.737539 0.356275 0.035826 0.089069
1 0.123053 0.769231 0.073209 0.186235
0 0.056075 0.135628 0.017134 0.048583
1 0.604361 0.674089 0.029595 0.072874
1 0.342679 0.906883 0.045171 0.089069
1 0.132399 0.419028 0.054517 0.194332
1 0.950935 0.898785 0.010903 0.024291
0 0.808411 0.159919 0.029595 0.068826
0 0.208723 0.923077 0.009346 0.024291
1 0.353583 0.854251 0.035826 0.105263
0 0.467290 0.947368 0.034268 0.060729
0 0.536604 0.301619 0.015576 0.044534
1 0.494548 0.868421 0.031153 0.101215
0 0.447040 0.224696 0.043614 0.145749
1 0.164330 0.742915 0.034268 0.085020
1 0.901090 0.625506 0.028037 0.064777
1 0.679907 0.708502 0.014019 0.052632
1 0.496106 0.730769 0.024922 0.080972
1 0.642523 0.917004 0.012461 0.036437
0 0.580997 0.633603 0.012461 0.036437
1 0.252336 0.368421 0.014019 0.048583
1 0.670561 0.574899 0.009346 0.040486
0 0.539720 0.491903 0.023364 0.068826
1 0.609034 0.866397 0.021807 0.048583
1 0.451713 0.751012 0.015576 0.052632
1 0.859813 0.329960 0.014019 0.032389
1 0.804517 0.714575 0.032710 0.056680
1 0.609034 0.797571 0.031153 0.052632
1 0.891745 0.876518 0.040498 0.105263
1 0.397975 0.174089 0.014019 0.036437
1 0.657321 0.214575 0.015576 0.056680
