1 0.288941 0.641700 0.045171 0.113360
1 0.419003 0.550607 0.043614 0.145749
1 0.876947 0.912955 0.062305 0.101215
0 0.359034 0.178138 0.026480 0.044534
1 0.866822 0.461538 0.029595 0.109312
1 0.443925 0.637652 0.012461 0.072874
1 0.345016 0.382591 0.015576 0.044534
1 0.737539 0.267206 0.042056 0.101215
0 0.285047 0.477733 0.060748 0.202429
1 0.427570 0.228745 0.054517 0.226721
0 0.758567 0.352227 0.012461 0.028340
0 0.315421 0.253036 0.014019 0.032389
0 0.550623 0.761134 0.004673 0.016194
1 0.381620 0.364372 0.035826 0.060729
0 0.109034 0.765182 0.028037 0.121457
1 0.842679 0.238866 0.006231 0.016194
1 0.924455 0.297571 0.054517 0.149798
1 0.605140 0.485830 0.026480 0.072874
0 0.566199 0.242915 0.040498 0.153846
0 0.356698 0.574899 0.014019 0.036437
0 0.906542 0.402834 0.015576 0.044534
0 0.459502 0.716599 0.034268 0.101215
1 0.502336 0.483806 0.059190 0.080972
0 0.193146 0.514170 0.015576 0.044534
1 0.354361 0.544534 0.024922 0.064777
1 0.311526 0.121457 0.018692 0.040486
1 0.321651 0.663968 0.007788 0.028340
0 0.687695 0.427126 0.037383 0.113360
0 0.756231 0.633603 0.012461 0.028340
1 0.624611 0.248988 0.034268 0.097166
0 0.480530 0.684211 0.010903 0.036437
1 0.214174 0.131579 0.010903 0.024291
1 0.648754 0.740891 0.052960 0.190283
1 0.258567 0.453441 0.037383 0.174089
1 0.751558 0.874494 0.062305 0.210526
1 0.190031 0.726721 0.077882 0.129555
1 0.581776 0.943320 0.010903 0.028340
1 0.478972 0.898785 0.004673 0.008097
1 0.605140 0.439271 0.010903 0.020243
1 0.783489 0.263158 0.071651 0.145749
