1 0.549065 0.425101 0.021807 0.056680
1 0.466511 0.722672 0.020249 0.048583
1 0.457944 0.821862 0.043614 0.076923
1 0.677570 0.117409 0.012461 0.028340
0 0.669003 0.829960 0.021807 0.036437
1 0.887072 0.404858 0.066978 0.259109
1 0.105140 0.263158 0.032710 0.157895
1 0.308411 0.406883 0.037383 0.064777
1 0.364486 0.783401 0.021807 0.044534
1 0.176012 0.155870 0.009346 0.032389
1 0.674455 0.198381 0.028037 0.056680
0 0.543614 0.518219 0.034268 0.064777
1 0.823988 0.931174 0.012461 0.056680
1 0.299065 0.914980 0.043614 0.133603
1 0.268692 0.508097 0.043614 0.174089
1 0.496885 0.325911 0.035826 0.125506
1 0.751558 0.838057 0.059190 0.178138
1 0.627726 0.599190 0.028037 0.060729
0 0.135514 0.421053 0.009346 0.024291
1 0.373832 0.283401 0.023364 0.101215
0 0.733645 0.159919 0.018692 0.068826
1 0.831776 0.404858 0.043614 0.113360
1 0.279595 0.917004 0.042056 0.109312
1 0.700156 0.479757 0.060748 0.206478
1 0.789720 0.362348 0.026480 0.068826
0 0.631620 0.912955 0.004673 0.012146
0 0.625389 0.238866 0.015576 0.048583
0 0.315421 0.710526 0.045171 0.137652
0 0.419003 0.200405 0.024922 0.068826
1 0.665888 0.390688 0.021807 0.060729
0 0.242991 0.815789 0.024922 0.060729
0 0.873053 0.597166 0.042056 0.141700
1 0.170561 0.255061 0.059190 0.149798
1 0.469626 0.668016 0.023364 0.060729
0 0.390187 0.210526 0.020249 0.044534
0 0.423676 0.125506 0.024922 0.064777
1 0.218069 0.562753 0.043614 0.093117
1 0.788162 0.487854 0.028037 0.109312
1 0.496106 0.856275 0.029595 0.097166
0 0.296729 0.240891 0.010903 0.036437
1 0.482087 0.751012 0.014019 0.040486
0 0.346573 0.848178 0.034268 0.076923
1 0.869159 0.900810 0.032710 0.101215
1 0.795171 0.206478 0.042056 0.089069
1 0.619159 0.277328 0.021807 0.060729
0 0.219626 0.953441 0.020249 0.060729
1 0.250779 0.759109 0.014019 0.032389
1 0.249221 0.336032 0.026480 0.064777
0 0.052960 0.358300 0.020249 0.044534
1 0.169003 0.629555 0.023364 0.056680
1 0.272586 0.647773 0.021807 0.076923
0 0.515576 0.852227 0.035826 0.080972
1 0.465732 0.206478 0.034268 0.101215
1 0.150312 0.872470 0.045171 0.133603
1 0.501558 0.532389 0.024922 0.060729
1 0.415888 0.336032 0.037383 0.174089
1 0.618380 0.789474 0.014019 0.024291
1 0.506231 0.821862 0.026480 0.097166
0 0.132399 0.653846 0.031153 0.052632
