0 0.763240 0.844130 0.018692 0.044534
1 0.640966 0.892713 0.021807 0.044534
0 0.084112 0.493927 0.009346 0.024291
1 0.475857 0.483806 0.090343 0.145749
1 0.212617 0.410931 0.045171 0.080972
0 0.521028 0.206478 0.032710 0.076923
1 0.447819 0.587045 0.045171 0.064777
0 0.845794 0.453441 0.066978 0.157895
0 0.475078 0.710526 0.051402 0.141700
1 0.863707 0.172065 0.043614 0.101215
1 0.098131 0.670040 0.038941 0.133603
1 0.915109 0.785425 0.010903 0.032389
1 0.485981 0.208502 0.060748 0.178138
1 0.155763 0.882591 0.028037 0.085020
0 0.928349 0.765182 0.017134 0.048583
1 0.829439 0.627530 0.043614 0.052632
0 0.821651 0.540486 0.014019 0.036437
0 0.643302 0.661943 0.054517 0.129555
1 0.612928 0.684211 0.017134 0.032389
0 0.525701 0.506073 0.102804 0.161943
1 0.072430 0.289474 0.029595 0.113360
1 0.086449 0.844130 0.020249 0.044534
1 0.595016 0.493927 0.017134 0.036437
0 0.710280 0.417004 0.018692 0.048583
0 0.664330 0.293522 0.034268 0.076923
1 0.462617 0.902834 0.032710 0.080972
1 0.937695 0.384615 0.024922 0.060729
1 0.232087 0.619433 0.043614 0.060729
1 0.811526 0.378543 0.037383 0.072874
1 0.678349 0.645749 0.040498 0.113360
1 0.482866 0.846154 0.035826 0.101215
1 0.338785 0.969636 0.014019 0.028340
1 0.200935 0.854251 0.043614 0.105263
1 0.163551 0.767206 0.043614 0.190283
1 0.602025 0.287449 0.049844 0.068826
1 0.775701 0.435223 0.035826 0.129555
0 0.320872 0.736842 0.109034 0.230769
1 0.672897 0.704453 0.049844 0.137652
0 0.791277 0.589069 0.024922 0.080972
0 0.725078 0.773279 0.004673 0.020243
0 0.207944 0.471660 0.014019 0.036437
1 0.098910 0.510121 0.029595 0.056680
0 0.286604 0.220648 0.049844 0.137652
0 0.904984 0.161943 0.020249 0.060729
1 0.788162 0.959514 0.003115 0.008097
0 0.313084 0.246964 0.043614 0.153846
0 0.294393 0.874494 0.037383 0.093117
0 0.179128 0.277328 0.042056 0.101215
