1 0.647975 0.611336 0.034268 0.064777
0 0.204829 0.599190 0.010903 0.024291
0 0.545171 0.443320 0.032710 0.125506
1 0.316978 0.574899 0.040498 0.121457
1 0.463396 0.506073 0.034268 0.121457
1 0.225078 0.323887 0.032710 0.076923
0 0.551402 0.342105 0.017134 0.060729
1 0.390966 0.552632 0.021807 0.044534
1 0.176012 0.376518 0.015576 0.036437
0 0.365265 0.548583 0.026480 0.072874
1 0.183801 0.917004 0.042056 0.085020
0 0.243769 0.827935 0.037383 0.125506
0 0.186916 0.514170 0.043614 0.141700
1 0.329439 0.651822 0.007788 0.020243
1 0.133178 0.870445 0.037383 0.060729
1 0.213396 0.732794 0.026480 0.085020
0 0.646417 0.838057 0.068536 0.165992
1 0.430685 0.607287 0.040498 0.109312
1 0.517913 0.267206 0.042056 0.129555
0 0.540498 0.637652 0.020249 0.060729
1 0.716511 0.520243 0.020249 0.036437
1 0.289720 0.927126 0.028037 0.101215
1 0.915109 0.512146 0.023364 0.076923
0 0.940810 0.242915 0.009346 0.024291
0 0.253115 0.657895 0.028037 0.080972
0 0.419782 0.479757 0.037383 0.060729
1 0.498442 0.453441 0.042056 0.105263
1 0.271028 0.546559 0.090343 0.113360
0 0.380062 0.834008 0.040498 0.105263
1 0.587227 0.145749 0.020249 0.056680
0 0.378505 0.299595 0.042056 0.145749
1 0.143302 0.568826 0.068536 0.170040
1 0.496885 0.935223 0.010903 0.028340
1 0.235981 0.491903 0.010903 0.032389
0 0.496106 0.834008 0.023364 0.072874
0 0.387850 0.421053 0.059190 0.174089
1 0.304517 0.751012 0.040498 0.072874
1 0.429128 0.684211 0.026480 0.072874
1 0.092679 0.605263 0.035826 0.101215
1 0.529595 0.178138 0.045171 0.105263
1 0.123832 0.220648 0.010903 0.044534
1 0.087227 0.726721 0.029595 0.060729
0 0.837227 0.813765 0.051402 0.161943
1 0.077882 0.378543 0.043614 0.076923
1 0.213396 0.785425 0.020249 0.068826
1 0.712617 0.289474 0.032710 0.109312
1 0.915888 0.228745 0.006231 0.020243
1 0.648754 0.550607 0.021807 0.052632
