0 0.612928 0.368421 0.038941 0.121457
1 0.364486 0.378543 0.065421 0.165992
1 0.245327 0.888664 0.017134 0.036437
1 0.201713 0.188259 0.070093 0.157895
1 0.822430 0.510121 0.065421 0.157895
0 0.489097 0.145749 0.009346 0.016194
1 0.695483 0.457490 0.020249 0.052632
0 0.262461 0.439271 0.040498 0.129555
1 0.424455 0.218623 0.065421 0.145749
0 0.626947 0.309717 0.034268 0.089069
0 0.503115 0.469636 0.060748 0.145749
1 0.541277 0.894737 0.029595 0.072874
1 0.070872 0.307692 0.014019 0.040486
1 0.616044 0.665992 0.015576 0.036437
0 0.153427 0.491903 0.043614 0.109312
1 0.947040 0.194332 0.023364 0.064777
0 0.101246 0.599190 0.017134 0.040486
0 0.380062 0.572874 0.049844 0.137652
0 0.697040 0.568826 0.054517 0.141700
1 0.754673 0.710526 0.062305 0.263158
1 0.623832 0.554656 0.048287 0.149798
1 0.881620 0.773279 0.048287 0.129555
0 0.197040 0.522267 0.017134 0.040486
1 0.320093 0.854251 0.051402 0.113360
1 0.302181 0.504049 0.077882 0.141700
1 0.283489 0.765182 0.045171 0.113360
1 0.929907 0.398785 0.018692 0.052632
1 0.179907 0.417004 0.032710 0.089069
1 0.746885 0.257085 0.032710 0.060729
0 0.918224 0.301619 0.024922 0.060729
1 0.133956 0.744939 0.127726 0.161943
0 0.478193 0.192308 0.018692 0.052632
1 0.639408 0.744939 0.009346 0.024291
0 0.519470 0.342105 0.031153 0.097166
0 0.391745 0.815789 0.029595 0.060729
1 0.862150 0.404858 0.046729 0.101215
1 0.301402 0.722672 0.037383 0.093117
1 0.529595 0.665992 0.074766 0.121457
1 0.610592 0.186235 0.029595 0.076923
1 0.615265 0.688259 0.007788 0.032389
1 0.548287 0.125506 0.020249 0.056680
0 0.943925 0.350202 0.015576 0.028340
1 0.835670 0.273279 0.007788 0.028340
1 0.744548 0.382591 0.018692 0.028340
1 0.131620 0.459514 0.034268 0.105263
0 0.556075 0.194332 0.020249 0.056680
0 0.834112 0.285425 0.009346 0.028340
0 0.901090 0.878543 0.023364 0.048583
