0 0.490654 0.627530 0.031153 0.068826
1 0.731308 0.265182 0.040498 0.068826
1 0.594237 0.728745 0.012461 0.048583
1 0.535826 0.479757 0.017134 0.028340
1 0.761682 0.244939 0.020249 0.056680
1 0.661215 0.459514 0.062305 0.161943
1 0.832555 0.688259 0.038941 0.080972
0 0.868380 0.161943 0.020249 0.056680
1 0.334891 0.866397 0.040498 0.089069
1 0.618380 0.248988 0.020249 0.036437
0 0.599688 0.585020 0.051402 0.161943
0 0.450935 0.414980 0.020249 0.060729
0 0.575545 0.927126 0.031153 0.093117
1 0.200935 0.376518 0.009346 0.024291
1 0.095016 0.939271 0.024922 0.072874
0 0.506231 0.560729 0.040498 0.080972
1 0.065421 0.218623 0.018692 0.028340
1 0.393302 0.803644 0.026480 0.117409
0 0.837227 0.311741 0.048287 0.149798
0 0.161215 0.605263 0.037383 0.105263
1 0.848910 0.846154 0.068536 0.259109
0 0.534268 0.214575 0.018692 0.048583
1 0.089564 0.370445 0.034268 0.117409
1 0.319315 0.248988 0.037383 0.109312
1 0.757009 0.455466 0.012461 0.040486
0 0.109034 0.641700 0.032710 0.072874
0 0.172897 0.394737 0.034268 0.097166
0 0.170561 0.943320 0.004673 0.016194
1 0.310748 0.674089 0.020249 0.048583
1 0.246106 0.340081 0.062305 0.222672
0 0.401869 0.301619 0.010903 0.032389
0 0.165888 0.819838 0.020249 0.048583
0 0.224299 0.783401 0.056075 0.093117
