1 0.444704 0.748988 0.018692 0.048583
1 0.085670 0.961538 0.009346 0.024291
0 0.558411 0.793522 0.057632 0.145749
0 0.781931 0.147773 0.040498 0.101215
1 0.552960 0.376518 0.037383 0.113360
1 0.427570 0.878543 0.035826 0.101215
0 0.542835 0.927126 0.029595 0.064777
1 0.296729 0.287449 0.040498 0.097166
1 0.056075 0.139676 0.009346 0.020243
1 0.605919 0.313765 0.018692 0.044534
1 0.446262 0.688259 0.015576 0.048583
1 0.859034 0.746964 0.010903 0.024291
1 0.690031 0.704453 0.018692 0.052632
1 0.401090 0.188259 0.043614 0.137652
0 0.685358 0.491903 0.026480 0.093117
0 0.320093 0.716599 0.054517 0.202429
1 0.337227 0.196356 0.026480 0.080972
1 0.150312 0.305668 0.066978 0.165992
0 0.481308 0.366397 0.110592 0.299595
1 0.311526 0.516194 0.014019 0.028340
1 0.781931 0.700405 0.018692 0.072874
0 0.613707 0.441296 0.034268 0.129555
1 0.911994 0.196356 0.073209 0.141700
1 0.363707 0.163968 0.031153 0.068826
1 0.919782 0.475709 0.026480 0.097166
0 0.605919 0.844130 0.028037 0.076923
0 0.440810 0.844130 0.017134 0.068826
1 0.401090 0.342105 0.028037 0.072874
0 0.889408 0.767206 0.017134 0.044534
1 0.647196 0.587045 0.046729 0.121457
1 0.595016 0.627530 0.024922 0.048583
1 0.249221 0.597166 0.051402 0.097166
1 0.883956 0.649798 0.062305 0.117409
0 0.611371 0.943320 0.021807 0.060729
1 0.247664 0.372470 0.006231 0.020243
1 0.643302 0.860324 0.049844 0.214575
0 0.757009 0.461538 0.037383 0.089069
1 0.767913 0.568826 0.012461 0.032389
1 0.515576 0.672065 0.034268 0.068826
0 0.086449 0.271255 0.048287 0.165992
0 0.480530 0.141700 0.031153 0.080972
0 0.112928 0.631579 0.032710 0.133603
1 0.084112 0.412955 0.084112 0.178138
0 0.243769 0.439271 0.026480 0.068826
0 0.070872 0.807692 0.007788 0.032389
1 0.938474 0.718623 0.021807 0.036437
