1 0.232866 0.277328 0.017134 0.028340
1 0.616044 0.844130 0.056075 0.105263
1 0.343458 0.880567 0.068536 0.153846
0 0.143302 0.293522 0.020249 0.040486
0 0.151869 0.599190 0.020249 0.032389
1 0.542056 0.433198 0.046729 0.064777
1 0.236760 0.546559 0.017134 0.044534
1 0.746885 0.888664 0.010903 0.028340
1 0.434579 0.384615 0.024922 0.056680
1 0.455607 0.884615 0.029595 0.064777
1 0.112928 0.261134 0.043614 0.125506
1 0.062305 0.500000 0.018692 0.048583
1 0.253115 0.457490 0.032710 0.125506
1 0.855140 0.746964 0.023364 0.044534
1 0.847352 0.829960 0.034268 0.080972
1 0.956386 0.714575 0.004673 0.012146
0 0.458723 0.748988 0.049844 0.093117
1 0.193925 0.168016 0.020249 0.028340
1 0.320872 0.412955 0.052960 0.125506
1 0.058411 0.955466 0.023364 0.032389
1 0.882399 0.469636 0.057632 0.170040
1 0.908879 0.291498 0.010903 0.020243
0 0.108255 0.510121 0.024922 0.040486
1 0.373053 0.455466 0.023364 0.044534
1 0.267913 0.781377 0.077882 0.198381
0 0.320093 0.309717 0.076324 0.174089
0 0.611371 0.410931 0.004673 0.020243
0 0.829439 0.180162 0.026480 0.076923
1 0.845794 0.263158 0.060748 0.113360
0 0.534268 0.777328 0.042056 0.105263
1 0.110592 0.730769 0.046729 0.161943
1 0.584891 0.121457 0.012461 0.032389
1 0.749221 0.570850 0.010903 0.028340
1 0.663551 0.862348 0.032710 0.117409
0 0.864486 0.145749 0.017134 0.052632
1 0.409657 0.224696 0.052960 0.153846
1 0.514798 0.323887 0.014019 0.024291
0 0.949377 0.775304 0.020249 0.048583
1 0.349688 0.449393 0.026480 0.056680
1 0.710280 0.821862 0.045171 0.105263
1 0.630841 0.301619 0.040498 0.125506
1 0.356698 0.568826 0.023364 0.076923
0 0.394081 0.744939 0.009346 0.024291
0 0.194704 0.763158 0.018692 0.060729
0 0.553738 0.702429 0.020249 0.064777
1 0.285826 0.396761 0.063863 0.178138
0 0.909657 0.850202 0.043614 0.072874
0 0.742212 0.412955 0.031153 0.080972
1 0.792056 0.368421 0.007788 0.024291
0 0.830218 0.939271 0.026480 0.044534
1 0.486760 0.475709 0.037383 0.109312
