0 0.071651 0.372470 0.024922 0.068826
1 0.241433 0.712551 0.003115 0.008097
0 0.867601 0.716599 0.015576 0.044534
0 0.359034 0.293522 0.084112 0.186235
1 0.602804 0.255061 0.066978 0.133603
1 0.447819 0.281377 0.007788 0.020243
0 0.802960 0.613360 0.004673 0.012146
1 0.836449 0.151822 0.028037 0.072874
1 0.714174 0.281377 0.040498 0.105263
0 0.700935 0.668016 0.037383 0.101215
1 0.091900 0.224696 0.021807 0.060729
0 0.387850 0.912955 0.014019 0.052632
1 0.694704 0.781377 0.040498 0.080972
1 0.781931 0.744939 0.012461 0.028340
1 0.844237 0.421053 0.035826 0.117409
0 0.359034 0.449393 0.043614 0.072874
0 0.923676 0.655870 0.015576 0.024291
1 0.311526 0.178138 0.040498 0.089069
1 0.428349 0.200405 0.063863 0.117409
0 0.154984 0.319838 0.054517 0.113360
1 0.420561 0.283401 0.028037 0.072874
1 0.154984 0.392713 0.040498 0.076923
1 0.240654 0.461538 0.090343 0.246964
1 0.806075 0.473684 0.023364 0.068826
1 0.877726 0.627530 0.049844 0.064777
0 0.537383 0.366397 0.063863 0.149798
1 0.485202 0.601215 0.062305 0.170040
0 0.876947 0.862348 0.012461 0.040486
1 0.595016 0.908907 0.062305 0.089069
0 0.413551 0.836032 0.057632 0.072874
0 0.125389 0.366397 0.040498 0.097166
0 0.644081 0.574899 0.052960 0.137652
1 0.409657 0.512146 0.046729 0.198381
1 0.123053 0.661943 0.021807 0.064777
1 0.725857 0.376518 0.028037 0.097166
1 0.073209 0.538462 0.032710 0.056680
0 0.244548 0.611336 0.040498 0.113360
1 0.936916 0.850202 0.051402 0.072874
1 0.598910 0.538462 0.060748 0.153846
1 0.619159 0.378543 0.017134 0.060729
0 0.141745 0.546559 0.014019 0.036437
1 0.347352 0.621457 0.012461 0.028340
1 0.831776 0.649798 0.020249 0.089069
1 0.359034 0.795547 0.015576 0.048583
0 0.927570 0.538462 0.014019 0.028340
1 0.636293 0.704453 0.032710 0.056680
0 0.786604 0.445344 0.024922 0.068826
1 0.102804 0.651822 0.015576 0.040486
0 0.308411 0.676113 0.049844 0.109312
0 0.774143 0.530364 0.021807 0.052632
0 0.399533 0.661943 0.026480 0.052632
1 0.944704 0.204453 0.032710 0.093117
1 0.417445 0.888664 0.056075 0.117409
0 0.414330 0.336032 0.015576 0.040486
1 0.741433 0.194332 0.040498 0.137652
1 0.522586 0.560729 0.038941 0.085020
0 0.764798 0.967611 0.014019 0.040486
