0 0.232866 0.279352 0.056075 0.113360
1 0.837227 0.520243 0.026480 0.068826
1 0.743769 0.591093 0.021807 0.052632
1 0.742212 0.449393 0.014019 0.048583
1 0.141745 0.475709 0.024922 0.052632
1 0.778816 0.200405 0.031153 0.085020
1 0.300623 0.661943 0.048287 0.072874
1 0.637850 0.744939 0.070093 0.137652
0 0.711838 0.360324 0.045171 0.165992
1 0.140187 0.540486 0.024922 0.064777
1 0.924455 0.380567 0.014019 0.032389
1 0.263240 0.313765 0.063863 0.101215
0 0.285047 0.528340 0.090343 0.251012
1 0.704050 0.287449 0.045171 0.093117
1 0.467290 0.659919 0.082555 0.218623
1 0.309969 0.170040 0.009346 0.024291
0 0.370717 0.546559 0.040498 0.105263
0 0.692368 0.532389 0.026480 0.072874
1 0.883956 0.935223 0.034268 0.089069
0 0.526480 0.775304 0.035826 0.076923
0 0.352025 0.882591 0.012461 0.032389
1 0.690810 0.246964 0.040498 0.186235
0 0.709502 0.514170 0.032710 0.113360
1 0.166667 0.639676 0.034268 0.072874
1 0.806854 0.771255 0.026480 0.093117
0 0.631620 0.473684 0.018692 0.040486
1 0.613707 0.813765 0.026480 0.097166
1 0.170561 0.917004 0.037383 0.105263
0 0.373053 0.797571 0.026480 0.048583
1 0.485981 0.202429 0.009346 0.024291
1 0.492991 0.846154 0.051402 0.157895
1 0.061526 0.799595 0.014019 0.044534
1 0.692368 0.704453 0.048287 0.133603
0 0.049844 0.147773 0.006231 0.020243
1 0.588785 0.587045 0.056075 0.137652
1 0.061526 0.744939 0.020249 0.117409
1 0.805296 0.445344 0.063863 0.165992
1 0.412773 0.218623 0.045171 0.089069
0 0.160436 0.767206 0.028037 0.068826
0 0.085670 0.141700 0.006231 0.016194
0 0.187695 0.601215 0.015576 0.052632
1 0.060748 0.491903 0.007788 0.020243
0 0.115265 0.562753 0.043614 0.080972
1 0.538941 0.979757 0.009346 0.024291
1 0.952492 0.753036 0.015576 0.040486
1 0.848131 0.809717 0.034268 0.064777
