1 0.312305 0.894737 0.017134 0.056680
1 0.085670 0.406883 0.042056 0.129555
1 0.729751 0.854251 0.035826 0.080972
1 0.783489 0.906883 0.045171 0.117409
1 0.658879 0.204453 0.048287 0.137652
1 0.373832 0.759109 0.024922 0.052632
1 0.090343 0.261134 0.023364 0.064777
0 0.550623 0.751012 0.026480 0.060729
0 0.426012 0.603239 0.015576 0.052632
1 0.253894 0.455466 0.009346 0.024291
1 0.836449 0.346154 0.023364 0.064777
1 0.354361 0.562753 0.014019 0.028340
1 0.390966 0.400810 0.073209 0.145749
1 0.460280 0.165992 0.012461 0.032389
1 0.885514 0.904858 0.040498 0.060729
1 0.752336 0.155870 0.028037 0.105263
1 0.735981 0.327935 0.080997 0.226721
1 0.860592 0.898785 0.017134 0.044534
1 0.493769 0.194332 0.066978 0.186235
1 0.281153 0.469636 0.040498 0.089069
1 0.514019 0.279352 0.031153 0.085020
1 0.630062 0.542510 0.024922 0.072874
1 0.548287 0.269231 0.006231 0.024291
0 0.728972 0.495951 0.043614 0.101215
1 0.137072 0.366397 0.035826 0.117409
0 0.119938 0.323887 0.051402 0.089069
1 0.603583 0.908907 0.017134 0.044534
0 0.537383 0.500000 0.046729 0.068826
1 0.116822 0.840081 0.045171 0.133603
0 0.228972 0.631579 0.015576 0.040486
1 0.810748 0.769231 0.010903 0.024291
1 0.909657 0.431174 0.038941 0.097166
1 0.216511 0.874494 0.034268 0.076923
0 0.085670 0.234818 0.034268 0.072874
0 0.182243 0.655870 0.014019 0.040486
1 0.133956 0.748988 0.017134 0.044534
0 0.538162 0.755061 0.020249 0.064777
1 0.661215 0.645749 0.054517 0.105263
1 0.157321 0.680162 0.020249 0.044534
0 0.631620 0.767206 0.038941 0.097166
1 0.288941 0.827935 0.024922 0.093117
1 0.088006 0.576923 0.023364 0.060729
