0 0.419003 0.469636 0.014019 0.028340
1 0.386293 0.319838 0.012461 0.020243
0 0.236760 0.888664 0.046729 0.105263
0 0.848131 0.554656 0.009346 0.032389
1 0.894081 0.512146 0.028037 0.036437
0 0.681464 0.817814 0.052960 0.157895
1 0.170561 0.366397 0.065421 0.076923
1 0.555296 0.959514 0.017134 0.032389
0 0.563863 0.574899 0.009346 0.024291
1 0.824766 0.856275 0.007788 0.032389
1 0.278816 0.815789 0.037383 0.064777
0 0.080997 0.900810 0.031153 0.085020
0 0.112150 0.580972 0.009346 0.044534
1 0.057632 0.846154 0.017134 0.048583
1 0.693925 0.212551 0.032710 0.097166
1 0.360592 0.145749 0.007788 0.016194
1 0.091900 0.342105 0.020249 0.076923
1 0.231308 0.230769 0.020249 0.080972
0 0.109034 0.973684 0.010903 0.028340
0 0.953271 0.234818 0.017134 0.044534
0 0.069315 0.356275 0.018692 0.044534
0 0.319315 0.625506 0.087227 0.170040
0 0.728193 0.771255 0.084112 0.230769
1 0.084112 0.540486 0.037383 0.085020
1 0.447040 0.352227 0.034268 0.072874
1 0.734424 0.275304 0.023364 0.056680
0 0.154206 0.200405 0.031153 0.076923
1 0.489097 0.364372 0.034268 0.117409
1 0.658100 0.176113 0.034268 0.117409
1 0.265576 0.449393 0.045171 0.101215
0 0.933801 0.801619 0.021807 0.109312
1 0.577882 0.287449 0.082555 0.153846
