0 0.571651 0.141700 0.020249 0.056680
0 0.476636 0.649798 0.037383 0.113360
1 0.514798 0.860324 0.026480 0.068826
0 0.894081 0.524291 0.059190 0.170040
1 0.186916 0.230769 0.029595 0.064777
0 0.406542 0.534413 0.012461 0.036437
1 0.228972 0.914980 0.042056 0.072874
1 0.578660 0.508097 0.068536 0.170040
1 0.358255 0.461538 0.049844 0.109312
1 0.059969 0.504049 0.024922 0.032389
1 0.068536 0.698381 0.037383 0.117409
1 0.326324 0.443320 0.017134 0.052632
1 0.898754 0.394737 0.062305 0.125506
1 0.260125 0.172065 0.032710 0.080972
1 0.152648 0.738866 0.040498 0.121457
1 0.646417 0.170040 0.021807 0.044534
0 0.274143 0.554656 0.006231 0.016194
0 0.820093 0.779352 0.074766 0.178138
1 0.191589 0.728745 0.042056 0.153846
1 0.295171 0.807692 0.015576 0.085020
1 0.144081 0.591093 0.060748 0.186235
1 0.169003 0.378543 0.042056 0.089069
1 0.286604 0.795547 0.031153 0.076923
1 0.313084 0.686235 0.010903 0.032389
1 0.425234 0.591093 0.014019 0.032389
1 0.147196 0.461538 0.056075 0.157895
0 0.090343 0.599190 0.034268 0.093117
0 0.380841 0.157895 0.032710 0.105263
1 0.640966 0.226721 0.023364 0.040486
0 0.207944 0.168016 0.051402 0.117409
1 0.856698 0.953441 0.024922 0.052632
1 0.675234 0.435223 0.037383 0.101215
0 0.527259 0.400810 0.020249 0.068826
0 0.832555 0.251012 0.032710 0.089069
0 0.612150 0.904858 0.049844 0.137652
1 0.264798 0.216599 0.023364 0.064777
1 0.585670 0.297571 0.026480 0.089069
1 0.701713 0.722672 0.012461 0.085020
0 0.599688 0.417004 0.063863 0.190283
0 0.067757 0.224696 0.023364 0.044534
1 0.774922 0.878543 0.049844 0.161943
1 0.489875 0.370445 0.056075 0.076923
0 0.457944 0.718623 0.023364 0.080972
0 0.919003 0.168016 0.020249 0.093117
1 0.504673 0.805668 0.018692 0.048583
1 0.063863 0.159919 0.029595 0.060729
1 0.253115 0.344130 0.017134 0.024291
1 0.633956 0.603239 0.077882 0.121457
1 0.924455 0.261134 0.021807 0.064777
0 0.056075 0.773279 0.009346 0.024291
0 0.331776 0.919028 0.040498 0.113360
0 0.782710 0.495951 0.024922 0.068826
0 0.478193 0.159919 0.014019 0.036437
0 0.092679 0.396761 0.015576 0.036437
1 0.455607 0.665992 0.031153 0.060729
0 0.767913 0.139676 0.012461 0.028340
1 0.451713 0.172065 0.038941 0.064777
