1 0.867601 0.560729 0.014019 0.028340
0 0.713396 0.530364 0.024922 0.048583
1 0.742991 0.678138 0.035826 0.105263
1 0.838006 0.738866 0.024922 0.080972
1 0.590343 0.153846 0.006231 0.016194
1 0.079439 0.443320 0.018692 0.052632
0 0.420561 0.159919 0.034268 0.072874
0 0.834112 0.552632 0.018692 0.028340
1 0.180685 0.607287 0.029595 0.068826
1 0.510903 0.477733 0.024922 0.036437
1 0.180685 0.694332 0.031153 0.076923
0 0.219626 0.329960 0.052960 0.113360
0 0.612928 0.443320 0.037383 0.089069
0 0.753115 0.161943 0.028037 0.089069
0 0.522586 0.704453 0.066978 0.121457
1 0.592679 0.787449 0.068536 0.198381
1 0.724299 0.429150 0.032710 0.076923
1 0.769470 0.287449 0.035826 0.109312
0 0.883178 0.544534 0.012461 0.044534
1 0.721963 0.459514 0.017134 0.089069
0 0.793614 0.856275 0.054517 0.141700
1 0.781931 0.787449 0.060748 0.157895
1 0.260903 0.265182 0.034268 0.097166
1 0.654984 0.374494 0.076324 0.165992
0 0.413551 0.589069 0.040498 0.125506
0 0.647975 0.495951 0.028037 0.093117
1 0.397196 0.659919 0.046729 0.125506
0 0.481308 0.427126 0.035826 0.093117
1 0.909657 0.145749 0.006231 0.024291
1 0.351246 0.562753 0.021807 0.040486
1 0.358255 0.516194 0.007788 0.020243
1 0.168224 0.151822 0.021807 0.085020
1 0.071651 0.900810 0.029595 0.085020
1 0.577882 0.532389 0.028037 0.080972
1 0.184579 0.451417 0.012461 0.040486
1 0.700156 0.807692 0.043614 0.113360
1 0.270249 0.133603 0.026480 0.064777
0 0.261682 0.564777 0.026480 0.056680
1 0.467290 0.275304 0.031153 0.064777
0 0.879283 0.350202 0.021807 0.056680
1 0.679907 0.305668 0.057632 0.125506
1 0.048287 0.929150 0.007788 0.020243
1 0.469626 0.400810 0.040498 0.089069
0 0.915109 0.277328 0.034268 0.044534
0 0.720405 0.898785 0.012461 0.040486
