1 0.807632 0.726721 0.052960 0.113360
1 0.428349 0.744939 0.018692 0.036437
0 0.592679 0.908907 0.020249 0.089069
0 0.906542 0.601215 0.026480 0.036437
0 0.492991 0.868421 0.057632 0.165992
1 0.452492 0.538462 0.010903 0.032389
0 0.488318 0.580972 0.029595 0.101215
1 0.573988 0.558704 0.048287 0.097166
0 0.635514 0.694332 0.040498 0.044534
1 0.518692 0.170040 0.034268 0.068826
1 0.204050 0.730769 0.014019 0.032389
1 0.354361 0.574899 0.043614 0.109312
1 0.321651 0.641700 0.021807 0.040486
1 0.850467 0.141700 0.015576 0.036437
0 0.320093 0.880567 0.034268 0.068826
0 0.874611 0.807692 0.017134 0.036437
1 0.688474 0.483806 0.007788 0.036437
0 0.457165 0.435223 0.010903 0.024291
1 0.154206 0.279352 0.009346 0.024291
0 0.127726 0.200405 0.024922 0.044534
1 0.082555 0.627530 0.046729 0.153846
1 0.728972 0.617409 0.007788 0.020243
0 0.600467 0.147773 0.034268 0.080972
1 0.771807 0.279352 0.059190 0.206478
1 0.139408 0.852227 0.020249 0.068826
0 0.384735 0.852227 0.032710 0.076923
1 0.387850 0.376518 0.010903 0.032389
1 0.703271 0.746964 0.037383 0.097166
1 0.847352 0.657895 0.088785 0.137652
1 0.753894 0.500000 0.048287 0.178138
0 0.675234 0.912955 0.014019 0.032389
