0 0.580218 0.216599 0.031153 0.085020
1 0.286604 0.732794 0.012461 0.056680
1 0.423676 0.354251 0.059190 0.101215
1 0.609034 0.467611 0.057632 0.161943
0 0.482087 0.882591 0.015576 0.044534
1 0.183022 0.868421 0.051402 0.093117
1 0.437695 0.807692 0.052960 0.129555
1 0.440810 0.467611 0.015576 0.052632
1 0.068536 0.621457 0.038941 0.080972
0 0.298287 0.580972 0.017134 0.048583
1 0.594237 0.613360 0.040498 0.129555
0 0.907321 0.342105 0.040498 0.101215
1 0.170561 0.518219 0.095016 0.149798
1 0.320872 0.858300 0.029595 0.101215
1 0.293614 0.246964 0.035826 0.080972
0 0.146417 0.870445 0.032710 0.085020
1 0.432243 0.566802 0.059190 0.137652
1 0.678349 0.546559 0.038941 0.137652
1 0.686137 0.414980 0.059190 0.190283
0 0.542056 0.627530 0.020249 0.064777
0 0.577103 0.325911 0.057632 0.161943
1 0.422897 0.297571 0.057632 0.137652
1 0.622274 0.757085 0.012461 0.048583
0 0.232866 0.872470 0.010903 0.028340
1 0.100467 0.257085 0.057632 0.101215
0 0.622274 0.398785 0.037383 0.125506
0 0.735981 0.103239 0.007788 0.024291
1 0.342679 0.165992 0.029595 0.064777
1 0.797508 0.510121 0.052960 0.165992
1 0.111371 0.876518 0.068536 0.133603
1 0.883956 0.949393 0.015576 0.048583
1 0.820093 0.297571 0.045171 0.072874
1 0.066978 0.884615 0.029595 0.109312
1 0.667445 0.253036 0.063863 0.117409
1 0.538941 0.700405 0.043614 0.105263
1 0.612150 0.848178 0.009346 0.020243
1 0.359813 0.781377 0.012461 0.048583
1 0.874611 0.536437 0.014019 0.036437
0 0.645639 0.661943 0.048287 0.133603
0 0.807632 0.576923 0.042056 0.109312
1 0.652648 0.447368 0.040498 0.060729
1 0.257009 0.500000 0.012461 0.052632
1 0.465732 0.585020 0.023364 0.056680
1 0.273364 0.578947 0.029595 0.072874
0 0.609813 0.299595 0.040498 0.105263
