0 0.494548 0.279352 0.088785 0.141700
1 0.788941 0.712551 0.031153 0.080972
0 0.474299 0.184211 0.010903 0.028340
0 0.608255 0.866397 0.052960 0.218623
0 0.669782 0.431174 0.031153 0.052632
1 0.932243 0.844130 0.038941 0.093117
0 0.834112 0.263158 0.007788 0.016194
0 0.165109 0.427126 0.020249 0.048583
1 0.800623 0.228745 0.029595 0.072874
1 0.056075 0.587045 0.034268 0.105263
1 0.511682 0.200405 0.038941 0.149798
1 0.680685 0.742915 0.105919 0.218623
1 0.238318 0.287449 0.035826 0.097166
1 0.616822 0.311741 0.015576 0.048583
0 0.276480 0.811741 0.017134 0.020243
1 0.492212 0.445344 0.065421 0.121457
1 0.602025 0.730769 0.010903 0.028340
1 0.465732 0.366397 0.068536 0.109312
1 0.762461 0.836032 0.029595 0.089069
1 0.099688 0.257085 0.040498 0.076923
1 0.436916 0.923077 0.020249 0.056680
0 0.705607 0.396761 0.006231 0.024291
1 0.384735 0.149798 0.006231 0.016194
1 0.682243 0.222672 0.015576 0.060729
0 0.218847 0.874494 0.038941 0.089069
0 0.820093 0.560729 0.024922 0.072874
0 0.253894 0.228745 0.040498 0.052632
0 0.202492 0.449393 0.052960 0.101215
1 0.900312 0.892713 0.051402 0.137652
1 0.435358 0.704453 0.118380 0.271255
1 0.395639 0.880567 0.042056 0.093117
0 0.548287 0.635628 0.021807 0.056680
1 0.605919 0.346154 0.014019 0.036437
0 0.752336 0.623482 0.003115 0.016194
1 0.600467 0.506073 0.056075 0.157895
1 0.335670 0.364372 0.010903 0.048583
1 0.929907 0.400810 0.057632 0.105263
1 0.274143 0.453441 0.029595 0.089069
1 0.549844 0.536437 0.014019 0.068826
1 0.274922 0.716599 0.028037 0.080972
1 0.742212 0.309717 0.043614 0.125506
0 0.140187 0.216599 0.032710 0.101215
1 0.701713 0.354251 0.020249 0.064777
0 0.771807 0.953441 0.029595 0.060729
1 0.325545 0.386640 0.021807 0.056680
1 0.250000 0.558704 0.043614 0.125506
0 0.919782 0.566802 0.043614 0.121457
1 0.309969 0.293522 0.029595 0.080972
0 0.221184 0.532389 0.015576 0.036437
1 0.354361 0.836032 0.009346 0.032389
1 0.890966 0.348178 0.084112 0.198381
1 0.272586 0.356275 0.065421 0.206478
1 0.775701 0.732794 0.018692 0.052632
1 0.639408 0.568826 0.073209 0.246964
