1 0.353583 0.222672 0.014019 0.040486
1 0.224299 0.688259 0.060748 0.153846
0 0.438474 0.261134 0.010903 0.028340
0 0.313863 0.886640 0.060748 0.129555
0 0.139408 0.192308 0.034268 0.068826
1 0.056854 0.510121 0.014019 0.048583
0 0.069315 0.659919 0.051402 0.255061
1 0.696262 0.882591 0.012461 0.036437
1 0.309969 0.261134 0.056075 0.064777
1 0.467290 0.633603 0.074766 0.161943
0 0.376947 0.858300 0.017134 0.040486
0 0.309190 0.392713 0.010903 0.024291
0 0.521807 0.716599 0.035826 0.101215
1 0.688474 0.641700 0.031153 0.093117
0 0.387072 0.698381 0.024922 0.080972
1 0.366822 0.414980 0.017134 0.040486
0 0.925234 0.208502 0.014019 0.044534
1 0.729751 0.378543 0.045171 0.085020
1 0.890187 0.317814 0.057632 0.125506
0 0.565421 0.623482 0.024922 0.064777
1 0.848131 0.597166 0.018692 0.044534
1 0.686137 0.139676 0.017134 0.040486
0 0.461838 0.850202 0.023364 0.064777
1 0.146417 0.580972 0.018692 0.032389
0 0.757009 0.384615 0.056075 0.093117
0 0.554517 0.342105 0.034268 0.056680
0 0.110592 0.380567 0.060748 0.105263
0 0.039720 0.370445 0.010903 0.028340
0 0.510903 0.445344 0.037383 0.149798
1 0.445483 0.427126 0.048287 0.141700
0 0.537383 0.866397 0.049844 0.117409
1 0.080218 0.313765 0.031153 0.068826
1 0.549844 0.457490 0.057632 0.198381
1 0.166667 0.477733 0.028037 0.072874
0 0.517913 0.639676 0.012461 0.048583
1 0.157321 0.665992 0.017134 0.040486
