1 0.393302 0.755061 0.010903 0.044534
1 0.193146 0.186235 0.046729 0.105263
0 0.093458 0.331984 0.029595 0.060729
1 0.727414 0.459514 0.038941 0.093117
1 0.823988 0.364372 0.009346 0.032389
0 0.792056 0.562753 0.038941 0.080972
0 0.116822 0.799595 0.023364 0.048583
0 0.154206 0.785425 0.009346 0.024291
1 0.659657 0.374494 0.042056 0.129555
0 0.281153 0.429150 0.042056 0.097166
1 0.898754 0.696356 0.037383 0.080972
0 0.300623 0.206478 0.049844 0.093117
0 0.099688 0.862348 0.009346 0.020243
1 0.735981 0.856275 0.017134 0.032389
0 0.615265 0.196356 0.045171 0.089069
0 0.436137 0.408907 0.009346 0.028340
0 0.882399 0.753036 0.021807 0.080972
0 0.484424 0.417004 0.031153 0.060729
1 0.891745 0.400810 0.007788 0.024291
0 0.578660 0.477733 0.065421 0.174089
1 0.693146 0.433198 0.038941 0.105263
1 0.697040 0.900810 0.066978 0.133603
0 0.379283 0.554656 0.074766 0.178138
1 0.762461 0.591093 0.026480 0.072874
1 0.604361 0.931174 0.007788 0.020243
0 0.633178 0.372470 0.017134 0.040486
1 0.881620 0.220648 0.073209 0.133603
1 0.059969 0.876518 0.010903 0.044534
0 0.275701 0.558704 0.028037 0.060729
1 0.702492 0.702429 0.007788 0.028340
1 0.521807 0.522267 0.014019 0.028340
1 0.485981 0.781377 0.042056 0.137652
0 0.719626 0.204453 0.034268 0.072874
1 0.515576 0.271255 0.024922 0.068826
0 0.148754 0.182186 0.023364 0.056680
1 0.427570 0.255061 0.060748 0.226721
0 0.540498 0.182186 0.006231 0.016194
0 0.481308 0.716599 0.052960 0.125506
1 0.598910 0.676113 0.048287 0.117409
0 0.743769 0.200405 0.042056 0.125506
1 0.177570 0.542510 0.135514 0.271255
