0 0.904984 0.688259 0.014019 0.036437
1 0.548287 0.313765 0.059190 0.133603
1 0.411994 0.309717 0.037383 0.141700
1 0.475078 0.194332 0.029595 0.052632
1 0.102025 0.892713 0.049844 0.101215
1 0.688474 0.726721 0.054517 0.085020
0 0.625389 0.269231 0.017134 0.040486
1 0.538162 0.827935 0.014019 0.024291
1 0.513240 0.133603 0.007788 0.020243
1 0.690031 0.578947 0.068536 0.133603
0 0.126947 0.518219 0.023364 0.064777
1 0.757009 0.390688 0.043614 0.101215
1 0.397975 0.866397 0.024922 0.085020
1 0.317757 0.364372 0.080997 0.267206
1 0.615265 0.384615 0.042056 0.109312
0 0.264019 0.797571 0.062305 0.133603
1 0.634735 0.170040 0.031153 0.089069
1 0.785826 0.400810 0.021807 0.056680
1 0.072430 0.370445 0.046729 0.149798
1 0.191589 0.159919 0.037383 0.101215
0 0.773364 0.848178 0.023364 0.072874
1 0.058411 0.168016 0.020249 0.060729
1 0.124611 0.819838 0.028037 0.056680
1 0.653427 0.710526 0.048287 0.137652
0 0.654206 0.400810 0.042056 0.068826
0 0.816978 0.228745 0.021807 0.052632
0 0.686137 0.196356 0.020249 0.056680
0 0.216511 0.917004 0.031153 0.101215
1 0.460280 0.702429 0.038941 0.080972
0 0.677570 0.414980 0.029595 0.089069
1 0.288941 0.635628 0.037383 0.129555
0 0.767134 0.113360 0.014019 0.032389
1 0.820093 0.528340 0.023364 0.068826
1 0.609813 0.599190 0.063863 0.133603
0 0.492991 0.955466 0.010903 0.028340
1 0.751558 0.342105 0.049844 0.117409
1 0.779595 0.461538 0.023364 0.044534
0 0.878505 0.267206 0.102804 0.230769
1 0.598131 0.821862 0.051402 0.097166
1 0.606698 0.706478 0.018692 0.040486
1 0.565421 0.574899 0.028037 0.089069
1 0.514798 0.904858 0.028037 0.080972
1 0.319315 0.556680 0.049844 0.141700
1 0.228972 0.864372 0.020249 0.052632
1 0.155763 0.914980 0.046729 0.076923
1 0.474299 0.827935 0.023364 0.060729
1 0.911994 0.386640 0.063863 0.105263
1 0.827882 0.439271 0.010903 0.024291
1 0.896417 0.742915 0.023364 0.068826
1 0.512461 0.546559 0.031153 0.105263
1 0.641745 0.912955 0.028037 0.125506
1 0.073988 0.500000 0.015576 0.036437
0 0.330218 0.139676 0.024922 0.089069
1 0.302181 0.497976 0.073209 0.153846
1 0.918224 0.613360 0.043614 0.133603
1 0.848910 0.763158 0.015576 0.048583
