1 0.136293 0.552632 0.049844 0.097166
0 0.242991 0.763158 0.028037 0.113360
0 0.294393 0.392713 0.032710 0.093117
1 0.179128 0.779352 0.032710 0.064777
1 0.919003 0.799595 0.023364 0.080972
1 0.264798 0.119433 0.015576 0.036437
1 0.098131 0.635628 0.038941 0.068826
1 0.724299 0.307692 0.031153 0.072874
1 0.306854 0.518219 0.009346 0.024291
1 0.736760 0.712551 0.052960 0.129555
1 0.254673 0.686235 0.042056 0.085020
1 0.495327 0.354251 0.012461 0.028340
0 0.488318 0.655870 0.020249 0.052632
1 0.088006 0.520243 0.056075 0.149798
1 0.608255 0.259109 0.031153 0.109312
1 0.359034 0.248988 0.046729 0.137652
1 0.744548 0.170040 0.026480 0.052632
1 0.797508 0.149798 0.031153 0.056680
1 0.910436 0.556680 0.031153 0.080972
0 0.473520 0.914980 0.021807 0.044534
1 0.657321 0.186235 0.024922 0.072874
0 0.517913 0.716599 0.037383 0.076923
1 0.091121 0.168016 0.032710 0.048583
0 0.673676 0.880567 0.018692 0.056680
0 0.784268 0.613360 0.051402 0.113360
1 0.054517 0.281377 0.015576 0.040486
1 0.420561 0.514170 0.021807 0.048583
1 0.192368 0.686235 0.038941 0.125506
0 0.433801 0.825911 0.009346 0.032389
1 0.837227 0.147773 0.018692 0.052632
0 0.873053 0.659919 0.031153 0.109312
1 0.907321 0.637652 0.028037 0.048583
0 0.326324 0.206478 0.023364 0.040486
1 0.387850 0.655870 0.068536 0.129555
1 0.073209 0.755061 0.040498 0.141700
0 0.316199 0.623482 0.012461 0.024291
1 0.620717 0.811741 0.079439 0.190283
1 0.919003 0.746964 0.059190 0.097166
1 0.886293 0.157895 0.023364 0.085020
1 0.704829 0.710526 0.012461 0.020243
1 0.626947 0.421053 0.010903 0.024291
0 0.202492 0.876518 0.023364 0.093117
0 0.454829 0.477733 0.009346 0.024291
1 0.776480 0.530364 0.018692 0.056680
0 0.929907 0.358300 0.009346 0.020243
0 0.581776 0.757085 0.042056 0.109312
1 0.827882 0.447368 0.035826 0.141700
0 0.323988 0.759109 0.059190 0.165992
1 0.514019 0.218623 0.032710 0.097166
1 0.274143 0.352227 0.026480 0.052632
0 0.432243 0.182186 0.014019 0.032389
1 0.738318 0.645749 0.042056 0.149798
1 0.805296 0.661943 0.042056 0.105263
1 0.595794 0.467611 0.048287 0.105263
