1 0.715732 0.574899 0.054517 0.149798
1 0.341900 0.607287 0.063863 0.174089
1 0.503894 0.615385 0.062305 0.226721
0 0.880062 0.323887 0.021807 0.068826
0 0.577882 0.186235 0.042056 0.105263
1 0.658879 0.336032 0.040498 0.089069
0 0.316199 0.929150 0.038941 0.076923
0 0.664330 0.556680 0.024922 0.064777
1 0.197819 0.281377 0.062305 0.133603
1 0.404206 0.657895 0.010903 0.044534
1 0.930685 0.819838 0.012461 0.020243
1 0.169003 0.572874 0.014019 0.044534
1 0.542835 0.408907 0.042056 0.109312
1 0.699377 0.884615 0.028037 0.141700
1 0.325545 0.512146 0.032710 0.080972
1 0.617601 0.184211 0.032710 0.105263
0 0.407321 0.524291 0.014019 0.036437
0 0.782710 0.706478 0.026480 0.056680
1 0.946262 0.404858 0.017134 0.032389
1 0.223520 0.619433 0.073209 0.165992
1 0.707944 0.704453 0.046729 0.105263
1 0.881620 0.933198 0.024922 0.072874
1 0.689252 0.836032 0.023364 0.125506
1 0.517134 0.439271 0.060748 0.178138
1 0.507009 0.767206 0.079439 0.388664
0 0.553738 0.773279 0.052960 0.113360
0 0.778037 0.613360 0.020249 0.048583
0 0.449377 0.477733 0.073209 0.149798
0 0.651869 0.463563 0.046729 0.141700
1 0.938474 0.550607 0.038941 0.121457
1 0.237539 0.919028 0.073209 0.125506
1 0.750000 0.242915 0.029595 0.076923
1 0.172897 0.135628 0.010903 0.052632
0 0.292056 0.720648 0.018692 0.048583
1 0.820872 0.663968 0.032710 0.089069
0 0.087227 0.244939 0.020249 0.048583
1 0.835670 0.321862 0.014019 0.068826
1 0.872274 0.481781 0.021807 0.052632
1 0.625389 0.429150 0.029595 0.125506
1 0.795171 0.489879 0.056075 0.125506
1 0.799065 0.894737 0.046729 0.101215
1 0.666667 0.724696 0.065421 0.214575
0 0.849688 0.852227 0.024922 0.060729
1 0.429907 0.720648 0.018692 0.044534
0 0.120717 0.921053 0.046729 0.089069
1 0.455607 0.929150 0.014019 0.028340
1 0.827882 0.929150 0.038941 0.072874
1 0.355140 0.414980 0.048287 0.161943
1 0.801402 0.564777 0.007788 0.028340
1 0.078660 0.856275 0.035826 0.113360
0 0.070872 0.720648 0.042056 0.085020
0 0.278037 0.155870 0.029595 0.076923
