1 0.496885 0.730769 0.021807 0.048583
1 0.053738 0.560729 0.023364 0.064777
1 0.273364 0.461538 0.112150 0.259109
0 0.693146 0.852227 0.007788 0.020243
1 0.191589 0.350202 0.051402 0.129555
1 0.809190 0.495951 0.080997 0.214575
0 0.289720 0.216599 0.045171 0.137652
1 0.578660 0.384615 0.034268 0.101215
1 0.131620 0.378543 0.015576 0.052632
1 0.795950 0.240891 0.035826 0.080972
0 0.149533 0.817814 0.056075 0.149798
0 0.643302 0.194332 0.034268 0.097166
1 0.596573 0.769231 0.017134 0.036437
0 0.617601 0.544534 0.010903 0.028340
0 0.829439 0.354251 0.038941 0.105263
1 0.304517 0.876518 0.017134 0.068826
1 0.494548 0.906883 0.015576 0.036437
1 0.294393 0.668016 0.080997 0.234818
1 0.531153 0.269231 0.024922 0.068826
0 0.058411 0.305668 0.017134 0.052632
1 0.682243 0.655870 0.040498 0.089069
1 0.440810 0.894737 0.014019 0.036437
0 0.785047 0.633603 0.031153 0.093117
1 0.824766 0.220648 0.006231 0.020243
1 0.225857 0.827935 0.035826 0.072874
1 0.825545 0.157895 0.037383 0.080972
1 0.192368 0.807692 0.056075 0.157895
0 0.549065 0.406883 0.018692 0.052632
1 0.654984 0.417004 0.054517 0.125506
1 0.471963 0.493927 0.006231 0.016194
1 0.364486 0.364372 0.035826 0.097166
0 0.190810 0.172065 0.014019 0.032389
0 0.443146 0.732794 0.045171 0.133603
1 0.915888 0.299595 0.020249 0.036437
1 0.713396 0.315789 0.029595 0.093117
0 0.901090 0.621457 0.034268 0.137652
0 0.915109 0.176113 0.042056 0.165992
1 0.775701 0.886640 0.051402 0.080972
