1 0.623053 0.491903 0.045171 0.097166
1 0.269470 0.860324 0.029595 0.052632
1 0.637072 0.366397 0.023364 0.052632
1 0.345794 0.344130 0.052960 0.186235
1 0.213396 0.192308 0.034268 0.093117
0 0.820872 0.198381 0.066978 0.157895
0 0.312305 0.297571 0.018692 0.052632
1 0.193925 0.576923 0.046729 0.121457
0 0.698598 0.856275 0.048287 0.117409
1 0.520249 0.224696 0.035826 0.097166
1 0.788162 0.259109 0.024922 0.080972
0 0.080218 0.402834 0.040498 0.117409
1 0.129283 0.453441 0.023364 0.072874
1 0.644860 0.700405 0.037383 0.089069
1 0.521028 0.914980 0.031153 0.113360
0 0.142523 0.755061 0.026480 0.064777
0 0.177570 0.945344 0.026480 0.048583
0 0.427570 0.807692 0.007788 0.024291
1 0.664330 0.815789 0.020249 0.036437
1 0.415109 0.726721 0.034268 0.080972
0 0.547508 0.637652 0.035826 0.097166
0 0.692368 0.718623 0.023364 0.048583
1 0.717290 0.246964 0.090343 0.238866
1 0.126168 0.338057 0.024922 0.064777
1 0.391745 0.912955 0.024922 0.085020
1 0.338785 0.736842 0.045171 0.141700
1 0.619938 0.609312 0.026480 0.052632
0 0.742212 0.530364 0.035826 0.097166
1 0.764798 0.392713 0.020249 0.048583
1 0.566199 0.500000 0.043614 0.121457
1 0.838006 0.910931 0.020249 0.048583
0 0.791277 0.433198 0.015576 0.044534
0 0.259346 0.580972 0.020249 0.060729
1 0.587227 0.325911 0.012461 0.036437
1 0.530374 0.678138 0.029595 0.093117
0 0.756231 0.621457 0.031153 0.072874
0 0.538941 0.174089 0.028037 0.080972
1 0.750779 0.568826 0.046729 0.113360
0 0.647975 0.216599 0.038941 0.117409
1 0.246885 0.313765 0.037383 0.105263
1 0.912773 0.848178 0.052960 0.206478
1 0.885514 0.295547 0.015576 0.036437
1 0.941589 0.346154 0.038941 0.133603
1 0.496106 0.178138 0.063863 0.089069
1 0.897975 0.578947 0.048287 0.109312
1 0.521028 0.819838 0.024922 0.056680
0 0.127726 0.931174 0.021807 0.040486
0 0.788162 0.465587 0.007788 0.016194
