0 0.946262 0.141700 0.018692 0.056680
0 0.620717 0.546559 0.037383 0.101215
1 0.330218 0.342105 0.021807 0.080972
1 0.148754 0.500000 0.020249 0.028340
1 0.337227 0.811741 0.026480 0.093117
0 0.829439 0.360324 0.038941 0.064777
1 0.686137 0.265182 0.017134 0.044534
1 0.452492 0.402834 0.040498 0.080972
1 0.692368 0.206478 0.012461 0.028340
1 0.916667 0.761134 0.035826 0.105263
0 0.154984 0.641700 0.042056 0.093117
0 0.417445 0.564777 0.023364 0.060729
1 0.343458 0.522267 0.084112 0.190283
0 0.167445 0.564777 0.038941 0.048583
0 0.640187 0.850202 0.076324 0.198381
0 0.584112 0.748988 0.035826 0.113360
1 0.622274 0.621457 0.045171 0.089069
0 0.074766 0.242915 0.017134 0.032389
0 0.749221 0.799595 0.012461 0.040486
1 0.850467 0.338057 0.038941 0.109312
0 0.173676 0.313765 0.020249 0.040486
0 0.552181 0.346154 0.026480 0.105263
1 0.833333 0.726721 0.062305 0.210526
0 0.576324 0.159919 0.034268 0.064777
1 0.750000 0.562753 0.029595 0.101215
1 0.761682 0.882591 0.021807 0.052632
1 0.901869 0.587045 0.060748 0.198381
0 0.091121 0.431174 0.031153 0.089069
1 0.243769 0.803644 0.034268 0.097166
0 0.756231 0.336032 0.023364 0.064777
0 0.471963 0.757085 0.080997 0.194332
0 0.815421 0.475709 0.023364 0.072874
0 0.934579 0.678138 0.012461 0.028340
1 0.130841 0.313765 0.051402 0.174089
0 0.943146 0.921053 0.037383 0.072874
0 0.637850 0.253036 0.020249 0.044534
0 0.598910 0.471660 0.004673 0.012146
1 0.217290 0.510121 0.020249 0.089069
1 0.810748 0.360324 0.020249 0.072874
1 0.730530 0.141700 0.012461 0.024291
0 0.462617 0.611336 0.043614 0.113360
1 0.390187 0.309717 0.034268 0.080972
1 0.573988 0.257085 0.029595 0.076923
1 0.559190 0.514170 0.056075 0.117409
0 0.109813 0.493927 0.042056 0.097166
0 0.339564 0.965587 0.020249 0.044534
1 0.198598 0.746964 0.029595 0.052632
1 0.163551 0.451417 0.009346 0.028340
1 0.733645 0.686235 0.021807 0.076923
0 0.473520 0.886640 0.006231 0.016194
0 0.789720 0.410931 0.026480 0.085020
0 0.422118 0.236842 0.040498 0.089069
0 0.609034 0.384615 0.048287 0.133603
0 0.841121 0.192308 0.062305 0.113360
1 0.624611 0.757085 0.024922 0.076923
1 0.552181 0.159919 0.034268 0.068826
1 0.221963 0.378543 0.032710 0.072874
0 0.752336 0.431174 0.010903 0.036437
0 0.763240 0.700405 0.003115 0.008097
