1 0.388629 0.603239 0.020249 0.036437
0 0.483645 0.945344 0.018692 0.048583
0 0.260125 0.157895 0.010903 0.040486
1 0.781931 0.829960 0.012461 0.032389
0 0.892523 0.382591 0.012461 0.024291
0 0.657321 0.866397 0.038941 0.089069
0 0.445483 0.354251 0.031153 0.060729
0 0.057632 0.255061 0.015576 0.036437
1 0.190810 0.886640 0.056075 0.165992
1 0.816978 0.362348 0.080997 0.210526
1 0.080218 0.844130 0.018692 0.060729
1 0.194704 0.362348 0.040498 0.097166
0 0.609813 0.414980 0.007788 0.020243
1 0.460280 0.224696 0.062305 0.089069
1 0.614486 0.273279 0.004673 0.012146
1 0.679907 0.578947 0.028037 0.089069
1 0.310748 0.224696 0.048287 0.182186
0 0.380062 0.852227 0.006231 0.028340
0 0.222741 0.609312 0.009346 0.028340
1 0.352025 0.331984 0.015576 0.036437
0 0.210280 0.170040 0.020249 0.080972
1 0.767134 0.483806 0.080997 0.206478
1 0.232866 0.753036 0.045171 0.133603
1 0.690031 0.787449 0.021807 0.028340
1 0.538162 0.295547 0.059190 0.129555
1 0.921340 0.718623 0.049844 0.093117
1 0.552181 0.564777 0.024922 0.072874
1 0.256231 0.253036 0.048287 0.117409
1 0.459502 0.661943 0.015576 0.048583
1 0.119159 0.184211 0.031153 0.076923
1 0.337227 0.872470 0.063863 0.125506
1 0.068536 0.627530 0.018692 0.040486
0 0.412773 0.285425 0.029595 0.064777
1 0.474299 0.259109 0.048287 0.089069
0 0.522586 0.751012 0.028037 0.068826
1 0.315421 0.599190 0.029595 0.076923
0 0.841900 0.619433 0.049844 0.145749
