1 0.940031 0.159919 0.042056 0.109312
1 0.928349 0.710526 0.049844 0.121457
1 0.269470 0.587045 0.015576 0.032389
0 0.761682 0.242915 0.024922 0.052632
0 0.789720 0.512146 0.087227 0.113360
1 0.126168 0.336032 0.017134 0.072874
1 0.611371 0.291498 0.054517 0.068826
0 0.475857 0.807692 0.031153 0.072874
1 0.749221 0.643725 0.090343 0.198381
0 0.207944 0.880567 0.021807 0.056680
1 0.280374 0.230769 0.054517 0.218623
0 0.329439 0.734818 0.040498 0.125506
0 0.847352 0.447368 0.037383 0.068826
0 0.661215 0.532389 0.017134 0.040486
0 0.604361 0.477733 0.015576 0.040486
0 0.542835 0.182186 0.042056 0.109312
0 0.307632 0.605263 0.032710 0.097166
0 0.507788 0.429150 0.017134 0.044534
1 0.485202 0.619433 0.015576 0.036437
1 0.389408 0.550607 0.062305 0.117409
1 0.851246 0.678138 0.020249 0.036437
1 0.548287 0.593117 0.034268 0.064777
1 0.447040 0.244939 0.040498 0.101215
1 0.655763 0.453441 0.043614 0.093117
0 0.154206 0.342105 0.021807 0.052632
0 0.771807 0.139676 0.010903 0.028340
0 0.205607 0.668016 0.014019 0.040486
0 0.915109 0.912955 0.006231 0.020243
1 0.859813 0.176113 0.054517 0.109312
1 0.167445 0.285425 0.029595 0.072874
1 0.241433 0.653846 0.006231 0.012146
1 0.169003 0.797571 0.018692 0.032389
1 0.319315 0.635628 0.037383 0.064777
1 0.150312 0.192308 0.021807 0.109312
1 0.825545 0.724696 0.040498 0.097166
1 0.197040 0.238866 0.021807 0.060729
