1 0.309190 0.827935 0.007788 0.012146
1 0.095016 0.560729 0.059190 0.109312
1 0.583333 0.657895 0.060748 0.125506
1 0.753115 0.522267 0.031153 0.068826
0 0.327103 0.803644 0.009346 0.036437
1 0.640966 0.423077 0.023364 0.028340
0 0.588006 0.819838 0.045171 0.105263
1 0.589564 0.190283 0.028037 0.085020
0 0.105140 0.305668 0.038941 0.113360
0 0.404984 0.568826 0.023364 0.093117
0 0.414330 0.265182 0.026480 0.080972
1 0.285047 0.382591 0.034268 0.076923
0 0.503115 0.554656 0.021807 0.085020
0 0.606698 0.392713 0.054517 0.170040
1 0.232866 0.376518 0.066978 0.165992
1 0.449377 0.702429 0.029595 0.097166
0 0.548287 0.145749 0.040498 0.089069
1 0.631620 0.771255 0.054517 0.117409
1 0.596573 0.556680 0.045171 0.101215
1 0.794393 0.777328 0.031153 0.105263
0 0.507009 0.821862 0.017134 0.048583
1 0.458723 0.194332 0.042056 0.093117
1 0.095794 0.769231 0.071651 0.153846
0 0.678349 0.858300 0.035826 0.036437
1 0.260125 0.619433 0.014019 0.048583
1 0.914330 0.568826 0.020249 0.097166
1 0.380062 0.619433 0.029595 0.101215
1 0.868380 0.799595 0.045171 0.105263
1 0.564642 0.301619 0.029595 0.068826
1 0.404984 0.342105 0.042056 0.060729
1 0.432243 0.433198 0.057632 0.109312
1 0.693146 0.220648 0.018692 0.036437
0 0.141745 0.599190 0.035826 0.109312
0 0.922897 0.728745 0.020249 0.052632
1 0.323209 0.121457 0.017134 0.040486
1 0.918224 0.659919 0.037383 0.080972
0 0.690810 0.767206 0.049844 0.141700
0 0.517913 0.755061 0.035826 0.109312
1 0.218847 0.216599 0.009346 0.028340
1 0.197819 0.690283 0.084112 0.234818
0 0.664330 0.356275 0.014019 0.040486
1 0.551402 0.706478 0.037383 0.097166
0 0.926012 0.475709 0.004673 0.016194
1 0.173676 0.325911 0.010903 0.032389
0 0.536604 0.392713 0.026480 0.072874
1 0.151090 0.220648 0.023364 0.056680
0 0.894081 0.678138 0.032710 0.076923
0 0.517134 0.384615 0.026480 0.076923
0 0.392523 0.842105 0.009346 0.024291
1 0.563084 0.566802 0.060748 0.121457
1 0.344237 0.627530 0.046729 0.080972
1 0.341121 0.259109 0.076324 0.210526
1 0.253894 0.145749 0.023364 0.052632
1 0.293614 0.283401 0.029595 0.080972
1 0.926791 0.279352 0.040498 0.186235
