1 0.139408 0.323887 0.021807 0.064777
1 0.300623 0.720648 0.012461 0.040486
0 0.383956 0.738866 0.051402 0.129555
0 0.595016 0.815789 0.042056 0.101215
1 0.341900 0.645749 0.014019 0.028340
1 0.357477 0.417004 0.098131 0.190283
0 0.490654 0.305668 0.024922 0.060729
1 0.600467 0.447368 0.014019 0.068826
0 0.123832 0.516194 0.018692 0.044534
0 0.190031 0.789474 0.018692 0.032389
1 0.936916 0.623482 0.028037 0.076923
1 0.556854 0.692308 0.032710 0.093117
1 0.862150 0.963563 0.009346 0.032389
1 0.450935 0.591093 0.060748 0.161943
0 0.784268 0.370445 0.017134 0.044534
1 0.420561 0.170040 0.042056 0.117409
1 0.642523 0.813765 0.054517 0.076923
1 0.809969 0.748988 0.035826 0.109312
1 0.302181 0.234818 0.063863 0.210526
1 0.746885 0.257085 0.059190 0.210526
1 0.340343 0.712551 0.015576 0.040486
0 0.729751 0.637652 0.029595 0.064777
1 0.874611 0.192308 0.040498 0.089069
1 0.590343 0.133603 0.010903 0.032389
0 0.925234 0.267206 0.024922 0.133603
1 0.926791 0.771255 0.032710 0.080972
1 0.278037 0.582996 0.062305 0.178138
1 0.503894 0.182186 0.059190 0.133603
1 0.394860 0.894737 0.017134 0.056680
1 0.250779 0.493927 0.029595 0.052632
1 0.210280 0.445344 0.031153 0.097166
1 0.490654 0.813765 0.017134 0.048583
1 0.750779 0.538462 0.038941 0.109312
1 0.399533 0.526316 0.045171 0.097166
0 0.473520 0.445344 0.035826 0.085020
1 0.095016 0.453441 0.009346 0.020243
0 0.932243 0.678138 0.028037 0.068826
1 0.903427 0.441296 0.045171 0.080972
0 0.652648 0.151822 0.031153 0.064777
1 0.585670 0.894737 0.028037 0.048583
1 0.900312 0.131579 0.009346 0.028340
0 0.063084 0.404858 0.010903 0.024291
1 0.876168 0.504049 0.015576 0.044534
0 0.248442 0.917004 0.010903 0.024291
1 0.890966 0.267206 0.068536 0.149798
1 0.199377 0.912955 0.009346 0.028340
1 0.220405 0.558704 0.021807 0.060729
