1 0.126947 0.248988 0.063863 0.170040
0 0.537383 0.319838 0.021807 0.064777
1 0.508567 0.854251 0.029595 0.093117
1 0.093458 0.971660 0.006231 0.024291
1 0.166667 0.819838 0.026480 0.048583
1 0.114486 0.787449 0.037383 0.064777
1 0.471184 0.856275 0.018692 0.048583
0 0.876947 0.352227 0.024922 0.056680
0 0.930685 0.765182 0.020249 0.064777
1 0.843458 0.645749 0.017134 0.044534
1 0.274143 0.354251 0.121495 0.259109
1 0.389408 0.228745 0.060748 0.186235
1 0.263240 0.777328 0.048287 0.125506
1 0.524143 0.730769 0.009346 0.024291
1 0.310748 0.868421 0.065421 0.165992
1 0.566199 0.210526 0.017134 0.068826
1 0.674455 0.414980 0.026480 0.076923
1 0.271028 0.686235 0.051402 0.165992
0 0.725857 0.633603 0.049844 0.101215
1 0.200156 0.392713 0.045171 0.076923
0 0.463396 0.643725 0.009346 0.024291
1 0.100467 0.398785 0.034268 0.064777
1 0.600467 0.619433 0.065421 0.218623
0 0.210280 0.825911 0.021807 0.085020
0 0.627726 0.372470 0.037383 0.089069
1 0.045171 0.139676 0.018692 0.056680
1 0.704829 0.878543 0.007788 0.048583
1 0.760125 0.558704 0.029595 0.068826
1 0.246885 0.933198 0.032710 0.080972
0 0.392523 0.364372 0.010903 0.044534
1 0.323209 0.198381 0.037383 0.085020
1 0.677570 0.898785 0.026480 0.121457
0 0.933022 0.321862 0.012461 0.052632
0 0.661215 0.744939 0.031153 0.085020
1 0.165109 0.601215 0.049844 0.133603
1 0.206386 0.892713 0.032710 0.085020
0 0.811526 0.212551 0.032710 0.165992
1 0.515576 0.358300 0.015576 0.044534
1 0.368380 0.342105 0.017134 0.044534
0 0.243769 0.860324 0.042056 0.125506
1 0.662773 0.686235 0.010903 0.024291
1 0.695483 0.168016 0.056075 0.101215
0 0.861371 0.892713 0.006231 0.028340
0 0.539720 0.423077 0.018692 0.032389
1 0.651090 0.471660 0.034268 0.145749
0 0.843458 0.779352 0.020249 0.076923
0 0.476636 0.425101 0.017134 0.044534
1 0.920561 0.914980 0.031153 0.056680
1 0.049065 0.200405 0.015576 0.048583
1 0.447040 0.232794 0.021807 0.060729
0 0.764798 0.742915 0.043614 0.105263
0 0.655763 0.331984 0.021807 0.044534
1 0.394860 0.431174 0.023364 0.060729
1 0.186916 0.611336 0.049844 0.141700
1 0.553738 0.285425 0.007788 0.032389
0 0.324766 0.765182 0.046729 0.129555
0 0.588006 0.500000 0.010903 0.028340
