1 0.579439 0.259109 0.017134 0.064777
1 0.808411 0.536437 0.028037 0.080972
1 0.186137 0.368421 0.040498 0.085020
1 0.337227 0.811741 0.062305 0.161943
0 0.720405 0.696356 0.020249 0.040486
1 0.813863 0.898785 0.038941 0.068826
1 0.183022 0.230769 0.031153 0.101215
1 0.542056 0.508097 0.009346 0.020243
0 0.584112 0.864372 0.020249 0.052632
1 0.821651 0.663968 0.028037 0.105263
0 0.544393 0.313765 0.035826 0.085020
1 0.064642 0.546559 0.023364 0.072874
1 0.859034 0.384615 0.014019 0.040486
0 0.493769 0.785425 0.021807 0.080972
1 0.928349 0.919028 0.031153 0.080972
1 0.144860 0.635628 0.010903 0.032389
1 0.413551 0.876518 0.060748 0.113360
0 0.216511 0.299595 0.020249 0.052632
1 0.140966 0.520243 0.085670 0.222672
1 0.332555 0.532389 0.029595 0.097166
1 0.688474 0.425101 0.051402 0.113360
0 0.146417 0.797571 0.029595 0.113360
1 0.243769 0.834008 0.059190 0.157895
1 0.892523 0.651822 0.073209 0.137652
1 0.525701 0.240891 0.048287 0.141700
0 0.901090 0.829960 0.015576 0.032389
0 0.062305 0.182186 0.012461 0.048583
1 0.556075 0.720648 0.054517 0.117409
1 0.883956 0.277328 0.032710 0.064777
1 0.739875 0.823887 0.029595 0.076923
0 0.733645 0.520243 0.018692 0.056680
1 0.485202 0.336032 0.032710 0.101215
1 0.690031 0.238866 0.056075 0.153846
1 0.665109 0.352227 0.029595 0.072874
0 0.106698 0.342105 0.020249 0.052632
1 0.153427 0.698381 0.032710 0.097166
1 0.764798 0.321862 0.032710 0.089069
0 0.625389 0.196356 0.028037 0.117409
0 0.946262 0.410931 0.021807 0.064777
0 0.323988 0.340081 0.006231 0.032389
1 0.359813 0.564777 0.009346 0.024291
1 0.738318 0.751012 0.021807 0.040486
0 0.616822 0.301619 0.038941 0.093117
0 0.163551 0.364372 0.021807 0.036437
1 0.096573 0.888664 0.054517 0.080972
1 0.231308 0.744939 0.031153 0.060729
0 0.258567 0.659919 0.042056 0.105263
0 0.679128 0.617409 0.015576 0.048583
1 0.719626 0.121457 0.023364 0.056680
