1 0.305296 0.641700 0.015576 0.044534
1 0.084112 0.406883 0.012461 0.028340
0 0.637072 0.352227 0.015576 0.028340
0 0.148754 0.605263 0.009346 0.028340
1 0.622274 0.131579 0.004673 0.012146
0 0.742991 0.919028 0.046729 0.113360
1 0.614486 0.844130 0.035826 0.093117
0 0.810748 0.738866 0.042056 0.121457
0 0.683022 0.303644 0.031153 0.080972
0 0.579439 0.220648 0.035826 0.101215
0 0.446262 0.261134 0.020249 0.052632
1 0.569315 0.263158 0.026480 0.113360
0 0.952492 0.182186 0.007788 0.016194
0 0.128505 0.210526 0.020249 0.040486
0 0.156542 0.759109 0.045171 0.113360
1 0.547508 0.119433 0.014019 0.036437
1 0.866822 0.180162 0.035826 0.076923
1 0.380841 0.781377 0.018692 0.036437
1 0.684579 0.605263 0.024922 0.064777
1 0.544393 0.615385 0.048287 0.089069
0 0.883956 0.451417 0.014019 0.036437
0 0.544393 0.520243 0.034268 0.133603
0 0.516355 0.455466 0.010903 0.028340
0 0.628505 0.489879 0.032710 0.076923
1 0.200156 0.730769 0.021807 0.064777
0 0.381620 0.402834 0.084112 0.161943
1 0.158100 0.433198 0.018692 0.060729
1 0.906542 0.599190 0.029595 0.076923
1 0.364486 0.582996 0.043614 0.101215
0 0.700935 0.161943 0.034268 0.072874
0 0.829439 0.819838 0.009346 0.024291
