1 0.832555 0.601215 0.020249 0.040486
1 0.078660 0.174089 0.015576 0.044534
1 0.649533 0.716599 0.071651 0.226721
1 0.231308 0.516194 0.007788 0.020243
1 0.471184 0.192308 0.010903 0.012146
1 0.291277 0.267206 0.023364 0.101215
1 0.485202 0.516194 0.012461 0.044534
1 0.074766 0.390688 0.015576 0.028340
1 0.168224 0.147773 0.028037 0.036437
0 0.828660 0.311741 0.015576 0.048583
1 0.671340 0.277328 0.031153 0.101215
0 0.339564 0.441296 0.034268 0.085020
1 0.260125 0.672065 0.009346 0.020243
1 0.243769 0.791498 0.049844 0.133603
0 0.914330 0.886640 0.074766 0.178138
0 0.334891 0.785425 0.037383 0.093117
0 0.301402 0.682186 0.010903 0.028340
0 0.257788 0.356275 0.018692 0.064777
1 0.583333 0.912955 0.017134 0.048583
1 0.739097 0.550607 0.037383 0.080972
0 0.816199 0.459514 0.018692 0.052632
1 0.288941 0.759109 0.014019 0.052632
0 0.263240 0.145749 0.006231 0.016194
1 0.437695 0.582996 0.015576 0.044534
1 0.901869 0.580972 0.074766 0.165992
0 0.774143 0.153846 0.020249 0.076923
1 0.817757 0.773279 0.101246 0.263158
1 0.663551 0.147773 0.012461 0.028340
1 0.928349 0.429150 0.021807 0.048583
1 0.619938 0.473684 0.084112 0.279352
0 0.405763 0.220648 0.023364 0.068826
1 0.332555 0.963563 0.014019 0.040486
1 0.922897 0.688259 0.031153 0.141700
1 0.388629 0.807692 0.038941 0.117409
1 0.728193 0.821862 0.024922 0.093117
