1 0.173676 0.289474 0.020249 0.056680
1 0.585670 0.678138 0.040498 0.097166
0 0.058411 0.220648 0.021807 0.068826
0 0.450156 0.597166 0.029595 0.068826
1 0.112150 0.655870 0.062305 0.129555
0 0.374611 0.170040 0.029595 0.072874
1 0.190031 0.502024 0.056075 0.190283
0 0.471963 0.639676 0.056075 0.121457
1 0.756231 0.346154 0.031153 0.060729
0 0.084112 0.694332 0.046729 0.101215
1 0.609813 0.534413 0.020249 0.076923
1 0.293614 0.297571 0.026480 0.101215
1 0.708723 0.279352 0.034268 0.093117
1 0.094237 0.888664 0.049844 0.170040
1 0.440810 0.208502 0.046729 0.170040
1 0.078660 0.805668 0.060748 0.097166
1 0.605919 0.495951 0.012461 0.032389
0 0.253115 0.368421 0.010903 0.024291
0 0.240654 0.558704 0.043614 0.149798
0 0.590343 0.572874 0.017134 0.060729
0 0.461838 0.858300 0.034268 0.129555
0 0.654984 0.376518 0.007788 0.024291
1 0.386293 0.613360 0.018692 0.068826
1 0.449377 0.287449 0.049844 0.113360
0 0.385514 0.410931 0.032710 0.072874
1 0.260125 0.194332 0.071651 0.141700
1 0.118380 0.232794 0.009346 0.024291
1 0.878505 0.576923 0.009346 0.024291
1 0.255452 0.485830 0.046729 0.153846
0 0.221184 0.585020 0.028037 0.076923
0 0.778037 0.287449 0.045171 0.121457
0 0.375389 0.953441 0.018692 0.052632
