0 0.312305 0.406883 0.007788 0.012146
1 0.404206 0.706478 0.034268 0.133603
1 0.076324 0.894737 0.024922 0.048583
1 0.552960 0.261134 0.026480 0.052632
1 0.591900 0.425101 0.113707 0.271255
1 0.219626 0.178138 0.051402 0.105263
0 0.820872 0.289474 0.031153 0.068826
1 0.427570 0.305668 0.026480 0.080972
1 0.107477 0.882591 0.012461 0.024291
1 0.664330 0.530364 0.042056 0.125506
1 0.345016 0.305668 0.028037 0.093117
1 0.271807 0.935223 0.042056 0.113360
1 0.551402 0.878543 0.018692 0.056680
0 0.438474 0.866397 0.007788 0.012146
1 0.700156 0.151822 0.037383 0.097166
1 0.781153 0.742915 0.004673 0.012146
1 0.799065 0.838057 0.017134 0.052632
1 0.559190 0.692308 0.024922 0.085020
1 0.484424 0.647773 0.049844 0.137652
1 0.899533 0.777328 0.037383 0.089069
1 0.131620 0.419028 0.017134 0.060729
0 0.376168 0.904858 0.037383 0.133603
0 0.175234 0.678138 0.045171 0.133603
1 0.488318 0.315789 0.028037 0.056680
1 0.405763 0.445344 0.056075 0.178138
0 0.859813 0.740891 0.020249 0.052632
1 0.112928 0.795547 0.046729 0.170040
0 0.704050 0.674089 0.026480 0.048583
1 0.215732 0.475709 0.040498 0.113360
1 0.353583 0.556680 0.048287 0.145749
1 0.441589 0.682186 0.052960 0.170040
0 0.156542 0.224696 0.009346 0.020243
0 0.891745 0.591093 0.034268 0.097166
1 0.741433 0.564777 0.038941 0.113360
1 0.695483 0.591093 0.049844 0.161943
1 0.232087 0.512146 0.029595 0.068826
1 0.883178 0.461538 0.051402 0.133603
1 0.814642 0.702429 0.042056 0.085020
0 0.369938 0.188259 0.014019 0.056680
1 0.683801 0.914980 0.049844 0.052632
0 0.440031 0.763158 0.056075 0.125506
0 0.423676 0.635628 0.049844 0.121457
1 0.605140 0.744939 0.042056 0.085020
0 0.798287 0.483806 0.014019 0.036437
1 0.518692 0.216599 0.066978 0.170040
0 0.316978 0.781377 0.020249 0.040486
0 0.575545 0.226721 0.014019 0.032389
1 0.112150 0.226721 0.012461 0.036437
0 0.921340 0.451417 0.052960 0.113360
1 0.908879 0.904858 0.042056 0.109312
1 0.125389 0.921053 0.023364 0.060729
1 0.119938 0.518219 0.006231 0.016194
1 0.613707 0.935223 0.018692 0.032389
1 0.157321 0.659919 0.038941 0.137652
