0 0.494548 0.200405 0.021807 0.048583
0 0.347352 0.597166 0.032710 0.076923
1 0.753894 0.170040 0.028037 0.060729
1 0.190031 0.435223 0.028037 0.101215
1 0.252336 0.493927 0.021807 0.060729
0 0.675234 0.305668 0.035826 0.113360
0 0.260125 0.700405 0.021807 0.036437
1 0.380841 0.380567 0.018692 0.040486
1 0.176791 0.783401 0.021807 0.048583
0 0.342679 0.742915 0.037383 0.068826
0 0.086449 0.781377 0.063863 0.153846
1 0.288941 0.180162 0.028037 0.117409
1 0.774143 0.949393 0.040498 0.068826
1 0.299065 0.637652 0.038941 0.121457
0 0.307632 0.473684 0.043614 0.089069
1 0.370717 0.194332 0.012461 0.036437
0 0.510903 0.552632 0.024922 0.072874
1 0.419003 0.781377 0.060748 0.101215
1 0.633178 0.710526 0.062305 0.113360
1 0.705607 0.805668 0.007788 0.032389
0 0.434579 0.313765 0.031153 0.093117
1 0.271807 0.234818 0.031153 0.080972
0 0.630841 0.382591 0.057632 0.121457
0 0.952492 0.599190 0.018692 0.052632
0 0.049065 0.910931 0.026480 0.068826
1 0.561526 0.526316 0.023364 0.052632
1 0.281931 0.943320 0.026480 0.064777
0 0.672897 0.534413 0.021807 0.052632
0 0.897975 0.738866 0.073209 0.251012
1 0.761682 0.635628 0.009346 0.032389
1 0.778037 0.834008 0.038941 0.060729
1 0.166667 0.165992 0.009346 0.024291
0 0.381620 0.574899 0.032710 0.072874
1 0.636293 0.240891 0.007788 0.016194
1 0.945483 0.560729 0.026480 0.064777
1 0.071651 0.939271 0.009346 0.040486
0 0.634735 0.823887 0.065421 0.117409
1 0.043614 0.613360 0.015576 0.040486
1 0.534268 0.829960 0.028037 0.089069
1 0.362928 0.145749 0.021807 0.036437
1 0.775701 0.661943 0.015576 0.044534
