1 0.488318 0.305668 0.012461 0.028340
1 0.842679 0.775304 0.028037 0.085020
1 0.521807 0.649798 0.020249 0.044534
0 0.339564 0.354251 0.021807 0.044534
1 0.304517 0.293522 0.048287 0.145749
1 0.478193 0.518219 0.031153 0.089069
1 0.778816 0.234818 0.010903 0.024291
0 0.162773 0.665992 0.113707 0.161943
0 0.461838 0.358300 0.037383 0.085020
0 0.049844 0.192308 0.023364 0.068826
1 0.683022 0.236842 0.015576 0.032389
0 0.168224 0.398785 0.035826 0.097166
0 0.330218 0.562753 0.052960 0.113360
1 0.399533 0.180162 0.021807 0.040486
1 0.605919 0.530364 0.035826 0.117409
1 0.560748 0.354251 0.026480 0.076923
0 0.918224 0.718623 0.024922 0.044534
0 0.053738 0.927126 0.017134 0.036437
0 0.290498 0.856275 0.051402 0.137652
1 0.669003 0.570850 0.029595 0.080972
1 0.359034 0.797571 0.017134 0.048583
1 0.781153 0.425101 0.026480 0.044534
1 0.186137 0.287449 0.015576 0.048583
1 0.894081 0.483806 0.015576 0.032389
1 0.832555 0.360324 0.034268 0.068826
0 0.752336 0.500000 0.024922 0.060729
1 0.748442 0.951417 0.020249 0.044534
1 0.850467 0.283401 0.062305 0.149798
0 0.481308 0.836032 0.018692 0.048583
0 0.890187 0.757085 0.049844 0.121457
1 0.817757 0.481781 0.012461 0.028340
1 0.101246 0.878543 0.020249 0.080972
0 0.661215 0.244939 0.029595 0.076923
0 0.623832 0.945344 0.004673 0.012146
1 0.771807 0.297571 0.051402 0.093117
0 0.599688 0.204453 0.031153 0.089069
1 0.373053 0.429150 0.023364 0.056680
1 0.103583 0.429150 0.010903 0.020243
1 0.637072 0.329960 0.023364 0.064777
