1 0.342679 0.311741 0.062305 0.105263
0 0.712617 0.402834 0.026480 0.076923
0 0.552960 0.724696 0.026480 0.068826
1 0.188474 0.275304 0.038941 0.133603
1 0.622274 0.763158 0.098131 0.311741
0 0.802960 0.431174 0.012461 0.028340
0 0.386293 0.692308 0.010903 0.028340
1 0.400312 0.512146 0.062305 0.174089
1 0.755452 0.214575 0.060748 0.182186
0 0.119159 0.742915 0.051402 0.121457
1 0.685358 0.358300 0.024922 0.076923
1 0.721184 0.311741 0.028037 0.056680
0 0.190031 0.163968 0.018692 0.064777
1 0.242212 0.823887 0.032710 0.097166
1 0.771807 0.706478 0.042056 0.174089
0 0.759346 0.382591 0.028037 0.060729
0 0.684579 0.257085 0.015576 0.044534
0 0.626947 0.184211 0.026480 0.052632
0 0.679128 0.935223 0.017134 0.044534
1 0.467290 0.208502 0.026480 0.109312
1 0.516355 0.793522 0.035826 0.072874
1 0.261682 0.327935 0.048287 0.129555
0 0.757788 0.929150 0.040498 0.093117
1 0.329439 0.548583 0.017134 0.040486
1 0.252336 0.518219 0.023364 0.052632
1 0.422897 0.230769 0.070093 0.186235
1 0.133956 0.220648 0.049844 0.141700
1 0.264019 0.421053 0.026480 0.056680
0 0.306075 0.896761 0.056075 0.129555
0 0.646417 0.350202 0.015576 0.036437
1 0.081776 0.471660 0.066978 0.145749
1 0.806075 0.455466 0.024922 0.060729
0 0.484424 0.267206 0.006231 0.016194
1 0.059969 0.329960 0.028037 0.052632
