1 0.337227 0.301619 0.073209 0.198381
1 0.225857 0.769231 0.028037 0.097166
1 0.919003 0.755061 0.077882 0.186235
1 0.161994 0.698381 0.035826 0.068826
1 0.778816 0.540486 0.063863 0.137652
1 0.360592 0.641700 0.052960 0.157895
1 0.381620 0.700405 0.049844 0.190283
1 0.860592 0.368421 0.034268 0.117409
0 0.107477 0.864372 0.009346 0.024291
1 0.339564 0.174089 0.015576 0.032389
0 0.721963 0.791498 0.040498 0.113360
1 0.560748 0.232794 0.032710 0.064777
1 0.741433 0.463563 0.088785 0.161943
1 0.843458 0.884615 0.051402 0.097166
1 0.203271 0.536437 0.017134 0.036437
1 0.643302 0.522267 0.012461 0.032389
0 0.231308 0.473684 0.014019 0.048583
1 0.319315 0.878543 0.028037 0.097166
0 0.727414 0.159919 0.012461 0.028340
0 0.172118 0.633603 0.045171 0.113360
1 0.147975 0.305668 0.054517 0.218623
1 0.554517 0.706478 0.065421 0.170040
1 0.897196 0.605263 0.087227 0.145749
1 0.482087 0.862348 0.037383 0.117409
0 0.495327 0.921053 0.034268 0.076923
1 0.144860 0.657895 0.023364 0.064777
1 0.234424 0.641700 0.029595 0.109312
1 0.843458 0.595142 0.024922 0.044534
0 0.538162 0.376518 0.037383 0.101215
1 0.280374 0.941296 0.015576 0.044534
1 0.929128 0.277328 0.065421 0.190283
1 0.653427 0.803644 0.017134 0.060729
1 0.740654 0.242915 0.042056 0.109312
0 0.407321 0.331984 0.034268 0.093117
1 0.520249 0.530364 0.032710 0.125506
0 0.528037 0.605263 0.040498 0.113360
0 0.841121 0.301619 0.066978 0.137652
0 0.665888 0.898785 0.015576 0.036437
1 0.817757 0.145749 0.009346 0.024291
1 0.280374 0.178138 0.057632 0.129555
