1 0.285826 0.659919 0.054517 0.161943
1 0.519470 0.273279 0.012461 0.068826
0 0.911215 0.194332 0.009346 0.016194
0 0.077882 0.447368 0.029595 0.068826
1 0.370717 0.779352 0.043614 0.133603
1 0.348910 0.706478 0.007788 0.028340
1 0.757788 0.605263 0.014019 0.036437
1 0.620717 0.412955 0.012461 0.048583
1 0.411994 0.738866 0.088785 0.202429
1 0.836449 0.504049 0.071651 0.190283
1 0.141745 0.350202 0.023364 0.076923
1 0.824766 0.370445 0.042056 0.125506
1 0.110592 0.475709 0.014019 0.052632
1 0.070872 0.246964 0.029595 0.089069
1 0.468847 0.834008 0.054517 0.129555
1 0.239097 0.771255 0.065421 0.149798
1 0.510125 0.838057 0.026480 0.068826
0 0.492212 0.548583 0.037383 0.064777
1 0.101246 0.550607 0.037383 0.137652
1 0.650312 0.912955 0.037383 0.085020
1 0.356698 0.489879 0.012461 0.056680
1 0.158879 0.548583 0.021807 0.052632
0 0.058411 0.127530 0.007788 0.020243
0 0.221184 0.172065 0.042056 0.113360
1 0.941589 0.129555 0.026480 0.072874
1 0.627726 0.607287 0.049844 0.105263
1 0.848131 0.570850 0.037383 0.141700
1 0.866044 0.236842 0.051402 0.085020
0 0.234424 0.860324 0.010903 0.028340
1 0.068536 0.753036 0.035826 0.085020
0 0.491433 0.455466 0.062305 0.190283
0 0.770249 0.453441 0.017134 0.040486
1 0.693925 0.595142 0.040498 0.089069
1 0.388629 0.230769 0.040498 0.113360
1 0.359813 0.331984 0.032710 0.068826
1 0.316978 0.455466 0.032710 0.052632
1 0.498442 0.259109 0.038941 0.085020
0 0.156542 0.311741 0.023364 0.060729
0 0.122274 0.299595 0.020249 0.064777
1 0.570093 0.785425 0.068536 0.206478
1 0.796729 0.309717 0.032710 0.085020
1 0.909657 0.246964 0.026480 0.076923
1 0.191589 0.313765 0.015576 0.044534
1 0.662773 0.599190 0.049844 0.141700
1 0.609034 0.672065 0.040498 0.161943
0 0.228193 0.111336 0.009346 0.020243
0 0.085670 0.295547 0.049844 0.137652
1 0.249221 0.516194 0.031153 0.097166
1 0.888629 0.785425 0.017134 0.036437
0 0.415888 0.574899 0.012461 0.024291
1 0.437695 0.317814 0.009346 0.024291
