1 0.700156 0.119433 0.004673 0.012146
1 0.342679 0.609312 0.049844 0.101215
0 0.757788 0.435223 0.010903 0.036437
1 0.554517 0.224696 0.018692 0.060729
0 0.338785 0.789474 0.010903 0.024291
1 0.507009 0.344130 0.035826 0.076923
1 0.864486 0.155870 0.029595 0.076923
1 0.289720 0.202429 0.017134 0.060729
1 0.685358 0.516194 0.017134 0.052632
1 0.184579 0.226721 0.009346 0.016194
1 0.879283 0.348178 0.121495 0.246964
0 0.239097 0.621457 0.023364 0.068826
0 0.219626 0.906883 0.029595 0.068826
0 0.938474 0.544534 0.017134 0.068826
1 0.166667 0.890688 0.057632 0.117409
1 0.393302 0.285425 0.057632 0.153846
0 0.708723 0.214575 0.035826 0.089069
1 0.811526 0.338057 0.017134 0.056680
0 0.565421 0.414980 0.043614 0.113360
0 0.500000 0.878543 0.038941 0.064777
0 0.640966 0.751012 0.017134 0.044534
1 0.598131 0.627530 0.059190 0.141700
0 0.738318 0.230769 0.052960 0.141700
1 0.175234 0.540486 0.028037 0.097166
1 0.238318 0.767206 0.023364 0.089069
0 0.408879 0.176113 0.043614 0.125506
1 0.526480 0.908907 0.014019 0.052632
0 0.827103 0.736842 0.057632 0.149798
1 0.444704 0.862348 0.040498 0.097166
1 0.116822 0.645749 0.040498 0.093117
1 0.086449 0.457490 0.026480 0.048583
0 0.591121 0.329960 0.037383 0.113360
0 0.765576 0.325911 0.014019 0.040486
1 0.704829 0.319838 0.031153 0.064777
1 0.296729 0.518219 0.012461 0.036437
0 0.646417 0.597166 0.018692 0.044534
1 0.555296 0.524291 0.031153 0.085020
1 0.932243 0.172065 0.024922 0.089069
1 0.360592 0.506073 0.023364 0.068826
1 0.443925 0.532389 0.093458 0.238866
1 0.494548 0.710526 0.012461 0.036437
0 0.088785 0.295547 0.051402 0.117409
1 0.329439 0.210526 0.045171 0.125506
1 0.437695 0.279352 0.071651 0.170040
1 0.723520 0.981781 0.007788 0.020243
1 0.570093 0.534413 0.032710 0.105263
1 0.542835 0.564777 0.031153 0.064777
1 0.580997 0.475709 0.029595 0.080972
1 0.251558 0.441296 0.037383 0.093117
