1 0.297508 0.315789 0.006231 0.016194
1 0.777259 0.188259 0.052960 0.060729
1 0.154206 0.329960 0.031153 0.085020
1 0.877726 0.953441 0.017134 0.044534
0 0.069315 0.283401 0.034268 0.105263
1 0.503894 0.248988 0.040498 0.085020
1 0.183801 0.329960 0.012461 0.028340
0 0.901869 0.248988 0.077882 0.174089
1 0.663551 0.370445 0.063863 0.149798
0 0.296729 0.546559 0.087227 0.145749
1 0.725078 0.524291 0.028037 0.040486
0 0.527259 0.518219 0.080997 0.242915
0 0.110592 0.831984 0.023364 0.076923
1 0.828660 0.348178 0.009346 0.024291
1 0.319315 0.285425 0.010903 0.036437
1 0.133178 0.585020 0.014019 0.028340
0 0.809190 0.196356 0.051402 0.133603
1 0.697819 0.536437 0.034268 0.105263
0 0.077882 0.382591 0.021807 0.048583
0 0.218069 0.781377 0.014019 0.040486
0 0.137850 0.815789 0.026480 0.068826
1 0.652648 0.692308 0.021807 0.052632
0 0.701713 0.680162 0.046729 0.117409
0 0.276480 0.787449 0.084112 0.153846
1 0.852025 0.520243 0.062305 0.133603
0 0.753894 0.898785 0.052960 0.145749
1 0.746106 0.265182 0.037383 0.133603
1 0.527259 0.188259 0.037383 0.101215
1 0.165109 0.137652 0.038941 0.068826
1 0.823988 0.834008 0.060748 0.121457
