0 0.893302 0.722672 0.020249 0.052632
0 0.931464 0.574899 0.015576 0.040486
0 0.892523 0.261134 0.028037 0.068826
0 0.261682 0.477733 0.049844 0.105263
1 0.469626 0.645749 0.034268 0.109312
1 0.234424 0.649798 0.023364 0.044534
0 0.853583 0.554656 0.015576 0.040486
1 0.295950 0.647773 0.035826 0.072874
0 0.193925 0.224696 0.017134 0.052632
0 0.361371 0.344130 0.034268 0.056680
0 0.627726 0.212551 0.057632 0.153846
1 0.295950 0.489879 0.034268 0.048583
1 0.547508 0.431174 0.012461 0.020243
1 0.092679 0.929150 0.020249 0.076923
0 0.665109 0.267206 0.012461 0.024291
0 0.904984 0.906883 0.024922 0.052632
1 0.507009 0.471660 0.017134 0.076923
0 0.179907 0.159919 0.048287 0.109312
1 0.301402 0.765182 0.032710 0.113360
1 0.563084 0.516194 0.034268 0.109312
1 0.917445 0.805668 0.021807 0.060729
1 0.658879 0.647773 0.105919 0.344130
1 0.299844 0.184211 0.082555 0.157895
0 0.181464 0.414980 0.028037 0.101215
1 0.869938 0.882591 0.020249 0.056680
0 0.782710 0.236842 0.060748 0.101215
0 0.263240 0.295547 0.046729 0.145749
0 0.766355 0.712551 0.009346 0.024291
0 0.119938 0.625506 0.066978 0.234818
1 0.890187 0.957490 0.017134 0.052632
1 0.519470 0.653846 0.038941 0.109312
1 0.458723 0.878543 0.032710 0.097166
0 0.476636 0.793522 0.026480 0.064777
1 0.567757 0.168016 0.009346 0.036437
1 0.717290 0.848178 0.116822 0.186235
1 0.211838 0.829960 0.032710 0.080972
1 0.641745 0.896761 0.040498 0.101215
1 0.142523 0.518219 0.066978 0.178138
1 0.512461 0.208502 0.026480 0.048583
1 0.081776 0.251012 0.032710 0.097166
0 0.891745 0.196356 0.010903 0.028340
1 0.129283 0.757085 0.043614 0.149798
0 0.869159 0.803644 0.015576 0.032389
1 0.228972 0.364372 0.009346 0.024291
0 0.707165 0.139676 0.028037 0.060729
0 0.471963 0.821862 0.023364 0.060729
0 0.897196 0.692308 0.010903 0.032389
1 0.887850 0.520243 0.042056 0.137652
1 0.118380 0.246964 0.062305 0.141700
1 0.332555 0.338057 0.029595 0.044534
1 0.551402 0.574899 0.042056 0.133603
0 0.356698 0.263158 0.028037 0.085020
0 0.819315 0.834008 0.020249 0.044534
