0 0.833333 0.352227 0.031153 0.068826
1 0.091900 0.182186 0.049844 0.117409
0 0.439252 0.753036 0.026480 0.064777
0 0.269470 0.556680 0.032710 0.068826
1 0.921340 0.639676 0.042056 0.080972
0 0.118380 0.514170 0.020249 0.048583
1 0.200156 0.633603 0.124611 0.267206
1 0.634735 0.325911 0.037383 0.125506
1 0.429128 0.787449 0.020249 0.052632
0 0.874611 0.530364 0.042056 0.064777
1 0.718069 0.234818 0.021807 0.052632
1 0.478193 0.935223 0.024922 0.080972
1 0.570872 0.321862 0.049844 0.170040
1 0.795950 0.350202 0.024922 0.137652
1 0.505452 0.489879 0.021807 0.056680
1 0.586449 0.471660 0.051402 0.117409
0 0.391745 0.317814 0.048287 0.149798
0 0.736760 0.872470 0.009346 0.016194
1 0.512461 0.133603 0.021807 0.048583
1 0.064642 0.603239 0.021807 0.052632
0 0.512461 0.906883 0.021807 0.052632
1 0.640966 0.619433 0.009346 0.024291
1 0.459502 0.686235 0.017134 0.052632
1 0.549065 0.412955 0.018692 0.048583
0 0.806075 0.489879 0.049844 0.145749
0 0.647975 0.564777 0.014019 0.036437
1 0.533489 0.184211 0.014019 0.044534
0 0.206386 0.912955 0.032710 0.080972
1 0.558411 0.599190 0.029595 0.080972
1 0.396417 0.647773 0.029595 0.080972
0 0.492212 0.779352 0.018692 0.056680
1 0.836449 0.718623 0.014019 0.052632
1 0.890966 0.676113 0.034268 0.113360
0 0.051402 0.236842 0.003115 0.012146
