1 0.843458 0.473684 0.029595 0.097166
1 0.552960 0.704453 0.048287 0.109312
1 0.537383 0.447368 0.054517 0.121457
0 0.386293 0.465587 0.028037 0.072874
1 0.602804 0.692308 0.035826 0.170040
1 0.166667 0.248988 0.028037 0.060729
1 0.095794 0.568826 0.026480 0.068826
1 0.478972 0.425101 0.054517 0.093117
0 0.874611 0.829960 0.010903 0.032389
1 0.538941 0.876518 0.045171 0.113360
1 0.184579 0.293522 0.017134 0.040486
0 0.482866 0.597166 0.028037 0.076923
1 0.218069 0.319838 0.028037 0.060729
1 0.816978 0.773279 0.024922 0.080972
0 0.395639 0.665992 0.029595 0.085020
0 0.123053 0.208502 0.018692 0.044534
1 0.295171 0.151822 0.017134 0.048583
0 0.056854 0.738866 0.031153 0.085020
1 0.547508 0.176113 0.037383 0.133603
1 0.490654 0.829960 0.104361 0.230769
0 0.633956 0.716599 0.028037 0.064777
0 0.510903 0.542510 0.035826 0.093117
1 0.745327 0.682186 0.040498 0.141700
1 0.312305 0.712551 0.026480 0.080972
0 0.648754 0.366397 0.028037 0.101215
0 0.827882 0.220648 0.010903 0.024291
1 0.218069 0.858300 0.018692 0.080972
1 0.648754 0.451417 0.015576 0.044534
1 0.645639 0.744939 0.021807 0.072874
0 0.120717 0.605263 0.032710 0.068826
0 0.283489 0.791498 0.060748 0.133603
0 0.049065 0.386640 0.007788 0.020243
1 0.483645 0.506073 0.021807 0.060729
1 0.429128 0.226721 0.010903 0.012146
1 0.525701 0.198381 0.068536 0.133603
1 0.865265 0.230769 0.020249 0.080972
0 0.484424 0.325911 0.029595 0.085020
0 0.385514 0.710526 0.028037 0.072874
1 0.266355 0.487854 0.043614 0.105263
0 0.897196 0.198381 0.007788 0.016194
1 0.237539 0.710526 0.028037 0.097166
1 0.929907 0.441296 0.015576 0.036437
0 0.825545 0.170040 0.021807 0.068826
0 0.632399 0.846154 0.012461 0.028340
1 0.747664 0.578947 0.032710 0.117409
1 0.049065 0.279352 0.015576 0.040486
1 0.900312 0.698381 0.063863 0.145749
0 0.313863 0.238866 0.007788 0.024291
1 0.839564 0.680162 0.012461 0.036437
1 0.395639 0.925101 0.018692 0.080972
1 0.366044 0.576923 0.046729 0.105263
0 0.806854 0.491903 0.034268 0.105263
1 0.854361 0.386640 0.014019 0.020243
