0 0.713396 0.682186 0.009346 0.052632
1 0.509346 0.712551 0.042056 0.105263
0 0.526480 0.388664 0.023364 0.040486
0 0.241433 0.151822 0.024922 0.093117
0 0.456386 0.716599 0.060748 0.141700
0 0.141745 0.641700 0.076324 0.153846
0 0.467290 0.208502 0.007788 0.020243
0 0.223520 0.751012 0.052960 0.178138
1 0.165888 0.530364 0.032710 0.068826
1 0.731308 0.374494 0.060748 0.218623
0 0.830218 0.113360 0.009346 0.024291
1 0.480530 0.447368 0.026480 0.072874
1 0.158100 0.925101 0.028037 0.048583
0 0.879283 0.455466 0.007788 0.020243
1 0.549844 0.265182 0.049844 0.125506
1 0.151869 0.755061 0.032710 0.093117
0 0.750779 0.141700 0.015576 0.040486
0 0.373832 0.690283 0.018692 0.028340
1 0.284268 0.212551 0.018692 0.048583
0 0.532710 0.587045 0.034268 0.137652
1 0.740654 0.544534 0.042056 0.137652
1 0.221184 0.360324 0.034268 0.117409
1 0.918224 0.763158 0.063863 0.153846
1 0.418224 0.212551 0.020249 0.076923
1 0.926791 0.526316 0.031153 0.064777
0 0.706386 0.587045 0.037383 0.109312
1 0.169782 0.354251 0.046729 0.109312
0 0.267134 0.277328 0.048287 0.145749
0 0.895639 0.360324 0.049844 0.133603
1 0.784268 0.706478 0.037383 0.113360
1 0.297508 0.133603 0.024922 0.048583
1 0.147975 0.493927 0.021807 0.044534
0 0.826324 0.546559 0.035826 0.056680
1 0.835670 0.716599 0.035826 0.101215
0 0.230530 0.917004 0.024922 0.085020
0 0.414330 0.500000 0.037383 0.097166
1 0.622274 0.524291 0.079439 0.190283
1 0.365265 0.390688 0.020249 0.032389
1 0.864486 0.263158 0.020249 0.064777
1 0.929128 0.423077 0.012461 0.020243
1 0.929907 0.852227 0.043614 0.085020
0 0.372274 0.251012 0.012461 0.040486
0 0.271807 0.738866 0.024922 0.093117
0 0.125389 0.384615 0.042056 0.125506
1 0.399533 0.615385 0.007788 0.032389
1 0.857477 0.578947 0.023364 0.048583
1 0.647975 0.931174 0.021807 0.080972
