0 0.894081 0.544534 0.012461 0.028340
1 0.879283 0.226721 0.040498 0.121457
1 0.476636 0.253036 0.010903 0.044534
0 0.378505 0.896761 0.046729 0.109312
0 0.619159 0.880567 0.037383 0.097166
1 0.148754 0.552632 0.035826 0.129555
0 0.239097 0.228745 0.035826 0.117409
0 0.546729 0.473684 0.012461 0.044534
1 0.179128 0.311741 0.056075 0.117409
0 0.672118 0.927126 0.034268 0.093117
1 0.772586 0.763158 0.074766 0.161943
0 0.068536 0.878543 0.032710 0.072874
1 0.397196 0.491903 0.099688 0.303644
1 0.654984 0.178138 0.021807 0.064777
0 0.227414 0.603239 0.049844 0.113360
0 0.456386 0.218623 0.037383 0.056680
0 0.850467 0.647773 0.046729 0.072874
1 0.632399 0.811741 0.012461 0.044534
1 0.556854 0.910931 0.038941 0.089069
0 0.470405 0.759109 0.043614 0.080972
1 0.564642 0.388664 0.056075 0.145749
1 0.705607 0.457490 0.029595 0.072874
1 0.205607 0.214575 0.043614 0.080972
1 0.295950 0.641700 0.107477 0.344130
0 0.904984 0.477733 0.009346 0.028340
0 0.630841 0.194332 0.020249 0.040486
1 0.492991 0.562753 0.014019 0.032389
0 0.615265 0.325911 0.015576 0.036437
1 0.742212 0.615385 0.021807 0.093117
1 0.793614 0.358300 0.028037 0.052632
1 0.269470 0.447368 0.018692 0.056680
0 0.558411 0.139676 0.035826 0.056680
0 0.510125 0.582996 0.018692 0.064777
0 0.843458 0.271255 0.010903 0.032389
1 0.192368 0.799595 0.035826 0.097166
0 0.672897 0.587045 0.088785 0.214575
1 0.809969 0.321862 0.024922 0.052632
0 0.162773 0.457490 0.029595 0.060729
0 0.292056 0.886640 0.021807 0.068826
0 0.345794 0.313765 0.035826 0.109312
1 0.181464 0.585020 0.032710 0.068826
1 0.440031 0.880567 0.012461 0.028340
1 0.427570 0.785425 0.009346 0.024291
1 0.508567 0.429150 0.038941 0.105263
1 0.814642 0.475709 0.045171 0.101215
0 0.684579 0.334008 0.026480 0.036437
1 0.664330 0.834008 0.021807 0.056680
1 0.070093 0.307692 0.040498 0.113360
1 0.092679 0.508097 0.051402 0.145749
1 0.859034 0.860324 0.021807 0.036437
1 0.296729 0.139676 0.021807 0.052632
1 0.609813 0.232794 0.020249 0.060729
0 0.649533 0.283401 0.057632 0.105263
0 0.738318 0.390688 0.057632 0.109312
0 0.456386 0.674089 0.014019 0.056680
0 0.647975 0.797571 0.014019 0.032389
0 0.862928 0.728745 0.034268 0.064777
1 0.786604 0.267206 0.042056 0.089069
1 0.823988 0.795547 0.043614 0.149798
