1 0.313863 0.696356 0.062305 0.307692
1 0.350467 0.933198 0.048287 0.109312
0 0.334891 0.309717 0.031153 0.080972
1 0.104361 0.846154 0.031153 0.125506
1 0.156542 0.755061 0.051402 0.056680
1 0.403427 0.178138 0.056075 0.117409
1 0.160436 0.374494 0.040498 0.101215
1 0.798287 0.736842 0.021807 0.048583
0 0.768692 0.163968 0.018692 0.048583
0 0.536604 0.127530 0.023364 0.056680
0 0.781153 0.168016 0.012461 0.048583
0 0.658100 0.791498 0.056075 0.190283
0 0.179907 0.876518 0.024922 0.060729
1 0.740654 0.771255 0.032710 0.101215
1 0.473520 0.315789 0.026480 0.060729
1 0.720405 0.331984 0.035826 0.068826
1 0.620717 0.475709 0.026480 0.121457
0 0.865265 0.906883 0.014019 0.044534
0 0.258567 0.919028 0.018692 0.040486
1 0.806075 0.331984 0.045171 0.117409
0 0.237539 0.781377 0.056075 0.174089
1 0.656542 0.483806 0.029595 0.072874
1 0.524922 0.145749 0.018692 0.060729
1 0.859034 0.548583 0.026480 0.080972
1 0.665888 0.866397 0.063863 0.089069
1 0.695483 0.720648 0.040498 0.105263
0 0.467290 0.435223 0.026480 0.121457
1 0.360592 0.597166 0.026480 0.056680
0 0.383178 0.892713 0.040498 0.121457
0 0.921340 0.668016 0.052960 0.133603
1 0.153427 0.874494 0.032710 0.072874
1 0.406542 0.568826 0.077882 0.149798
1 0.588785 0.564777 0.026480 0.080972
1 0.059969 0.283401 0.010903 0.020243
0 0.505452 0.838057 0.023364 0.052632
1 0.832555 0.597166 0.056075 0.129555
