0 0.778816 0.350202 0.018692 0.044534
0 0.452492 0.388664 0.032710 0.101215
1 0.742212 0.751012 0.065421 0.218623
1 0.681464 0.943320 0.024922 0.036437
1 0.353583 0.514170 0.079439 0.198381
1 0.927570 0.331984 0.021807 0.052632
0 0.627726 0.327935 0.015576 0.032389
0 0.859813 0.607287 0.032710 0.101215
1 0.345794 0.228745 0.017134 0.052632
1 0.895639 0.139676 0.024922 0.064777
0 0.162773 0.291498 0.029595 0.121457
1 0.238318 0.799595 0.006231 0.020243
1 0.672897 0.364372 0.074766 0.157895
1 0.331776 0.672065 0.012461 0.032389
1 0.742212 0.336032 0.012461 0.032389
1 0.597352 0.562753 0.015576 0.036437
1 0.813863 0.959514 0.017134 0.032389
1 0.821651 0.641700 0.026480 0.064777
0 0.125389 0.795547 0.010903 0.028340
0 0.714953 0.285425 0.012461 0.032389
1 0.253894 0.904858 0.062305 0.149798
0 0.905763 0.852227 0.023364 0.076923
0 0.705607 0.710526 0.009346 0.036437
1 0.529595 0.696356 0.040498 0.109312
1 0.375389 0.289474 0.020249 0.052632
0 0.915109 0.419028 0.057632 0.145749
0 0.129283 0.676113 0.079439 0.198381
0 0.422118 0.765182 0.065421 0.186235
1 0.706386 0.854251 0.037383 0.072874
0 0.311526 0.340081 0.024922 0.056680
1 0.894081 0.342105 0.038941 0.101215
0 0.207165 0.746964 0.014019 0.036437
1 0.107477 0.184211 0.048287 0.153846
1 0.239875 0.313765 0.059190 0.080972
1 0.169003 0.421053 0.015576 0.056680
1 0.423676 0.635628 0.043614 0.125506
1 0.170561 0.548583 0.015576 0.036437
1 0.775701 0.763158 0.040498 0.157895
0 0.284268 0.781377 0.048287 0.145749
1 0.762461 0.463563 0.038941 0.113360
1 0.731308 0.591093 0.060748 0.202429
0 0.887850 0.771255 0.049844 0.105263
