0 0.495327 0.463563 0.037383 0.068826
1 0.547508 0.556680 0.015576 0.040486
0 0.907321 0.497976 0.004673 0.016194
1 0.605140 0.777328 0.059190 0.089069
1 0.630062 0.261134 0.048287 0.105263
0 0.930685 0.524291 0.020249 0.064777
0 0.613707 0.526316 0.021807 0.056680
0 0.958723 0.512146 0.007788 0.020243
1 0.737539 0.981781 0.007788 0.020243
1 0.514019 0.485830 0.021807 0.040486
1 0.449377 0.429150 0.017134 0.089069
0 0.846573 0.289474 0.034268 0.121457
1 0.098131 0.580972 0.020249 0.060729
1 0.718069 0.708502 0.006231 0.024291
0 0.731308 0.338057 0.087227 0.307692
1 0.704829 0.159919 0.024922 0.048583
1 0.123053 0.475709 0.034268 0.097166
0 0.503115 0.340081 0.043614 0.113360
1 0.472741 0.497976 0.034268 0.060729
1 0.478193 0.313765 0.042056 0.101215
0 0.225078 0.805668 0.017134 0.048583
0 0.234424 0.481781 0.029595 0.133603
1 0.715732 0.925101 0.006231 0.020243
1 0.545171 0.647773 0.037383 0.097166
1 0.190031 0.267206 0.068536 0.089069
0 0.660436 0.736842 0.032710 0.137652
1 0.306854 0.846154 0.063863 0.145749
1 0.685358 0.935223 0.023364 0.052632
1 0.376947 0.623482 0.034268 0.056680
1 0.416667 0.528340 0.017134 0.052632
1 0.542835 0.336032 0.043614 0.157895
0 0.883956 0.240891 0.009346 0.028340
0 0.151869 0.714575 0.031153 0.072874
0 0.778037 0.222672 0.042056 0.206478
0 0.471963 0.161943 0.020249 0.052632
1 0.191589 0.429150 0.048287 0.093117
1 0.407321 0.190283 0.026480 0.064777
0 0.369938 0.570850 0.082555 0.121457
1 0.353583 0.265182 0.051402 0.170040
1 0.924455 0.659919 0.026480 0.068826
1 0.414330 0.945344 0.029595 0.060729
1 0.933022 0.356275 0.031153 0.064777
0 0.222741 0.311741 0.045171 0.210526
0 0.210280 0.597166 0.017134 0.056680
0 0.580997 0.352227 0.017134 0.044534
1 0.901869 0.615385 0.012461 0.048583
0 0.226636 0.180162 0.007788 0.020243
1 0.644860 0.538462 0.048287 0.137652
1 0.354361 0.437247 0.020249 0.089069
1 0.160436 0.742915 0.026480 0.093117
1 0.214174 0.858300 0.051402 0.080972
0 0.616044 0.378543 0.010903 0.032389
