0 0.507009 0.168016 0.034268 0.117409
1 0.658879 0.572874 0.066978 0.153846
1 0.623832 0.900810 0.015576 0.036437
1 0.883956 0.279352 0.032710 0.076923
0 0.757788 0.244939 0.042056 0.117409
1 0.745327 0.165992 0.024922 0.040486
0 0.387850 0.200405 0.046729 0.085020
0 0.466511 0.761134 0.028037 0.076923
1 0.443146 0.447368 0.006231 0.020243
0 0.296729 0.773279 0.045171 0.105263
0 0.376947 0.329960 0.021807 0.052632
1 0.271807 0.696356 0.052960 0.121457
0 0.593458 0.582996 0.031153 0.056680
0 0.144860 0.520243 0.068536 0.190283
1 0.304517 0.601215 0.004673 0.012146
0 0.077103 0.799595 0.060748 0.194332
0 0.085670 0.445344 0.021807 0.080972
1 0.312305 0.526316 0.009346 0.024291
1 0.479751 0.186235 0.024922 0.085020
1 0.469626 0.799595 0.026480 0.085020
1 0.637072 0.951417 0.009346 0.040486
1 0.727414 0.807692 0.037383 0.085020
0 0.545950 0.684211 0.007788 0.024291
1 0.750000 0.621457 0.062305 0.121457
1 0.046729 0.951417 0.015576 0.036437
0 0.127726 0.789474 0.009346 0.032389
0 0.081776 0.512146 0.012461 0.040486
0 0.265576 0.787449 0.045171 0.141700
1 0.696262 0.923077 0.015576 0.024291
0 0.656542 0.220648 0.035826 0.044534
1 0.473520 0.457490 0.020249 0.060729
1 0.080997 0.947368 0.015576 0.040486
1 0.742991 0.461538 0.045171 0.234818
1 0.375389 0.698381 0.037383 0.105263
0 0.123832 0.732794 0.007788 0.016194
1 0.829439 0.809717 0.014019 0.024291
0 0.579439 0.813765 0.032710 0.060729
1 0.519470 0.923077 0.023364 0.032389
0 0.161994 0.870445 0.048287 0.089069
1 0.704829 0.188259 0.032710 0.072874
0 0.897196 0.825911 0.021807 0.056680
