0 0.213396 0.443320 0.028037 0.068826
0 0.700156 0.263158 0.059190 0.113360
1 0.479751 0.813765 0.024922 0.052632
1 0.469626 0.607287 0.082555 0.222672
1 0.482866 0.427126 0.026480 0.068826
1 0.411215 0.342105 0.043614 0.137652
0 0.681464 0.941296 0.026480 0.089069
1 0.288162 0.690283 0.059190 0.149798
1 0.453271 0.218623 0.038941 0.101215
0 0.762461 0.834008 0.063863 0.161943
1 0.353583 0.554656 0.028037 0.076923
0 0.710280 0.601215 0.045171 0.129555
1 0.269470 0.174089 0.026480 0.085020
0 0.196262 0.728745 0.032710 0.101215
0 0.645639 0.785425 0.109034 0.271255
1 0.744548 0.400810 0.099688 0.226721
1 0.590343 0.340081 0.023364 0.060729
1 0.554517 0.686235 0.076324 0.186235
1 0.801402 0.214575 0.015576 0.044534
1 0.341121 0.192308 0.034268 0.076923
0 0.397196 0.578947 0.021807 0.048583
0 0.078660 0.957490 0.018692 0.048583
0 0.616822 0.263158 0.031153 0.085020
1 0.244548 0.720648 0.084112 0.178138
1 0.336449 0.900810 0.028037 0.101215
1 0.845794 0.696356 0.009346 0.040486
1 0.404984 0.493927 0.074766 0.137652
0 0.857477 0.336032 0.024922 0.109312
1 0.166667 0.417004 0.014019 0.044534
0 0.207944 0.269231 0.057632 0.109312
1 0.477414 0.904858 0.040498 0.097166
1 0.688474 0.206478 0.020249 0.040486
1 0.878505 0.176113 0.021807 0.056680
