1 0.426012 0.487854 0.026480 0.080972
0 0.585670 0.900810 0.045171 0.109312
1 0.867601 0.504049 0.054517 0.133603
0 0.943925 0.277328 0.020249 0.052632
1 0.496885 0.670040 0.042056 0.109312
1 0.170561 0.133603 0.014019 0.032389
1 0.305296 0.445344 0.034268 0.129555
0 0.050623 0.336032 0.023364 0.064777
0 0.356698 0.732794 0.056075 0.186235
1 0.483645 0.951417 0.026480 0.068826
1 0.428349 0.886640 0.021807 0.044534
1 0.194704 0.726721 0.077882 0.101215
0 0.260903 0.435223 0.060748 0.121457
1 0.637850 0.526316 0.056075 0.133603
1 0.097352 0.629555 0.012461 0.024291
0 0.915109 0.582996 0.037383 0.101215
1 0.411994 0.827935 0.043614 0.113360
0 0.882399 0.781377 0.049844 0.113360
1 0.075545 0.799595 0.035826 0.133603
1 0.823988 0.334008 0.090343 0.206478
1 0.721963 0.564777 0.043614 0.129555
1 0.952492 0.953441 0.017134 0.056680
1 0.397975 0.732794 0.062305 0.129555
1 0.676791 0.655870 0.045171 0.141700
1 0.348131 0.281377 0.032710 0.056680
0 0.248442 0.819838 0.021807 0.044534
1 0.549065 0.327935 0.026480 0.105263
1 0.158879 0.251012 0.079439 0.182186
0 0.497664 0.542510 0.014019 0.032389
1 0.357477 0.366397 0.021807 0.093117
0 0.799065 0.168016 0.052960 0.105263
0 0.768692 0.261134 0.007788 0.020243
0 0.348910 0.645749 0.049844 0.149798
1 0.501558 0.336032 0.024922 0.093117
1 0.465732 0.289474 0.021807 0.032389
1 0.682243 0.779352 0.024922 0.052632
1 0.568536 0.674089 0.009346 0.020243
0 0.296729 0.953441 0.028037 0.068826
0 0.246106 0.576923 0.031153 0.105263
0 0.452492 0.155870 0.009346 0.024291
1 0.408100 0.174089 0.035826 0.068826
1 0.764798 0.194332 0.034268 0.093117
1 0.518692 0.728745 0.015576 0.040486
