0 0.082555 0.506073 0.049844 0.129555
1 0.623832 0.536437 0.035826 0.121457
0 0.397196 0.572874 0.109034 0.291498
1 0.626168 0.848178 0.028037 0.117409
1 0.327882 0.386640 0.032710 0.093117
0 0.500000 0.309717 0.051402 0.141700
0 0.856698 0.356275 0.024922 0.048583
1 0.531153 0.487854 0.088785 0.214575
0 0.206386 0.748988 0.056075 0.157895
0 0.662773 0.455466 0.023364 0.052632
1 0.135514 0.208502 0.032710 0.089069
1 0.431464 0.376518 0.021807 0.044534
0 0.159657 0.615385 0.006231 0.024291
1 0.462617 0.194332 0.057632 0.145749
0 0.316978 0.548583 0.031153 0.097166
1 0.531153 0.925101 0.035826 0.072874
0 0.496106 0.694332 0.024922 0.040486
0 0.238318 0.720648 0.040498 0.093117
0 0.268692 0.297571 0.014019 0.028340
0 0.369159 0.380567 0.037383 0.093117
0 0.649533 0.115385 0.006231 0.020243
0 0.651869 0.593117 0.024922 0.052632
0 0.360592 0.894737 0.017134 0.044534
0 0.539720 0.732794 0.017134 0.048583
1 0.560748 0.850202 0.012461 0.032389
0 0.926012 0.396761 0.057632 0.165992
1 0.584891 0.159919 0.031153 0.080972
1 0.699377 0.801619 0.085670 0.218623
1 0.059190 0.340081 0.045171 0.105263
0 0.739875 0.230769 0.029595 0.072874
1 0.461059 0.694332 0.056075 0.174089
0 0.257788 0.506073 0.007788 0.024291
0 0.062305 0.710526 0.018692 0.044534
0 0.781931 0.119433 0.009346 0.020243
0 0.936916 0.775304 0.018692 0.036437
0 0.795171 0.823887 0.010903 0.020243
1 0.584891 0.765182 0.007788 0.024291
0 0.327882 0.287449 0.015576 0.056680
1 0.420561 0.811741 0.046729 0.149798
1 0.760903 0.558704 0.104361 0.238866
1 0.826324 0.366397 0.054517 0.157895
1 0.778037 0.390688 0.031153 0.113360
1 0.359034 0.121457 0.014019 0.036437
0 0.139408 0.157895 0.035826 0.109312
1 0.908100 0.208502 0.028037 0.076923
