1 0.726636 0.267206 0.046729 0.068826
1 0.587227 0.888664 0.018692 0.032389
0 0.323209 0.799595 0.012461 0.036437
1 0.381620 0.779352 0.056075 0.097166
0 0.089564 0.429150 0.037383 0.085020
1 0.414330 0.595142 0.031153 0.117409
1 0.163551 0.674089 0.015576 0.060729
1 0.653427 0.912955 0.042056 0.129555
1 0.346573 0.619433 0.029595 0.085020
1 0.433801 0.131579 0.014019 0.044534
1 0.665109 0.580972 0.084112 0.198381
1 0.609813 0.767206 0.023364 0.076923
1 0.398754 0.599190 0.020249 0.052632
0 0.239097 0.392713 0.046729 0.093117
1 0.152648 0.370445 0.034268 0.133603
1 0.826324 0.773279 0.070093 0.133603
1 0.658100 0.674089 0.052960 0.145749
1 0.444704 0.479757 0.015576 0.040486
0 0.371495 0.500000 0.042056 0.076923
1 0.929128 0.633603 0.034268 0.101215
1 0.260125 0.107287 0.014019 0.028340
1 0.830997 0.518219 0.051402 0.129555
0 0.257788 0.350202 0.045171 0.085020
0 0.802181 0.645749 0.051402 0.133603
1 0.097352 0.153846 0.032710 0.085020
1 0.326324 0.261134 0.038941 0.085020
1 0.580218 0.566802 0.028037 0.076923
1 0.910436 0.831984 0.082555 0.178138
1 0.761682 0.874494 0.082555 0.125506
1 0.274922 0.295547 0.056075 0.145749
1 0.783489 0.327935 0.066978 0.137652
1 0.669003 0.147773 0.012461 0.028340
1 0.531931 0.414980 0.029595 0.060729
0 0.095794 0.842105 0.010903 0.028340
1 0.228193 0.771255 0.042056 0.089069
0 0.178349 0.779352 0.026480 0.064777
1 0.912773 0.350202 0.057632 0.157895
1 0.245327 0.277328 0.017134 0.048583
1 0.453271 0.785425 0.052960 0.157895
1 0.621495 0.908907 0.068536 0.109312
0 0.095016 0.285425 0.043614 0.125506
0 0.163551 0.842105 0.018692 0.068826
0 0.514798 0.366397 0.010903 0.036437
1 0.668224 0.489879 0.052960 0.080972
1 0.396417 0.540486 0.029595 0.044534
