1 0.322430 0.550607 0.065421 0.157895
1 0.320093 0.702429 0.010903 0.036437
1 0.342679 0.892713 0.034268 0.068826
0 0.440810 0.880567 0.009346 0.020243
1 0.904206 0.848178 0.010903 0.016194
1 0.697040 0.684211 0.029595 0.105263
1 0.760125 0.696356 0.045171 0.085020
1 0.235202 0.858300 0.056075 0.097166
1 0.485202 0.734818 0.021807 0.052632
1 0.104361 0.477733 0.024922 0.068826
1 0.522586 0.807692 0.046729 0.133603
0 0.630062 0.657895 0.037383 0.105263
1 0.058411 0.218623 0.038941 0.121457
0 0.910436 0.601215 0.099688 0.161943
0 0.927570 0.479757 0.042056 0.093117
1 0.224299 0.327935 0.029595 0.093117
1 0.666667 0.263158 0.056075 0.161943
1 0.087227 0.475709 0.024922 0.076923
1 0.192368 0.906883 0.034268 0.105263
1 0.616822 0.884615 0.038941 0.093117
1 0.194704 0.212551 0.045171 0.101215
0 0.262461 0.255061 0.054517 0.149798
1 0.320093 0.291498 0.034268 0.085020
1 0.364486 0.390688 0.012461 0.052632
1 0.264019 0.163968 0.049844 0.117409
1 0.475857 0.255061 0.023364 0.085020
0 0.404984 0.736842 0.045171 0.117409
0 0.314642 0.433198 0.023364 0.056680
0 0.079439 0.653846 0.043614 0.101215
1 0.499221 0.410931 0.034268 0.072874
0 0.916667 0.844130 0.007788 0.020243
1 0.124611 0.208502 0.052960 0.109312
1 0.773364 0.803644 0.028037 0.093117
0 0.377726 0.109312 0.010903 0.024291
0 0.926012 0.224696 0.010903 0.020243
0 0.130062 0.362348 0.018692 0.056680
1 0.810748 0.757085 0.032710 0.064777
0 0.560748 0.208502 0.056075 0.149798
1 0.762461 0.862348 0.020249 0.056680
0 0.454829 0.655870 0.046729 0.060729
0 0.640966 0.317814 0.037383 0.117409
1 0.459502 0.404858 0.040498 0.161943
1 0.679907 0.609312 0.032710 0.085020
1 0.926791 0.303644 0.020249 0.056680
1 0.258567 0.929150 0.010903 0.044534
1 0.087227 0.935223 0.026480 0.097166
1 0.489875 0.645749 0.046729 0.101215
