1 0.848910 0.293522 0.037383 0.080972
1 0.484424 0.639676 0.023364 0.060729
1 0.250779 0.582996 0.062305 0.157895
1 0.671340 0.615385 0.024922 0.085020
1 0.140187 0.568826 0.049844 0.129555
0 0.267913 0.781377 0.032710 0.072874
0 0.521807 0.546559 0.052960 0.097166
0 0.256231 0.419028 0.021807 0.060729
1 0.488318 0.779352 0.010903 0.028340
0 0.719626 0.281377 0.015576 0.024291
1 0.373832 0.414980 0.046729 0.113360
1 0.835670 0.706478 0.045171 0.105263
1 0.292835 0.643725 0.009346 0.032389
0 0.884735 0.251012 0.006231 0.016194
0 0.897196 0.706478 0.024922 0.068826
0 0.513240 0.710526 0.035826 0.072874
1 0.912773 0.188259 0.037383 0.076923
1 0.170561 0.495951 0.040498 0.125506
1 0.630062 0.961538 0.004673 0.016194
0 0.499221 0.246964 0.031153 0.085020
1 0.953271 0.700405 0.021807 0.040486
0 0.588006 0.143725 0.007788 0.020243
1 0.537383 0.860324 0.059190 0.178138
1 0.123832 0.740891 0.032710 0.101215
0 0.940031 0.621457 0.017134 0.048583
1 0.802181 0.437247 0.010903 0.032389
0 0.202492 0.554656 0.040498 0.109312
1 0.641745 0.718623 0.021807 0.056680
1 0.844237 0.427126 0.068536 0.198381
0 0.683022 0.736842 0.010903 0.024291
1 0.587227 0.651822 0.021807 0.056680
1 0.193146 0.753036 0.004673 0.016194
0 0.281931 0.836032 0.031153 0.076923
1 0.149533 0.856275 0.031153 0.085020
0 0.252336 0.327935 0.028037 0.076923
1 0.904206 0.419028 0.031153 0.105263
1 0.221184 0.862348 0.049844 0.117409
1 0.161215 0.334008 0.023364 0.080972
1 0.334112 0.923077 0.034268 0.076923
1 0.735202 0.463563 0.007788 0.020243
1 0.413551 0.331984 0.043614 0.129555
1 0.677570 0.238866 0.059190 0.161943
1 0.781931 0.350202 0.034268 0.121457
0 0.269470 0.894737 0.023364 0.040486
1 0.345016 0.412955 0.014019 0.044534
0 0.831776 0.222672 0.017134 0.032389
1 0.336449 0.643725 0.046729 0.109312
0 0.077103 0.591093 0.074766 0.161943
1 0.793614 0.504049 0.060748 0.105263
