0 0.855919 0.906883 0.007788 0.008097
0 0.429907 0.854251 0.009346 0.020243
0 0.697819 0.672065 0.048287 0.093117
1 0.557632 0.230769 0.076324 0.101215
0 0.226636 0.937247 0.014019 0.044534
0 0.913551 0.392713 0.029595 0.052632
1 0.691589 0.548583 0.085670 0.178138
1 0.172118 0.236842 0.020249 0.036437
0 0.461838 0.388664 0.017134 0.052632
1 0.201713 0.467611 0.074766 0.182186
0 0.491433 0.785425 0.026480 0.064777
1 0.382399 0.224696 0.012461 0.024291
0 0.725857 0.406883 0.020249 0.064777
1 0.250779 0.111336 0.006231 0.012146
1 0.243769 0.273279 0.017134 0.036437
1 0.633178 0.811741 0.024922 0.044534
1 0.784268 0.748988 0.051402 0.101215
1 0.651869 0.281377 0.043614 0.125506
0 0.679128 0.404858 0.021807 0.056680
1 0.206386 0.297571 0.031153 0.056680
0 0.298287 0.765182 0.054517 0.137652
1 0.502336 0.870445 0.042056 0.080972
0 0.550623 0.676113 0.026480 0.036437
0 0.647196 0.732794 0.015576 0.064777
0 0.113707 0.325911 0.024922 0.101215
0 0.359034 0.587045 0.038941 0.064777
0 0.902648 0.246964 0.026480 0.048583
0 0.813863 0.489879 0.088785 0.206478
1 0.355919 0.761134 0.024922 0.072874
1 0.746106 0.427126 0.035826 0.137652
0 0.466511 0.224696 0.010903 0.028340
1 0.221184 0.896761 0.029595 0.085020
1 0.668224 0.771255 0.015576 0.040486
1 0.125389 0.493927 0.038941 0.076923
1 0.402648 0.629555 0.038941 0.101215
1 0.700935 0.208502 0.031153 0.076923
0 0.195483 0.690283 0.026480 0.060729
1 0.070872 0.544534 0.018692 0.036437
0 0.745327 0.587045 0.015576 0.032389
0 0.159657 0.775304 0.043614 0.113360
0 0.471963 0.366397 0.009346 0.032389
1 0.788941 0.609312 0.063863 0.129555
