0 0.489097 0.528340 0.045171 0.109312
0 0.830997 0.522267 0.038941 0.105263
1 0.374611 0.728745 0.080997 0.295547
1 0.626168 0.404858 0.020249 0.044534
0 0.604361 0.844130 0.014019 0.036437
1 0.654206 0.827935 0.028037 0.056680
1 0.319315 0.651822 0.020249 0.064777
1 0.467290 0.882591 0.018692 0.072874
1 0.940810 0.358300 0.012461 0.028340
1 0.207944 0.591093 0.054517 0.117409
1 0.657321 0.748988 0.028037 0.048583
0 0.102025 0.376518 0.020249 0.044534
1 0.293614 0.761134 0.014019 0.036437
1 0.373053 0.202429 0.023364 0.056680
1 0.210280 0.394737 0.009346 0.016194
1 0.642523 0.536437 0.048287 0.117409
1 0.795171 0.378543 0.026480 0.117409
1 0.612928 0.457490 0.007788 0.016194
0 0.295950 0.275304 0.043614 0.089069
0 0.527259 0.500000 0.007788 0.020243
1 0.849688 0.240891 0.029595 0.052632
1 0.057632 0.202429 0.012461 0.028340
0 0.162773 0.435223 0.040498 0.117409
0 0.820872 0.906883 0.028037 0.076923
1 0.496106 0.461538 0.014019 0.016194
1 0.122274 0.834008 0.042056 0.133603
1 0.179128 0.878543 0.052960 0.194332
1 0.205607 0.168016 0.023364 0.076923
1 0.845794 0.862348 0.024922 0.076923
1 0.076324 0.846154 0.018692 0.048583
0 0.559190 0.384615 0.012461 0.032389
1 0.688474 0.908907 0.018692 0.060729
1 0.499221 0.301619 0.018692 0.068826
1 0.429907 0.570850 0.048287 0.153846
1 0.071651 0.510121 0.010903 0.036437
1 0.540498 0.783401 0.038941 0.072874
0 0.586449 0.643725 0.032710 0.089069
1 0.091900 0.174089 0.034268 0.093117
1 0.106698 0.449393 0.034268 0.117409
1 0.764019 0.404858 0.018692 0.048583
1 0.569315 0.751012 0.028037 0.076923
1 0.866822 0.346154 0.032710 0.072874
1 0.112150 0.587045 0.048287 0.170040
1 0.716511 0.313765 0.024922 0.072874
1 0.229751 0.797571 0.020249 0.052632
1 0.529595 0.659919 0.038941 0.068826
1 0.574766 0.336032 0.010903 0.044534
1 0.148754 0.755061 0.029595 0.060729
1 0.242212 0.137652 0.023364 0.060729
1 0.640966 0.451417 0.032710 0.089069
0 0.292835 0.858300 0.012461 0.028340
0 0.127726 0.459514 0.029595 0.068826
1 0.772586 0.842105 0.014019 0.036437
1 0.773364 0.641700 0.026480 0.068826
1 0.855919 0.423077 0.023364 0.060729
0 0.224299 0.751012 0.028037 0.068826
0 0.328660 0.522267 0.049844 0.129555
0 0.556854 0.305668 0.007788 0.020243
