1 0.397975 0.720648 0.020249 0.048583
1 0.575545 0.738866 0.070093 0.145749
1 0.421340 0.556680 0.009346 0.028340
0 0.570872 0.840081 0.026480 0.068826
0 0.416667 0.188259 0.020249 0.036437
0 0.781153 0.263158 0.028037 0.093117
1 0.213396 0.716599 0.015576 0.040486
1 0.486760 0.589069 0.035826 0.145749
1 0.707944 0.291498 0.020249 0.064777
0 0.091900 0.425101 0.007788 0.016194
0 0.718847 0.783401 0.060748 0.149798
1 0.427570 0.374494 0.038941 0.089069
1 0.178349 0.508097 0.017134 0.060729
0 0.385514 0.840081 0.029595 0.101215
1 0.758567 0.580972 0.031153 0.060729
0 0.526480 0.240891 0.018692 0.044534
0 0.883956 0.927126 0.056075 0.093117
1 0.540498 0.216599 0.010903 0.020243
1 0.158100 0.406883 0.004673 0.020243
0 0.683022 0.923077 0.034268 0.068826
1 0.545950 0.382591 0.038941 0.097166
1 0.669782 0.131579 0.012461 0.036437
1 0.764798 0.815789 0.035826 0.056680
0 0.849688 0.410931 0.014019 0.036437
1 0.394860 0.297571 0.046729 0.141700
1 0.535047 0.544534 0.023364 0.068826
1 0.186137 0.159919 0.026480 0.064777
0 0.087227 0.670040 0.049844 0.093117
1 0.475078 0.821862 0.079439 0.218623
1 0.619159 0.896761 0.017134 0.032389
1 0.869159 0.613360 0.062305 0.105263
1 0.793614 0.481781 0.017134 0.032389
1 0.368380 0.730769 0.018692 0.056680
0 0.708723 0.684211 0.017134 0.060729
1 0.212617 0.927126 0.015576 0.040486
1 0.828660 0.410931 0.021807 0.068826
