0 0.423676 0.712551 0.020249 0.056680
1 0.690031 0.497976 0.046729 0.109312
0 0.448598 0.115385 0.012461 0.028340
1 0.640187 0.370445 0.090343 0.194332
1 0.664330 0.182186 0.026480 0.052632
1 0.819315 0.394737 0.071651 0.206478
1 0.432243 0.783401 0.032710 0.056680
1 0.132399 0.477733 0.034268 0.080972
1 0.912773 0.795547 0.057632 0.170040
0 0.521807 0.864372 0.029595 0.101215
1 0.731308 0.720648 0.032710 0.113360
1 0.860592 0.777328 0.042056 0.129555
0 0.365265 0.587045 0.024922 0.068826
0 0.232087 0.348178 0.046729 0.101215
0 0.876168 0.556680 0.028037 0.089069
0 0.336449 0.874494 0.012461 0.032389
1 0.094237 0.815789 0.031153 0.097166
0 0.893302 0.412955 0.057632 0.109312
0 0.218069 0.417004 0.056075 0.105263
0 0.313084 0.823887 0.021807 0.052632
1 0.419003 0.896761 0.021807 0.048583
1 0.848910 0.244939 0.054517 0.105263
1 0.130841 0.204453 0.040498 0.121457
0 0.833333 0.817814 0.009346 0.024291
0 0.292056 0.378543 0.007788 0.036437
0 0.799844 0.240891 0.026480 0.064777
0 0.517134 0.724696 0.077882 0.145749
1 0.762461 0.516194 0.071651 0.190283
0 0.669782 0.858300 0.060748 0.174089
1 0.138629 0.746964 0.059190 0.149798
1 0.795171 0.852227 0.049844 0.149798
0 0.288941 0.544534 0.017134 0.044534
1 0.169003 0.417004 0.015576 0.040486
1 0.167445 0.852227 0.017134 0.072874
1 0.866044 0.131579 0.023364 0.056680
0 0.651869 0.696356 0.099688 0.222672
1 0.211838 0.305668 0.042056 0.105263
0 0.790498 0.226721 0.026480 0.085020
1 0.137850 0.661943 0.060748 0.149798
1 0.704829 0.651822 0.049844 0.178138
1 0.097352 0.516194 0.031153 0.089069
1 0.315421 0.259109 0.026480 0.060729
0 0.708723 0.192308 0.049844 0.060729
0 0.732866 0.309717 0.035826 0.093117
1 0.575545 0.734818 0.028037 0.056680
1 0.894860 0.724696 0.040498 0.133603
0 0.572430 0.914980 0.010903 0.024291
1 0.356698 0.805668 0.046729 0.101215
1 0.565421 0.888664 0.020249 0.056680
1 0.637072 0.538462 0.009346 0.024291
1 0.175234 0.955466 0.020249 0.052632
0 0.398754 0.404858 0.020249 0.080972
1 0.924455 0.538462 0.043614 0.105263
1 0.473520 0.182186 0.021807 0.076923
1 0.743769 0.368421 0.035826 0.076923
1 0.063084 0.404858 0.007788 0.024291
1 0.559969 0.657895 0.038941 0.117409
0 0.442368 0.544534 0.015576 0.060729
