0 0.133178 0.623482 0.023364 0.093117
1 0.230530 0.813765 0.068536 0.186235
1 0.599688 0.473684 0.028037 0.060729
1 0.300623 0.746964 0.066978 0.137652
1 0.302960 0.204453 0.046729 0.085020
1 0.133956 0.710526 0.012461 0.020243
1 0.069315 0.202429 0.029595 0.068826
1 0.357477 0.548583 0.026480 0.060729
1 0.319315 0.336032 0.035826 0.097166
0 0.659657 0.838057 0.017134 0.040486
1 0.069315 0.463563 0.051402 0.113360
1 0.861371 0.273279 0.024922 0.076923
0 0.740654 0.317814 0.051402 0.117409
0 0.743769 0.799595 0.020249 0.056680
0 0.236760 0.299595 0.006231 0.016194
0 0.188474 0.906883 0.032710 0.117409
1 0.262461 0.495951 0.007788 0.020243
1 0.410436 0.811741 0.012461 0.036437
1 0.401090 0.323887 0.070093 0.153846
1 0.343458 0.773279 0.029595 0.052632
0 0.674455 0.894737 0.031153 0.089069
0 0.922897 0.803644 0.020249 0.068826
1 0.590343 0.419028 0.031153 0.085020
1 0.355140 0.172065 0.024922 0.068826
1 0.421340 0.649798 0.018692 0.056680
0 0.598910 0.878543 0.035826 0.089069
0 0.751558 0.449393 0.035826 0.076923
1 0.088006 0.603239 0.028037 0.060729
0 0.447819 0.706478 0.015576 0.024291
1 0.464953 0.538462 0.032710 0.080972
1 0.810748 0.874494 0.009346 0.032389
0 0.653427 0.520243 0.020249 0.060729
0 0.151090 0.550607 0.018692 0.064777
1 0.703271 0.815789 0.040498 0.109312
