1 0.374611 0.364372 0.054517 0.145749
1 0.752336 0.908907 0.024922 0.133603
1 0.677570 0.674089 0.049844 0.153846
1 0.166667 0.740891 0.014019 0.032389
1 0.097352 0.526316 0.101246 0.246964
1 0.250000 0.587045 0.012461 0.024291
0 0.469626 0.641700 0.119938 0.186235
1 0.274922 0.172065 0.021807 0.080972
1 0.509346 0.331984 0.154206 0.259109
1 0.802181 0.670040 0.028037 0.093117
1 0.746885 0.613360 0.080997 0.141700
1 0.585670 0.629555 0.043614 0.113360
0 0.107477 0.908907 0.021807 0.052632
1 0.635514 0.485830 0.012461 0.056680
1 0.450156 0.842105 0.018692 0.056680
1 0.887850 0.894737 0.046729 0.145749
1 0.205607 0.192308 0.034268 0.117409
1 0.763240 0.295547 0.059190 0.157895
1 0.291277 0.277328 0.046729 0.080972
0 0.586449 0.846154 0.104361 0.206478
0 0.390966 0.607287 0.015576 0.040486
0 0.830218 0.775304 0.043614 0.129555
0 0.324766 0.497976 0.042056 0.121457
1 0.203271 0.439271 0.028037 0.093117
1 0.686916 0.331984 0.046729 0.113360
1 0.339564 0.736842 0.018692 0.068826
1 0.404206 0.421053 0.079439 0.121457
1 0.230530 0.206478 0.029595 0.076923
1 0.865265 0.572874 0.057632 0.089069
0 0.831776 0.346154 0.014019 0.036437
0 0.159657 0.325911 0.045171 0.109312
0 0.391745 0.536437 0.023364 0.040486
1 0.429907 0.890688 0.038941 0.105263
0 0.348131 0.170040 0.026480 0.072874
1 0.707165 0.971660 0.018692 0.040486
1 0.218069 0.874494 0.040498 0.076923
1 0.095794 0.396761 0.009346 0.032389
0 0.121495 0.257085 0.035826 0.072874
0 0.713396 0.850202 0.040498 0.121457
0 0.856698 0.287449 0.020249 0.105263
1 0.070872 0.336032 0.024922 0.068826
1 0.260125 0.210526 0.035826 0.097166
1 0.238318 0.730769 0.029595 0.056680
1 0.061526 0.246964 0.009346 0.032389
1 0.271807 0.890688 0.031153 0.093117
1 0.852804 0.412955 0.059190 0.113360
0 0.320093 0.216599 0.034268 0.052632
0 0.137072 0.823887 0.037383 0.085020
1 0.131620 0.447368 0.051402 0.145749
0 0.690031 0.799595 0.056075 0.097166
0 0.347352 0.941296 0.031153 0.056680
1 0.754673 0.178138 0.017134 0.048583
1 0.103583 0.392713 0.017134 0.040486
1 0.876947 0.495951 0.021807 0.044534
1 0.721184 0.366397 0.021807 0.056680
