1 0.901869 0.862348 0.034268 0.093117
0 0.876947 0.283401 0.038941 0.093117
1 0.445483 0.463563 0.071651 0.174089
1 0.155763 0.959514 0.010903 0.044534
0 0.248442 0.957490 0.021807 0.044534
1 0.935358 0.912955 0.046729 0.072874
1 0.239097 0.242915 0.063863 0.165992
0 0.743769 0.827935 0.056075 0.141700
0 0.538162 0.908907 0.035826 0.105263
1 0.125389 0.319838 0.113707 0.311741
1 0.133178 0.842105 0.042056 0.093117
1 0.665888 0.127530 0.007788 0.020243
0 0.598131 0.544534 0.021807 0.048583
0 0.801402 0.576923 0.014019 0.020243
1 0.103583 0.726721 0.048287 0.101215
1 0.499221 0.882591 0.038941 0.137652
1 0.785047 0.226721 0.038941 0.093117
1 0.946262 0.398785 0.026480 0.060729
1 0.732866 0.676113 0.057632 0.202429
1 0.451713 0.605263 0.049844 0.089069
0 0.537383 0.793522 0.020249 0.056680
1 0.281153 0.748988 0.035826 0.137652
1 0.732087 0.514170 0.018692 0.064777
1 0.488318 0.779352 0.070093 0.129555
1 0.524143 0.502024 0.065421 0.170040
1 0.292056 0.580972 0.024922 0.060729
0 0.455607 0.319838 0.037383 0.097166
1 0.932243 0.388664 0.017134 0.060729
1 0.437695 0.759109 0.010903 0.028340
0 0.948598 0.327935 0.021807 0.056680
1 0.797508 0.319838 0.018692 0.036437
0 0.308411 0.676113 0.015576 0.040486
1 0.409657 0.473684 0.012461 0.032389
0 0.843458 0.904858 0.026480 0.076923
1 0.688474 0.783401 0.020249 0.052632
1 0.895639 0.748988 0.040498 0.206478
0 0.767134 0.410931 0.026480 0.085020
1 0.788162 0.898785 0.020249 0.056680
0 0.448598 0.882591 0.028037 0.080972
1 0.186916 0.805668 0.060748 0.117409
0 0.789720 0.639676 0.009346 0.028340
0 0.352804 0.534413 0.035826 0.080972
1 0.080218 0.659919 0.040498 0.089069
1 0.449377 0.672065 0.051402 0.113360
0 0.401090 0.560729 0.017134 0.048583
1 0.325545 0.580972 0.014019 0.036437
1 0.581776 0.637652 0.021807 0.052632
1 0.393302 0.439271 0.037383 0.076923
1 0.932243 0.542510 0.007788 0.024291
1 0.572430 0.502024 0.017134 0.040486
1 0.587227 0.293522 0.035826 0.105263
1 0.211838 0.412955 0.102804 0.206478
0 0.902648 0.299595 0.035826 0.105263
1 0.647975 0.607287 0.026480 0.072874
1 0.741433 0.323887 0.042056 0.149798
1 0.059190 0.497976 0.028037 0.085020
1 0.238318 0.923077 0.021807 0.028340
1 0.389408 0.336032 0.015576 0.040486
