1 0.848910 0.165992 0.009346 0.020243
0 0.418224 0.255061 0.029595 0.121457
1 0.908100 0.680162 0.015576 0.032389
0 0.057632 0.188259 0.020249 0.036437
1 0.832555 0.611336 0.021807 0.056680
0 0.928349 0.453441 0.037383 0.145749
1 0.616044 0.686235 0.035826 0.125506
1 0.941589 0.672065 0.023364 0.064777
1 0.516355 0.394737 0.026480 0.076923
0 0.070093 0.767206 0.020249 0.048583
0 0.125389 0.248988 0.012461 0.032389
0 0.262461 0.921053 0.012461 0.032389
1 0.117601 0.491903 0.007788 0.020243
1 0.076324 0.900810 0.007788 0.020243
1 0.336449 0.536437 0.065421 0.117409
1 0.806854 0.406883 0.038941 0.161943
1 0.549844 0.190283 0.038941 0.125506
1 0.049065 0.427126 0.017134 0.052632
1 0.933022 0.601215 0.017134 0.064777
1 0.320872 0.370445 0.062305 0.153846
1 0.534268 0.234818 0.042056 0.133603
0 0.185358 0.445344 0.026480 0.064777
0 0.550623 0.935223 0.026480 0.080972
1 0.751558 0.370445 0.084112 0.275304
0 0.532710 0.414980 0.026480 0.032389
1 0.722741 0.906883 0.012461 0.032389
0 0.339564 0.236842 0.063863 0.153846
1 0.897975 0.732794 0.031153 0.076923
0 0.445483 0.704453 0.059190 0.137652
0 0.816978 0.451417 0.057632 0.165992
1 0.599688 0.534413 0.095016 0.157895
1 0.191589 0.307692 0.014019 0.040486
0 0.602804 0.959514 0.009346 0.024291
0 0.394081 0.305668 0.028037 0.068826
0 0.788941 0.748988 0.009346 0.016194
1 0.240654 0.759109 0.051402 0.089069
0 0.135514 0.917004 0.023364 0.048583
1 0.291277 0.240891 0.059190 0.165992
1 0.912773 0.937247 0.040498 0.093117
0 0.176012 0.813765 0.015576 0.044534
1 0.570872 0.315789 0.018692 0.080972
1 0.751558 0.597166 0.014019 0.044534
1 0.517134 0.714575 0.059190 0.149798
1 0.595016 0.706478 0.021807 0.060729
1 0.482866 0.362348 0.015576 0.036437
0 0.397975 0.886640 0.034268 0.133603
1 0.089564 0.530364 0.032710 0.129555
1 0.140966 0.141700 0.014019 0.056680
1 0.647975 0.635628 0.056075 0.121457
1 0.073209 0.491903 0.010903 0.028340
1 0.398754 0.443320 0.012461 0.028340
1 0.286604 0.374494 0.021807 0.089069
1 0.485202 0.194332 0.010903 0.024291
0 0.763240 0.230769 0.043614 0.080972
1 0.943925 0.485830 0.020249 0.052632
0 0.911994 0.838057 0.048287 0.109312
1 0.194704 0.655870 0.014019 0.032389
0 0.496885 0.773279 0.042056 0.121457
1 0.430685 0.220648 0.034268 0.076923
