0 0.383956 0.307692 0.029595 0.085020
1 0.591900 0.362348 0.065421 0.153846
1 0.450935 0.433198 0.031153 0.085020
1 0.324766 0.886640 0.046729 0.089069
1 0.890966 0.506073 0.049844 0.145749
1 0.263240 0.402834 0.012461 0.016194
1 0.804517 0.917004 0.046729 0.109312
0 0.689252 0.580972 0.042056 0.072874
1 0.793614 0.674089 0.043614 0.076923
1 0.939252 0.427126 0.028037 0.068826
1 0.795950 0.532389 0.037383 0.060729
1 0.344237 0.277328 0.032710 0.089069
1 0.464174 0.402834 0.024922 0.076923
0 0.563863 0.886640 0.049844 0.105263
1 0.721963 0.382591 0.048287 0.137652
1 0.778816 0.619433 0.046729 0.101215
1 0.771807 0.143725 0.015576 0.032389
0 0.166667 0.912955 0.006231 0.012146
0 0.258567 0.755061 0.088785 0.246964
1 0.911994 0.234818 0.026480 0.072874
1 0.488318 0.354251 0.015576 0.036437
0 0.130062 0.925101 0.040498 0.125506
1 0.610592 0.271255 0.028037 0.089069
0 0.200935 0.178138 0.009346 0.024291
0 0.247664 0.967611 0.006231 0.020243
0 0.345794 0.722672 0.024922 0.056680
1 0.706386 0.736842 0.060748 0.157895
1 0.249221 0.548583 0.006231 0.028340
1 0.162773 0.957490 0.012461 0.028340
1 0.208723 0.510121 0.014019 0.036437
0 0.235981 0.487854 0.020249 0.048583
0 0.849688 0.412955 0.006231 0.020243
0 0.609813 0.753036 0.029595 0.101215
1 0.651869 0.105263 0.010903 0.016194
0 0.490654 0.518219 0.042056 0.125506
0 0.884735 0.327935 0.012461 0.032389
1 0.806854 0.376518 0.063863 0.291498
0 0.154984 0.131579 0.021807 0.072874
1 0.345794 0.180162 0.018692 0.060729
0 0.114486 0.811741 0.024922 0.068826
0 0.081776 0.384615 0.023364 0.056680
1 0.239875 0.283401 0.018692 0.056680
1 0.375389 0.639676 0.018692 0.048583
0 0.539720 0.259109 0.052960 0.153846
1 0.478972 0.168016 0.031153 0.089069
1 0.560748 0.643725 0.043614 0.080972
1 0.207165 0.404858 0.032710 0.076923
1 0.676012 0.858300 0.040498 0.080972
1 0.442368 0.190283 0.021807 0.056680
1 0.399533 0.637652 0.026480 0.093117
1 0.944704 0.827935 0.010903 0.020243
0 0.686916 0.291498 0.060748 0.137652
1 0.286604 0.384615 0.037383 0.089069
1 0.739097 0.898785 0.040498 0.101215
1 0.761682 0.532389 0.020249 0.064777
0 0.432243 0.176113 0.014019 0.036437
1 0.570872 0.959514 0.017134 0.040486
1 0.352025 0.554656 0.035826 0.101215
1 0.559969 0.180162 0.040498 0.056680
