1 0.290498 0.809717 0.045171 0.113360
1 0.496106 0.797571 0.090343 0.230769
1 0.193925 0.208502 0.032710 0.170040
1 0.704050 0.340081 0.023364 0.060729
0 0.707165 0.740891 0.077882 0.283401
1 0.228193 0.495951 0.018692 0.060729
0 0.793614 0.180162 0.049844 0.145749
1 0.259346 0.819838 0.038941 0.157895
1 0.298287 0.653846 0.046729 0.109312
0 0.348910 0.449393 0.003115 0.012146
1 0.841900 0.384615 0.063863 0.178138
1 0.476636 0.558704 0.046729 0.137652
1 0.607477 0.591093 0.026480 0.076923
0 0.169003 0.617409 0.034268 0.093117
0 0.176012 0.255061 0.042056 0.072874
1 0.077103 0.625506 0.023364 0.060729
1 0.521028 0.168016 0.026480 0.080972
1 0.080997 0.856275 0.029595 0.085020
0 0.397196 0.194332 0.028037 0.093117
0 0.255452 0.176113 0.015576 0.044534
1 0.245327 0.732794 0.034268 0.089069
1 0.924455 0.463563 0.026480 0.064777
0 0.063084 0.461538 0.017134 0.056680
1 0.296729 0.331984 0.049844 0.214575
0 0.203271 0.366397 0.010903 0.024291
1 0.319315 0.698381 0.026480 0.060729
1 0.922897 0.360324 0.028037 0.068826
0 0.416667 0.637652 0.032710 0.109312
1 0.573988 0.572874 0.031153 0.101215
1 0.091121 0.625506 0.032710 0.052632
0 0.582555 0.182186 0.040498 0.080972
1 0.669003 0.463563 0.088785 0.218623
1 0.832555 0.937247 0.026480 0.080972
1 0.071651 0.582996 0.026480 0.072874
1 0.129283 0.269231 0.024922 0.068826
0 0.951713 0.564777 0.015576 0.040486
1 0.260903 0.388664 0.057632 0.093117
1 0.301402 0.556680 0.059190 0.145749
1 0.793614 0.678138 0.009346 0.028340
1 0.901869 0.951417 0.021807 0.040486
1 0.567757 0.722672 0.024922 0.052632
0 0.904206 0.829960 0.024922 0.085020
0 0.852804 0.163968 0.021807 0.052632
1 0.070872 0.544534 0.026480 0.060729
1 0.861371 0.649798 0.096573 0.267206
1 0.411215 0.799595 0.032710 0.076923
0 0.334112 0.868421 0.003115 0.020243
0 0.136293 0.145749 0.006231 0.020243
0 0.404984 0.890688 0.023364 0.052632
