1 0.377726 0.242915 0.007788 0.016194
1 0.862150 0.524291 0.051402 0.113360
1 0.447819 0.435223 0.004673 0.012146
0 0.819315 0.423077 0.021807 0.089069
0 0.910436 0.394737 0.062305 0.080972
1 0.822430 0.817814 0.006231 0.020243
1 0.577103 0.366397 0.056075 0.117409
0 0.310748 0.414980 0.028037 0.085020
1 0.335670 0.384615 0.012461 0.040486
0 0.175234 0.236842 0.007788 0.020243
0 0.730530 0.471660 0.023364 0.064777
1 0.816199 0.277328 0.073209 0.198381
1 0.529595 0.668016 0.051402 0.072874
0 0.110592 0.795547 0.062305 0.149798
1 0.539720 0.864372 0.009346 0.020243
0 0.264798 0.951417 0.015576 0.032389
0 0.948598 0.809717 0.014019 0.040486
0 0.915888 0.200405 0.017134 0.052632
1 0.651090 0.206478 0.031153 0.093117
1 0.239097 0.564777 0.023364 0.072874
0 0.433801 0.293522 0.020249 0.056680
1 0.078660 0.868421 0.051402 0.125506
0 0.384735 0.783401 0.020249 0.048583
1 0.376168 0.376518 0.035826 0.113360
0 0.200935 0.838057 0.071651 0.165992
1 0.639408 0.246964 0.029595 0.052632
0 0.443146 0.842105 0.062305 0.089069
1 0.760125 0.649798 0.066978 0.234818
0 0.732866 0.200405 0.026480 0.052632
1 0.077103 0.556680 0.035826 0.109312
1 0.437695 0.751012 0.034268 0.068826
1 0.892523 0.742915 0.063863 0.190283
0 0.232866 0.637652 0.007788 0.016194
0 0.680685 0.639676 0.029595 0.109312
0 0.223520 0.933198 0.017134 0.044534
1 0.130062 0.619433 0.029595 0.097166
1 0.250000 0.591093 0.037383 0.072874
0 0.664330 0.524291 0.029595 0.080972
0 0.692368 0.959514 0.012461 0.032389
0 0.721184 0.562753 0.023364 0.052632
1 0.896417 0.595142 0.042056 0.093117
0 0.769470 0.765182 0.035826 0.097166
0 0.876947 0.402834 0.006231 0.012146
0 0.266355 0.556680 0.021807 0.052632
1 0.754673 0.410931 0.045171 0.076923
1 0.387850 0.732794 0.031153 0.064777
1 0.094237 0.178138 0.046729 0.121457
0 0.862150 0.145749 0.021807 0.068826
1 0.469626 0.767206 0.062305 0.113360
1 0.514798 0.224696 0.010903 0.028340
1 0.328660 0.888664 0.032710 0.093117
1 0.613707 0.663968 0.043614 0.085020
