1 0.665109 0.748988 0.040498 0.161943
1 0.485981 0.459514 0.018692 0.040486
0 0.915109 0.680162 0.046729 0.149798
1 0.070093 0.655870 0.037383 0.117409
1 0.697819 0.829960 0.009346 0.024291
0 0.596573 0.356275 0.037383 0.097166
1 0.766355 0.125506 0.014019 0.064777
1 0.693146 0.273279 0.018692 0.048583
0 0.656542 0.155870 0.021807 0.060729
0 0.816199 0.546559 0.038941 0.097166
0 0.341121 0.767206 0.023364 0.060729
1 0.878505 0.621457 0.049844 0.238866
1 0.173676 0.791498 0.045171 0.089069
0 0.532710 0.603239 0.012461 0.032389
1 0.059190 0.457490 0.012461 0.044534
1 0.685358 0.143725 0.007788 0.028340
0 0.069315 0.133603 0.010903 0.024291
1 0.207944 0.473684 0.043614 0.117409
0 0.397196 0.473684 0.026480 0.076923
1 0.197819 0.908907 0.037383 0.105263
1 0.359813 0.275304 0.020249 0.048583
1 0.870717 0.817814 0.095016 0.226721
1 0.316199 0.206478 0.045171 0.109312
1 0.129283 0.427126 0.091900 0.226721
1 0.634735 0.346154 0.040498 0.149798
0 0.292056 0.842105 0.057632 0.141700
1 0.589564 0.504049 0.085670 0.242915
1 0.230530 0.615385 0.009346 0.024291
0 0.389408 0.637652 0.032710 0.089069
1 0.176012 0.372470 0.080997 0.234818
1 0.495327 0.769231 0.038941 0.105263
0 0.744548 0.605263 0.037383 0.125506
0 0.799844 0.734818 0.028037 0.072874
1 0.767913 0.483806 0.056075 0.137652
1 0.305296 0.670040 0.062305 0.153846
1 0.386293 0.265182 0.021807 0.036437
1 0.542835 0.500000 0.035826 0.060729
1 0.558411 0.846154 0.042056 0.101215
1 0.393302 0.342105 0.037383 0.080972
1 0.894081 0.384615 0.010903 0.024291
1 0.491433 0.244939 0.021807 0.072874
1 0.569315 0.734818 0.065421 0.182186
1 0.705607 0.291498 0.024922 0.056680
1 0.327103 0.226721 0.031153 0.101215
0 0.433801 0.896761 0.038941 0.085020
1 0.433801 0.263158 0.060748 0.182186
1 0.714953 0.489879 0.020249 0.048583
1 0.389408 0.848178 0.006231 0.028340
1 0.749221 0.392713 0.042056 0.137652
0 0.511682 0.605263 0.007788 0.020243
0 0.114486 0.912955 0.018692 0.048583
0 0.558411 0.232794 0.040498 0.145749
0 0.923676 0.338057 0.018692 0.048583
