1 0.803738 0.696356 0.062305 0.149798
1 0.133956 0.313765 0.020249 0.048583
1 0.469626 0.791498 0.024922 0.093117
1 0.745327 0.508097 0.057632 0.101215
1 0.158879 0.613360 0.063863 0.117409
1 0.305296 0.779352 0.017134 0.032389
1 0.635514 0.224696 0.021807 0.064777
1 0.538162 0.755061 0.012461 0.016194
1 0.572430 0.267206 0.070093 0.202429
1 0.387850 0.919028 0.009346 0.028340
1 0.893302 0.504049 0.049844 0.109312
1 0.078660 0.360324 0.026480 0.085020
1 0.651869 0.805668 0.024922 0.080972
1 0.161215 0.374494 0.043614 0.125506
1 0.693146 0.896761 0.010903 0.044534
0 0.235981 0.135628 0.020249 0.052632
0 0.814642 0.771255 0.042056 0.113360
0 0.721963 0.253036 0.026480 0.093117
1 0.719626 0.678138 0.021807 0.028340
1 0.333333 0.546559 0.024922 0.093117
0 0.499221 0.637652 0.038941 0.161943
0 0.209502 0.384615 0.052960 0.145749
1 0.555296 0.856275 0.037383 0.089069
1 0.584112 0.902834 0.051402 0.141700
1 0.777259 0.170040 0.024922 0.093117
0 0.528037 0.955466 0.007788 0.024291
1 0.731308 0.317814 0.017134 0.068826
0 0.070872 0.825911 0.043614 0.149798
1 0.505452 0.548583 0.026480 0.072874
1 0.440810 0.263158 0.021807 0.040486
1 0.176791 0.795547 0.051402 0.133603
1 0.869159 0.224696 0.062305 0.133603
1 0.432243 0.421053 0.006231 0.016194
0 0.925234 0.704453 0.014019 0.044534
0 0.941589 0.925101 0.035826 0.097166
1 0.904984 0.651822 0.024922 0.076923
1 0.833333 0.283401 0.040498 0.157895
1 0.912773 0.850202 0.031153 0.056680
1 0.420561 0.593117 0.052960 0.121457
1 0.868380 0.544534 0.045171 0.105263
1 0.471184 0.246964 0.063863 0.101215
0 0.094237 0.431174 0.004673 0.012146
0 0.392523 0.663968 0.018692 0.040486
0 0.137850 0.801619 0.014019 0.016194
0 0.934579 0.811741 0.017134 0.085020
0 0.630062 0.661943 0.012461 0.036437
0 0.899533 0.382591 0.035826 0.105263
0 0.271028 0.295547 0.059190 0.133603
0 0.272586 0.665992 0.028037 0.085020
1 0.555296 0.556680 0.085670 0.133603
0 0.495327 0.319838 0.037383 0.089069
0 0.335670 0.720648 0.059190 0.129555
1 0.120717 0.550607 0.056075 0.161943
1 0.162773 0.471660 0.026480 0.076923
1 0.377726 0.765182 0.037383 0.040486
1 0.345016 0.866397 0.035826 0.064777
0 0.289720 0.672065 0.034268 0.080972
1 0.252336 0.139676 0.012461 0.048583
