1 0.496885 0.740891 0.034268 0.072874
0 0.236760 0.795547 0.043614 0.105263
0 0.704050 0.200405 0.042056 0.089069
1 0.526480 0.929150 0.020249 0.072874
0 0.845794 0.866397 0.026480 0.080972
1 0.886293 0.176113 0.026480 0.141700
1 0.367601 0.886640 0.060748 0.133603
1 0.823988 0.366397 0.009346 0.040486
0 0.659657 0.303644 0.062305 0.137652
0 0.193925 0.273279 0.052960 0.121457
0 0.078660 0.803644 0.034268 0.117409
1 0.696262 0.295547 0.043614 0.165992
1 0.920561 0.682186 0.015576 0.085020
0 0.089564 0.289474 0.088785 0.161943
1 0.133178 0.576923 0.018692 0.048583
1 0.387850 0.510121 0.095016 0.218623
1 0.605140 0.574899 0.034268 0.133603
1 0.767913 0.704453 0.040498 0.105263
0 0.795950 0.321862 0.032710 0.064777
1 0.166667 0.686235 0.014019 0.028340
1 0.412773 0.200405 0.021807 0.044534
0 0.531153 0.431174 0.035826 0.080972
0 0.773364 0.192308 0.038941 0.093117
1 0.091121 0.730769 0.032710 0.125506
1 0.870717 0.255061 0.024922 0.064777
1 0.514798 0.449393 0.023364 0.036437
1 0.609034 0.194332 0.035826 0.085020
1 0.801402 0.854251 0.032710 0.085020
1 0.158100 0.493927 0.052960 0.141700
1 0.185358 0.698381 0.031153 0.105263
1 0.760903 0.378543 0.032710 0.097166
1 0.809190 0.680162 0.031153 0.085020
0 0.236760 0.526316 0.009346 0.024291
0 0.760125 0.495951 0.012461 0.036437
1 0.129283 0.481781 0.046729 0.133603
0 0.485202 0.479757 0.010903 0.036437
1 0.141745 0.765182 0.034268 0.080972
0 0.875389 0.827935 0.031153 0.093117
0 0.416667 0.145749 0.017134 0.040486
1 0.365265 0.346154 0.012461 0.032389
1 0.472741 0.852227 0.028037 0.076923
0 0.385514 0.257085 0.012461 0.028340
1 0.573988 0.593117 0.007788 0.020243
1 0.250779 0.180162 0.028037 0.060729
1 0.829439 0.277328 0.024922 0.085020
0 0.294393 0.475709 0.032710 0.089069
0 0.234424 0.720648 0.026480 0.076923
0 0.705607 0.829960 0.012461 0.032389
0 0.875389 0.943320 0.024922 0.064777
1 0.199377 0.902834 0.017134 0.048583
