0 0.313084 0.795547 0.101246 0.352227
1 0.436137 0.406883 0.028037 0.060729
0 0.595794 0.265182 0.010903 0.020243
0 0.862928 0.629555 0.042056 0.089069
0 0.142523 0.287449 0.035826 0.076923
1 0.463396 0.801619 0.021807 0.052632
1 0.922897 0.629555 0.032710 0.080972
1 0.899533 0.738866 0.068536 0.153846
0 0.503115 0.182186 0.029595 0.076923
1 0.121495 0.657895 0.040498 0.125506
1 0.743769 0.773279 0.010903 0.024291
1 0.254673 0.714575 0.038941 0.145749
1 0.752336 0.372470 0.010903 0.032389
1 0.679907 0.779352 0.018692 0.048583
1 0.397196 0.291498 0.026480 0.060729
1 0.084112 0.546559 0.040498 0.133603
0 0.591900 0.757085 0.018692 0.040486
0 0.369938 0.137652 0.010903 0.024291
0 0.081776 0.631579 0.066978 0.133603
1 0.840343 0.170040 0.021807 0.060729
1 0.694704 0.572874 0.018692 0.060729
1 0.721963 0.289474 0.018692 0.072874
1 0.736760 0.149798 0.026480 0.068826
0 0.163551 0.781377 0.015576 0.032389
1 0.874611 0.882591 0.029595 0.080972
1 0.123053 0.165992 0.028037 0.085020
1 0.392523 0.892713 0.029595 0.036437
1 0.492212 0.514170 0.014019 0.056680
1 0.554517 0.372470 0.032710 0.101215
1 0.125389 0.708502 0.046729 0.085020
1 0.190031 0.902834 0.032710 0.089069
1 0.764019 0.706478 0.023364 0.068826
1 0.710280 0.923077 0.046729 0.129555
0 0.167445 0.870445 0.020249 0.052632
1 0.850467 0.860324 0.020249 0.040486
1 0.433022 0.568826 0.020249 0.044534
1 0.645639 0.771255 0.020249 0.052632
1 0.696262 0.374494 0.035826 0.113360
0 0.512461 0.684211 0.015576 0.040486
1 0.789720 0.473684 0.017134 0.048583
