1 0.098910 0.706478 0.028037 0.080972
1 0.851246 0.811741 0.054517 0.214575
0 0.050623 0.552632 0.017134 0.036437
1 0.518692 0.793522 0.021807 0.048583
0 0.588006 0.182186 0.060748 0.129555
0 0.892523 0.431174 0.048287 0.129555
1 0.674455 0.380567 0.037383 0.089069
1 0.706386 0.329960 0.017134 0.048583
1 0.620717 0.192308 0.014019 0.028340
1 0.702492 0.702429 0.049844 0.133603
0 0.545950 0.447368 0.032710 0.105263
1 0.122274 0.653846 0.010903 0.036437
1 0.232866 0.892713 0.049844 0.109312
1 0.289720 0.289474 0.028037 0.060729
1 0.119159 0.226721 0.070093 0.222672
1 0.443925 0.587045 0.056075 0.133603
1 0.492212 0.240891 0.029595 0.064777
0 0.450156 0.716599 0.006231 0.016194
1 0.305296 0.949393 0.023364 0.072874
0 0.767134 0.208502 0.099688 0.125506
1 0.692368 0.198381 0.045171 0.072874
0 0.059190 0.906883 0.026480 0.080972
0 0.276480 0.892713 0.059190 0.129555
0 0.753115 0.439271 0.043614 0.161943
1 0.505452 0.439271 0.031153 0.101215
0 0.495327 0.746964 0.018692 0.036437
1 0.725078 0.763158 0.038941 0.182186
1 0.077103 0.410931 0.018692 0.052632
1 0.316199 0.795547 0.037383 0.056680
0 0.810748 0.560729 0.032710 0.093117
0 0.678349 0.317814 0.023364 0.052632
1 0.088785 0.757085 0.045171 0.068826
1 0.559969 0.593117 0.084112 0.226721
