0 0.903427 0.641700 0.026480 0.052632
1 0.140187 0.793522 0.018692 0.044534
0 0.571651 0.943320 0.028037 0.072874
1 0.475078 0.842105 0.023364 0.105263
0 0.105919 0.708502 0.040498 0.093117
1 0.618380 0.514170 0.038941 0.085020
1 0.830997 0.475709 0.056075 0.097166
1 0.883956 0.767206 0.068536 0.133603
1 0.598131 0.331984 0.056075 0.153846
1 0.197040 0.827935 0.048287 0.149798
0 0.166667 0.174089 0.034268 0.089069
1 0.199377 0.143725 0.024922 0.064777
1 0.750000 0.761134 0.010903 0.024291
0 0.244548 0.180162 0.023364 0.068826
1 0.912773 0.807692 0.068536 0.271255
0 0.281931 0.172065 0.024922 0.056680
0 0.778037 0.708502 0.029595 0.105263
0 0.650312 0.805668 0.010903 0.032389
1 0.418224 0.386640 0.071651 0.182186
1 0.857477 0.700405 0.015576 0.068826
1 0.520249 0.170040 0.038941 0.064777
1 0.349688 0.500000 0.034268 0.097166
1 0.701713 0.534413 0.062305 0.178138
0 0.911994 0.151822 0.007788 0.020243
0 0.930685 0.429150 0.009346 0.020243
1 0.809969 0.103239 0.007788 0.020243
1 0.633956 0.647773 0.029595 0.064777
1 0.616044 0.807692 0.034268 0.117409
0 0.323988 0.625506 0.031153 0.056680
1 0.088785 0.755061 0.028037 0.056680
1 0.845016 0.414980 0.017134 0.028340
1 0.318536 0.180162 0.021807 0.052632
0 0.649533 0.334008 0.045171 0.165992
0 0.887850 0.267206 0.052960 0.137652
0 0.155763 0.493927 0.051402 0.113360
0 0.654206 0.461538 0.046729 0.093117
0 0.302181 0.309717 0.060748 0.149798
1 0.575545 0.534413 0.026480 0.141700
1 0.437695 0.846154 0.065421 0.190283
1 0.233645 0.433198 0.023364 0.056680
1 0.195483 0.591093 0.040498 0.093117
0 0.867601 0.696356 0.024922 0.072874
1 0.695483 0.771255 0.045171 0.125506
1 0.825545 0.862348 0.012461 0.040486
0 0.244548 0.265182 0.029595 0.076923
1 0.380841 0.560729 0.056075 0.149798
1 0.204829 0.309717 0.046729 0.133603
