1 0.549844 0.190283 0.028037 0.076923
1 0.060748 0.544534 0.035826 0.076923
1 0.457944 0.317814 0.007788 0.012146
0 0.684579 0.214575 0.045171 0.129555
1 0.283489 0.585020 0.031153 0.060729
1 0.396417 0.165992 0.026480 0.097166
0 0.510903 0.902834 0.024922 0.064777
0 0.949377 0.572874 0.009346 0.028340
1 0.820872 0.951417 0.028037 0.064777
1 0.268692 0.321862 0.048287 0.129555
1 0.550623 0.631579 0.046729 0.113360
1 0.714953 0.188259 0.014019 0.044534
0 0.513240 0.710526 0.035826 0.080972
1 0.512461 0.273279 0.034268 0.076923
0 0.824766 0.572874 0.048287 0.109312
0 0.210280 0.485830 0.049844 0.137652
1 0.745327 0.261134 0.035826 0.113360
1 0.262461 0.793522 0.074766 0.234818
1 0.232866 0.350202 0.017134 0.044534
1 0.307632 0.242915 0.037383 0.113360
0 0.795950 0.516194 0.029595 0.080972
1 0.355919 0.722672 0.085670 0.222672
0 0.660436 0.467611 0.040498 0.085020
1 0.928349 0.829960 0.029595 0.056680
1 0.880062 0.283401 0.101246 0.336032
1 0.144860 0.621457 0.079439 0.210526
0 0.641745 0.643725 0.076324 0.133603
1 0.411994 0.338057 0.079439 0.133603
1 0.359813 0.269231 0.040498 0.076923
1 0.419782 0.473684 0.021807 0.068826
0 0.788941 0.461538 0.043614 0.089069
1 0.514019 0.623482 0.012461 0.072874
1 0.728972 0.748988 0.052960 0.174089
1 0.615265 0.736842 0.032710 0.113360
