1 0.775701 0.635628 0.085670 0.161943
1 0.746885 0.334008 0.045171 0.093117
1 0.911994 0.595142 0.037383 0.085020
1 0.617601 0.172065 0.024922 0.117409
0 0.845794 0.698381 0.073209 0.129555
1 0.228972 0.212551 0.052960 0.137652
0 0.495327 0.823887 0.015576 0.032389
0 0.407321 0.538462 0.040498 0.133603
1 0.375389 0.700405 0.074766 0.161943
1 0.609034 0.854251 0.021807 0.064777
0 0.331776 0.615385 0.052960 0.105263
0 0.543614 0.787449 0.037383 0.105263
1 0.677570 0.684211 0.012461 0.036437
0 0.283489 0.398785 0.043614 0.093117
1 0.718847 0.159919 0.046729 0.097166
0 0.083333 0.605263 0.015576 0.044534
1 0.827103 0.354251 0.018692 0.040486
0 0.904206 0.700405 0.014019 0.032389
0 0.885514 0.370445 0.021807 0.064777
1 0.718847 0.435223 0.052960 0.170040
1 0.723520 0.757085 0.070093 0.153846
0 0.135514 0.214575 0.015576 0.032389
1 0.352804 0.299595 0.021807 0.068826
1 0.168224 0.194332 0.040498 0.105263
0 0.110592 0.161943 0.021807 0.032389
1 0.661215 0.419028 0.045171 0.121457
1 0.810748 0.506073 0.045171 0.161943
1 0.309190 0.552632 0.042056 0.093117
1 0.135514 0.305668 0.057632 0.133603
0 0.040498 0.421053 0.009346 0.024291
1 0.531153 0.927126 0.003115 0.012146
1 0.680685 0.582996 0.045171 0.101215
