0 0.431464 0.627530 0.080997 0.170040
1 0.347352 0.730769 0.017134 0.052632
1 0.359034 0.414980 0.051402 0.182186
1 0.736760 0.500000 0.098131 0.230769
1 0.584891 0.168016 0.007788 0.020243
1 0.272586 0.838057 0.015576 0.056680
1 0.697040 0.475709 0.076324 0.246964
1 0.328660 0.157895 0.021807 0.072874
1 0.216511 0.716599 0.057632 0.137652
1 0.725078 0.811741 0.032710 0.109312
1 0.347352 0.627530 0.009346 0.040486
0 0.829439 0.125506 0.018692 0.056680
1 0.290498 0.672065 0.012461 0.024291
1 0.912773 0.487854 0.028037 0.076923
0 0.102804 0.813765 0.023364 0.060729
1 0.280374 0.275304 0.054517 0.097166
1 0.496885 0.823887 0.043614 0.097166
0 0.518692 0.886640 0.029595 0.080972
1 0.192368 0.512146 0.020249 0.052632
0 0.244548 0.829960 0.021807 0.076923
1 0.623053 0.419028 0.054517 0.182186
1 0.515576 0.597166 0.074766 0.170040
0 0.912773 0.534413 0.021807 0.085020
0 0.661215 0.334008 0.063863 0.113360
1 0.705607 0.257085 0.040498 0.080972
1 0.419003 0.392713 0.017134 0.044534
1 0.292835 0.172065 0.029595 0.093117
1 0.927570 0.712551 0.048287 0.093117
1 0.726636 0.886640 0.070093 0.109312
0 0.255452 0.886640 0.018692 0.064777
1 0.940810 0.872470 0.018692 0.028340
1 0.561526 0.742915 0.066978 0.206478
0 0.137850 0.113360 0.015576 0.040486
1 0.437695 0.194332 0.038941 0.080972
0 0.638629 0.619433 0.060748 0.137652
1 0.796729 0.287449 0.004673 0.016194
1 0.943146 0.574899 0.028037 0.085020
0 0.233645 0.376518 0.062305 0.149798
0 0.372274 0.121457 0.021807 0.048583
1 0.477414 0.510121 0.010903 0.048583
1 0.757009 0.659919 0.052960 0.121457
1 0.427570 0.323887 0.015576 0.036437
1 0.835670 0.228745 0.007788 0.020243
1 0.615265 0.854251 0.023364 0.052632
0 0.109034 0.147773 0.026480 0.060729
1 0.223520 0.953441 0.029595 0.060729
