1 0.508567 0.939271 0.018692 0.048583
1 0.348131 0.202429 0.049844 0.214575
1 0.081776 0.821862 0.010903 0.036437
1 0.077103 0.862348 0.010903 0.040486
1 0.748442 0.532389 0.068536 0.149798
1 0.635514 0.611336 0.098131 0.218623
1 0.431464 0.279352 0.026480 0.064777
0 0.136293 0.281377 0.042056 0.101215
0 0.621495 0.131579 0.015576 0.028340
1 0.278037 0.787449 0.056075 0.109312
1 0.455607 0.572874 0.017134 0.036437
1 0.728972 0.248988 0.045171 0.121457
1 0.443925 0.190283 0.010903 0.032389
1 0.254673 0.253036 0.040498 0.141700
0 0.861371 0.163968 0.032710 0.064777
0 0.883956 0.834008 0.034268 0.076923
0 0.146417 0.617409 0.051402 0.105263
0 0.912773 0.704453 0.018692 0.044534
1 0.777259 0.542510 0.051402 0.089069
0 0.074766 0.417004 0.029595 0.085020
0 0.094237 0.710526 0.054517 0.214575
1 0.358255 0.801619 0.015576 0.024291
1 0.919782 0.779352 0.040498 0.068826
1 0.154984 0.724696 0.020249 0.064777
1 0.711059 0.712551 0.023364 0.048583
1 0.682243 0.194332 0.012461 0.024291
0 0.457165 0.257085 0.017134 0.076923
0 0.373832 0.724696 0.012461 0.032389
0 0.804517 0.170040 0.040498 0.141700
0 0.580997 0.601215 0.018692 0.032389
0 0.599688 0.384615 0.006231 0.016194
1 0.179128 0.829960 0.052960 0.117409
0 0.396417 0.809717 0.028037 0.076923
0 0.425234 0.676113 0.029595 0.068826
1 0.520249 0.386640 0.034268 0.101215
0 0.447819 0.771255 0.042056 0.174089
1 0.169003 0.520243 0.031153 0.085020
1 0.071651 0.230769 0.018692 0.044534
0 0.055296 0.868421 0.018692 0.052632
1 0.152648 0.388664 0.012461 0.032389
1 0.604361 0.222672 0.023364 0.072874
1 0.130841 0.139676 0.015576 0.052632
1 0.228972 0.240891 0.024922 0.076923
1 0.494548 0.159919 0.024922 0.068826
0 0.146417 0.898785 0.018692 0.056680
1 0.355140 0.319838 0.085670 0.133603
1 0.482087 0.659919 0.062305 0.105263
1 0.500000 0.226721 0.032710 0.089069
1 0.332555 0.696356 0.014019 0.044534
1 0.580997 0.925101 0.026480 0.056680
1 0.322430 0.888664 0.017134 0.060729
1 0.904206 0.692308 0.018692 0.052632
1 0.637850 0.441296 0.020249 0.048583
1 0.183022 0.888664 0.038941 0.105263
0 0.590343 0.546559 0.029595 0.080972
1 0.683801 0.526316 0.038941 0.113360
1 0.552181 0.937247 0.023364 0.060729
1 0.121495 0.605263 0.031153 0.080972
