0 0.129283 0.783401 0.015576 0.044534
0 0.085670 0.708502 0.034268 0.068826
1 0.059969 0.109312 0.010903 0.024291
1 0.112928 0.299595 0.017134 0.060729
0 0.549065 0.378543 0.038941 0.097166
1 0.236760 0.597166 0.051402 0.117409
0 0.350467 0.364372 0.037383 0.105263
1 0.313863 0.710526 0.028037 0.064777
1 0.932243 0.649798 0.029595 0.036437
0 0.447040 0.811741 0.076324 0.161943
1 0.880841 0.283401 0.024922 0.060729
0 0.293614 0.475709 0.007788 0.020243
1 0.412773 0.493927 0.015576 0.028340
0 0.722741 0.188259 0.034268 0.072874
0 0.439252 0.261134 0.038941 0.165992
1 0.063863 0.848178 0.012461 0.036437
1 0.201713 0.965587 0.015576 0.040486
0 0.363707 0.927126 0.014019 0.032389
0 0.851246 0.682186 0.042056 0.097166
0 0.419782 0.552632 0.004673 0.012146
1 0.577103 0.773279 0.046729 0.210526
1 0.352025 0.184211 0.010903 0.032389
1 0.784268 0.491903 0.046729 0.101215
1 0.573209 0.491903 0.045171 0.105263
0 0.207165 0.781377 0.017134 0.044534
1 0.595016 0.514170 0.026480 0.052632
1 0.285826 0.473684 0.004673 0.016194
1 0.305296 0.307692 0.026480 0.052632
1 0.799844 0.597166 0.020249 0.048583
0 0.361371 0.307692 0.026480 0.064777
1 0.331776 0.878543 0.031153 0.080972
1 0.827103 0.356275 0.080997 0.137652
1 0.301402 0.854251 0.012461 0.024291
1 0.695483 0.680162 0.028037 0.121457
1 0.848910 0.572874 0.026480 0.072874
1 0.390187 0.803644 0.026480 0.125506
0 0.779595 0.793522 0.085670 0.165992
1 0.676012 0.497976 0.009346 0.056680
1 0.355919 0.603239 0.015576 0.048583
1 0.485202 0.412955 0.071651 0.214575
0 0.937695 0.831984 0.017134 0.040486
1 0.605140 0.210526 0.026480 0.089069
1 0.195483 0.558704 0.017134 0.044534
0 0.283489 0.607287 0.012461 0.040486
1 0.542056 0.471660 0.026480 0.072874
0 0.933801 0.912955 0.004673 0.020243
1 0.839564 0.787449 0.020249 0.044534
0 0.105140 0.570850 0.014019 0.056680
1 0.119938 0.157895 0.010903 0.048583
0 0.646417 0.269231 0.018692 0.044534
1 0.827882 0.823887 0.026480 0.060729
1 0.443925 0.190283 0.054517 0.133603
1 0.427570 0.718623 0.071651 0.190283
