1 0.305296 0.587045 0.015576 0.024291
0 0.678349 0.224696 0.017134 0.044534
1 0.549844 0.419028 0.066978 0.202429
0 0.253115 0.350202 0.063863 0.125506
0 0.301402 0.763158 0.028037 0.068826
0 0.835670 0.516194 0.007788 0.020243
1 0.907321 0.700405 0.014019 0.044534
1 0.578660 0.471660 0.135514 0.222672
0 0.883178 0.427126 0.045171 0.105263
1 0.393302 0.263158 0.012461 0.040486
0 0.631620 0.275304 0.023364 0.056680
1 0.742991 0.637652 0.015576 0.056680
0 0.299065 0.696356 0.024922 0.072874
0 0.067757 0.872470 0.007788 0.028340
1 0.926791 0.562753 0.028037 0.068826
0 0.245327 0.170040 0.017134 0.056680
1 0.188474 0.487854 0.015576 0.024291
0 0.532710 0.153846 0.034268 0.076923
0 0.103583 0.560729 0.020249 0.060729
1 0.772586 0.973684 0.006231 0.020243
1 0.468069 0.771255 0.007788 0.020243
1 0.652648 0.619433 0.085670 0.190283
1 0.628505 0.200405 0.035826 0.125506
1 0.373832 0.777328 0.009346 0.024291
1 0.156542 0.281377 0.043614 0.076923
0 0.695483 0.898785 0.010903 0.032389
0 0.342679 0.546559 0.043614 0.121457
1 0.756231 0.858300 0.057632 0.141700
1 0.860592 0.601215 0.032710 0.093117
1 0.206386 0.657895 0.018692 0.048583
1 0.115265 0.771255 0.015576 0.044534
0 0.288162 0.615385 0.026480 0.052632
1 0.381620 0.854251 0.029595 0.089069
0 0.489097 0.364372 0.012461 0.044534
0 0.888629 0.572874 0.026480 0.052632
0 0.559969 0.925101 0.051402 0.097166
0 0.287383 0.168016 0.017134 0.044534
1 0.191589 0.755061 0.063863 0.165992
1 0.630841 0.769231 0.038941 0.105263
1 0.904206 0.566802 0.032710 0.068826
1 0.809969 0.374494 0.010903 0.044534
1 0.872274 0.795547 0.029595 0.085020
1 0.897196 0.619433 0.024922 0.052632
1 0.410436 0.821862 0.042056 0.129555
0 0.267134 0.779352 0.026480 0.085020
1 0.732087 0.504049 0.076324 0.117409
0 0.170561 0.884615 0.026480 0.076923
1 0.327103 0.465587 0.037383 0.089069
0 0.573988 0.690283 0.040498 0.125506
0 0.190031 0.854251 0.032710 0.080972
1 0.165888 0.491903 0.018692 0.056680
1 0.492991 0.690283 0.014019 0.032389
0 0.263240 0.485830 0.018692 0.040486
