1 0.924455 0.708502 0.014019 0.032389
0 0.892523 0.700405 0.012461 0.032389
1 0.697819 0.441296 0.057632 0.101215
1 0.295950 0.376518 0.112150 0.283401
1 0.052181 0.372470 0.021807 0.032389
1 0.627726 0.313765 0.006231 0.012146
0 0.634735 0.829960 0.021807 0.056680
1 0.507009 0.408907 0.026480 0.101215
1 0.607477 0.643725 0.042056 0.097166
1 0.137072 0.773279 0.029595 0.093117
1 0.877726 0.827935 0.021807 0.060729
1 0.767913 0.550607 0.009346 0.024291
1 0.826324 0.350202 0.057632 0.113360
0 0.581776 0.269231 0.024922 0.085020
1 0.883178 0.396761 0.040498 0.105263
1 0.460280 0.874494 0.020249 0.056680
1 0.314642 0.858300 0.024922 0.048583
0 0.685358 0.647773 0.045171 0.121457
0 0.801402 0.730769 0.034268 0.076923
1 0.533489 0.587045 0.043614 0.093117
0 0.267913 0.198381 0.032710 0.085020
0 0.085670 0.406883 0.045171 0.133603
0 0.111371 0.838057 0.038941 0.064777
1 0.543614 0.647773 0.015576 0.048583
0 0.521028 0.927126 0.042056 0.125506
0 0.280374 0.690283 0.029595 0.056680
1 0.338006 0.647773 0.034268 0.101215
1 0.278037 0.107287 0.006231 0.020243
1 0.689252 0.546559 0.048287 0.129555
0 0.105919 0.182186 0.020249 0.064777
1 0.880841 0.947368 0.010903 0.028340
0 0.614486 0.315789 0.018692 0.056680
1 0.346573 0.706478 0.034268 0.109312
0 0.623832 0.560729 0.010903 0.028340
1 0.225857 0.133603 0.015576 0.052632
1 0.285047 0.864372 0.028037 0.105263
1 0.059190 0.435223 0.040498 0.068826
1 0.620717 0.289474 0.014019 0.036437
1 0.507009 0.287449 0.057632 0.121457
1 0.611371 0.475709 0.029595 0.052632
0 0.339564 0.582996 0.015576 0.040486
1 0.443925 0.550607 0.020249 0.024291
0 0.549844 0.785425 0.026480 0.105263
1 0.373053 0.690283 0.057632 0.198381
1 0.434579 0.856275 0.029595 0.101215
0 0.063863 0.959514 0.012461 0.032389
1 0.771807 0.862348 0.017134 0.040486
1 0.750779 0.163968 0.010903 0.044534
1 0.453271 0.801619 0.048287 0.117409
1 0.883956 0.139676 0.006231 0.020243
1 0.421340 0.813765 0.043614 0.080972
1 0.162773 0.119433 0.014019 0.044534
0 0.469626 0.953441 0.007788 0.028340
1 0.121495 0.437247 0.015576 0.044534
1 0.515576 0.220648 0.029595 0.040486
1 0.913551 0.265182 0.045171 0.125506
1 0.568536 0.204453 0.006231 0.020243
1 0.414330 0.738866 0.068536 0.153846
1 0.113707 0.738866 0.065421 0.089069
