0 0.757788 0.933198 0.014019 0.056680
0 0.844237 0.497976 0.038941 0.101215
1 0.088785 0.463563 0.074766 0.125506
1 0.654984 0.145749 0.007788 0.024291
1 0.277259 0.706478 0.104361 0.259109
0 0.140187 0.757085 0.077882 0.210526
0 0.285047 0.384615 0.038941 0.137652
1 0.607477 0.872470 0.031153 0.052632
1 0.378505 0.352227 0.098131 0.222672
0 0.204829 0.560729 0.024922 0.060729
0 0.831776 0.232794 0.052960 0.149798
1 0.541277 0.534413 0.021807 0.064777
1 0.922118 0.923077 0.015576 0.048583
1 0.401869 0.736842 0.024922 0.048583
1 0.194704 0.206478 0.062305 0.157895
0 0.588785 0.803644 0.028037 0.076923
0 0.920561 0.684211 0.065421 0.186235
1 0.321651 0.769231 0.084112 0.174089
0 0.288162 0.834008 0.040498 0.117409
1 0.729751 0.817814 0.015576 0.048583
1 0.741433 0.888664 0.006231 0.020243
1 0.340343 0.591093 0.014019 0.044534
0 0.867601 0.890688 0.034268 0.080972
1 0.635514 0.838057 0.018692 0.048583
1 0.470405 0.692308 0.085670 0.178138
1 0.825545 0.384615 0.015576 0.048583
1 0.855919 0.599190 0.029595 0.093117
1 0.363707 0.172065 0.010903 0.048583
0 0.792835 0.141700 0.010903 0.032389
1 0.563863 0.291498 0.010903 0.040486
