0 0.268692 0.856275 0.017134 0.048583
1 0.139408 0.295547 0.015576 0.036437
0 0.574766 0.293522 0.042056 0.125506
1 0.901869 0.518219 0.043614 0.113360
1 0.820872 0.457490 0.037383 0.101215
0 0.355919 0.570850 0.017134 0.032389
1 0.306854 0.688259 0.046729 0.157895
1 0.095016 0.344130 0.049844 0.178138
0 0.908100 0.595142 0.024922 0.068826
0 0.300623 0.580972 0.015576 0.044534
0 0.161994 0.710526 0.009346 0.020243
0 0.957165 0.378543 0.007788 0.020243
1 0.820872 0.259109 0.042056 0.085020
0 0.876168 0.591093 0.031153 0.056680
0 0.774922 0.880567 0.029595 0.085020
1 0.243769 0.232794 0.010903 0.024291
1 0.923676 0.728745 0.021807 0.076923
1 0.828660 0.759109 0.021807 0.109312
0 0.697040 0.716599 0.034268 0.089069
1 0.457944 0.813765 0.038941 0.080972
1 0.180685 0.659919 0.014019 0.040486
0 0.347352 0.301619 0.009346 0.028340
1 0.202492 0.265182 0.059190 0.186235
1 0.785826 0.593117 0.017134 0.032389
1 0.771807 0.180162 0.040498 0.080972
1 0.444704 0.730769 0.031153 0.056680
0 0.892523 0.220648 0.052960 0.186235
1 0.477414 0.585020 0.056075 0.133603
1 0.543614 0.220648 0.045171 0.093117
1 0.114486 0.605263 0.024922 0.052632
1 0.176012 0.376518 0.045171 0.125506
1 0.582555 0.439271 0.029595 0.064777
1 0.579439 0.919028 0.012461 0.024291
0 0.119159 0.570850 0.035826 0.072874
1 0.726636 0.423077 0.024922 0.085020
0 0.147975 0.894737 0.032710 0.085020
1 0.658100 0.797571 0.014019 0.060729
0 0.931464 0.289474 0.009346 0.020243
1 0.435358 0.157895 0.043614 0.101215
0 0.826324 0.180162 0.010903 0.024291
1 0.435358 0.906883 0.037383 0.113360
1 0.219626 0.708502 0.024922 0.085020
1 0.559969 0.479757 0.014019 0.028340
1 0.711059 0.236842 0.015576 0.036437
0 0.493769 0.188259 0.038941 0.133603
0 0.454050 0.265182 0.007788 0.024291
0 0.715732 0.536437 0.020249 0.036437
1 0.603583 0.912955 0.017134 0.064777
1 0.150312 0.194332 0.010903 0.024291
0 0.533489 0.176113 0.029595 0.109312
0 0.241433 0.718623 0.014019 0.044534
1 0.108255 0.937247 0.037383 0.097166
1 0.242212 0.856275 0.010903 0.040486
0 0.633956 0.546559 0.084112 0.194332
1 0.424455 0.601215 0.010903 0.028340
