0 0.941589 0.663968 0.020249 0.052632
1 0.955607 0.564777 0.007788 0.020243
1 0.346573 0.261134 0.037383 0.105263
1 0.075545 0.724696 0.015576 0.068826
0 0.205607 0.443320 0.028037 0.060729
0 0.748442 0.336032 0.015576 0.044534
1 0.641745 0.251012 0.009346 0.020243
0 0.119938 0.817814 0.014019 0.036437
1 0.500000 0.538462 0.006231 0.024291
0 0.859034 0.771255 0.012461 0.032389
1 0.616044 0.908907 0.040498 0.080972
1 0.419003 0.635628 0.060748 0.190283
1 0.803738 0.724696 0.021807 0.117409
1 0.494548 0.678138 0.037383 0.076923
0 0.902648 0.099190 0.007788 0.016194
1 0.768692 0.643725 0.065421 0.190283
1 0.693925 0.870445 0.052960 0.137652
1 0.564642 0.702429 0.010903 0.028340
0 0.311526 0.678138 0.073209 0.165992
1 0.700935 0.532389 0.031153 0.085020
0 0.683022 0.748988 0.017134 0.032389
1 0.082555 0.378543 0.043614 0.117409
1 0.889408 0.665992 0.042056 0.085020
1 0.380841 0.192308 0.032710 0.089069
1 0.699377 0.453441 0.042056 0.085020
1 0.176012 0.834008 0.012461 0.040486
1 0.531931 0.334008 0.077882 0.210526
1 0.386293 0.789474 0.042056 0.121457
0 0.119159 0.174089 0.029595 0.052632
1 0.123832 0.289474 0.014019 0.060729
1 0.346573 0.449393 0.062305 0.153846
0 0.079439 0.180162 0.015576 0.036437
1 0.758567 0.465587 0.026480 0.052632
1 0.774143 0.785425 0.063863 0.174089
1 0.156542 0.194332 0.045171 0.113360
1 0.302181 0.528340 0.051402 0.113360
0 0.580997 0.607287 0.023364 0.064777
1 0.928349 0.216599 0.035826 0.129555
0 0.683022 0.625506 0.023364 0.056680
0 0.851246 0.238866 0.024922 0.097166
0 0.639408 0.325911 0.023364 0.048583
