1 0.718847 0.344130 0.056075 0.161943
1 0.404206 0.556680 0.010903 0.036437
1 0.517134 0.522267 0.015576 0.032389
1 0.173676 0.777328 0.031153 0.101215
1 0.631620 0.214575 0.029595 0.097166
0 0.053738 0.914980 0.026480 0.089069
1 0.176012 0.512146 0.059190 0.141700
1 0.863707 0.576923 0.021807 0.097166
1 0.732866 0.698381 0.010903 0.028340
0 0.271028 0.854251 0.034268 0.044534
0 0.676012 0.248988 0.040498 0.097166
1 0.232087 0.631579 0.020249 0.040486
1 0.654206 0.273279 0.021807 0.028340
0 0.750000 0.390688 0.045171 0.089069
1 0.465732 0.463563 0.065421 0.153846
1 0.366822 0.789474 0.017134 0.076923
1 0.183022 0.192308 0.037383 0.113360
1 0.597352 0.323887 0.031153 0.109312
0 0.888629 0.222672 0.010903 0.024291
1 0.528037 0.273279 0.015576 0.036437
0 0.108255 0.378543 0.048287 0.165992
0 0.176791 0.728745 0.024922 0.089069
1 0.592679 0.184211 0.020249 0.064777
0 0.583333 0.684211 0.007788 0.016194
0 0.552960 0.678138 0.034268 0.064777
1 0.200935 0.240891 0.015576 0.036437
1 0.074766 0.767206 0.031153 0.080972
0 0.779595 0.449393 0.023364 0.056680
0 0.758567 0.607287 0.035826 0.101215
0 0.854361 0.354251 0.065421 0.117409
1 0.347352 0.289474 0.014019 0.044534
