0 0.102025 0.763158 0.034268 0.117409
0 0.721184 0.483806 0.060748 0.165992
1 0.417445 0.224696 0.024922 0.040486
1 0.334112 0.404858 0.073209 0.133603
1 0.554517 0.540486 0.031153 0.048583
0 0.595794 0.706478 0.026480 0.068826
0 0.764019 0.293522 0.052960 0.133603
1 0.903427 0.352227 0.042056 0.105263
0 0.723520 0.706478 0.063863 0.145749
1 0.125389 0.147773 0.023364 0.040486
1 0.643302 0.605263 0.066978 0.198381
1 0.363707 0.718623 0.028037 0.068826
0 0.277259 0.309717 0.040498 0.089069
0 0.479751 0.665992 0.038941 0.076923
1 0.344237 0.556680 0.017134 0.048583
0 0.084112 0.163968 0.026480 0.072874
0 0.692368 0.844130 0.035826 0.121457
1 0.408100 0.143725 0.006231 0.012146
0 0.612928 0.261134 0.082555 0.186235
1 0.125389 0.313765 0.023364 0.117409
1 0.458723 0.291498 0.020249 0.064777
0 0.360592 0.560729 0.014019 0.036437
1 0.709502 0.271255 0.045171 0.072874
1 0.636293 0.795547 0.010903 0.020243
0 0.481308 0.862348 0.045171 0.113360
1 0.778816 0.435223 0.012461 0.044534
1 0.055296 0.291498 0.029595 0.056680
0 0.899533 0.696356 0.056075 0.133603
1 0.366822 0.178138 0.042056 0.089069
0 0.511682 0.722672 0.018692 0.056680
1 0.605140 0.141700 0.014019 0.032389
0 0.187695 0.190283 0.024922 0.068826
1 0.419782 0.862348 0.021807 0.089069
0 0.597352 0.892713 0.034268 0.076923
0 0.441589 0.700405 0.015576 0.040486
