1 0.468847 0.643725 0.042056 0.089069
1 0.334112 0.641700 0.051402 0.093117
1 0.665109 0.931174 0.040498 0.101215
0 0.278037 0.232794 0.045171 0.109312
1 0.758567 0.627530 0.029595 0.052632
0 0.860592 0.941296 0.032710 0.056680
0 0.845794 0.244939 0.017134 0.056680
1 0.679128 0.178138 0.017134 0.056680
0 0.454829 0.692308 0.026480 0.068826
1 0.714174 0.441296 0.026480 0.068826
1 0.876168 0.742915 0.074766 0.190283
1 0.320872 0.263158 0.034268 0.093117
1 0.779595 0.267206 0.020249 0.076923
1 0.729751 0.277328 0.057632 0.214575
1 0.278037 0.668016 0.006231 0.012146
1 0.567757 0.917004 0.023364 0.089069
1 0.079439 0.331984 0.006231 0.016194
1 0.480530 0.807692 0.023364 0.040486
1 0.650312 0.718623 0.038941 0.117409
0 0.613707 0.510121 0.029595 0.085020
1 0.504673 0.479757 0.006231 0.028340
1 0.787383 0.495951 0.012461 0.036437
1 0.373053 0.285425 0.046729 0.133603
1 0.196262 0.625506 0.062305 0.222672
0 0.552181 0.655870 0.023364 0.040486
1 0.308411 0.402834 0.023364 0.060729
1 0.840343 0.647773 0.024922 0.105263
1 0.331776 0.356275 0.056075 0.113360
1 0.582555 0.862348 0.028037 0.113360
1 0.063863 0.680162 0.015576 0.032389
0 0.369938 0.504049 0.017134 0.044534
1 0.880841 0.289474 0.014019 0.032389
1 0.259346 0.878543 0.051402 0.129555
1 0.795171 0.390688 0.026480 0.093117
1 0.169782 0.283401 0.049844 0.178138
1 0.761682 0.825911 0.023364 0.076923
1 0.581776 0.358300 0.076324 0.182186
0 0.475078 0.886640 0.012461 0.020243
1 0.171340 0.914980 0.035826 0.109312
1 0.363707 0.720648 0.037383 0.093117
0 0.586449 0.923077 0.034268 0.076923
0 0.822430 0.663968 0.034268 0.080972
0 0.415888 0.534413 0.043614 0.125506
1 0.123832 0.273279 0.017134 0.044534
0 0.063863 0.133603 0.018692 0.052632
0 0.641745 0.769231 0.017134 0.064777
1 0.564642 0.479757 0.007788 0.020243
1 0.670561 0.119433 0.014019 0.032389
1 0.651869 0.350202 0.023364 0.089069
1 0.862150 0.467611 0.066978 0.157895
1 0.686137 0.694332 0.014019 0.028340
1 0.275701 0.151822 0.018692 0.048583
0 0.342679 0.558704 0.038941 0.072874
1 0.098910 0.874494 0.028037 0.052632
0 0.064642 0.706478 0.014019 0.036437
0 0.773364 0.516194 0.007788 0.020243
1 0.230530 0.771255 0.035826 0.113360
1 0.644081 0.151822 0.040498 0.068826
1 0.809190 0.580972 0.046729 0.121457
