0 0.562305 0.457490 0.110592 0.360324
1 0.358255 0.574899 0.007788 0.024291
0 0.707165 0.528340 0.006231 0.020243
1 0.069315 0.914980 0.043614 0.089069
1 0.869159 0.736842 0.031153 0.109312
0 0.102025 0.823887 0.018692 0.052632
0 0.176791 0.692308 0.009346 0.032389
0 0.773364 0.712551 0.054517 0.141700
0 0.214174 0.234818 0.031153 0.125506
1 0.096573 0.530364 0.018692 0.072874
1 0.409657 0.291498 0.010903 0.024291
1 0.409657 0.216599 0.048287 0.097166
1 0.267134 0.325911 0.048287 0.178138
0 0.674455 0.720648 0.057632 0.153846
1 0.727414 0.763158 0.060748 0.113360
0 0.926012 0.208502 0.035826 0.109312
0 0.383178 0.506073 0.015576 0.040486
1 0.355140 0.872470 0.051402 0.165992
1 0.814642 0.607287 0.071651 0.210526
1 0.390187 0.220648 0.043614 0.113360
1 0.799065 0.781377 0.018692 0.056680
0 0.661215 0.516194 0.060748 0.157895
1 0.160436 0.902834 0.059190 0.133603
0 0.393302 0.836032 0.007788 0.016194
0 0.387850 0.653846 0.038941 0.137652
1 0.090343 0.303644 0.012461 0.036437
1 0.060748 0.587045 0.023364 0.072874
1 0.841121 0.463563 0.049844 0.121457
1 0.122274 0.647773 0.029595 0.048583
1 0.153427 0.261134 0.042056 0.093117
0 0.592679 0.953441 0.009346 0.020243
1 0.078660 0.627530 0.009346 0.016194
0 0.081776 0.663968 0.014019 0.040486
0 0.767913 0.607287 0.010903 0.032389
1 0.914330 0.775304 0.020249 0.056680
1 0.467290 0.793522 0.012461 0.060729
1 0.109034 0.479757 0.018692 0.060729
0 0.728193 0.431174 0.028037 0.072874
0 0.729751 0.684211 0.102804 0.117409
0 0.205607 0.329960 0.010903 0.020243
0 0.574766 0.165992 0.006231 0.016194
1 0.187695 0.329960 0.024922 0.068826
0 0.726636 0.627530 0.048287 0.121457
0 0.247664 0.461538 0.015576 0.048583
1 0.202492 0.384615 0.051402 0.072874
1 0.278037 0.441296 0.023364 0.097166
1 0.485981 0.868421 0.042056 0.109312
0 0.929128 0.261134 0.049844 0.121457
0 0.163551 0.613360 0.021807 0.036437
0 0.272586 0.850202 0.026480 0.060729
1 0.417445 0.500000 0.066978 0.242915
1 0.876947 0.313765 0.079439 0.141700
1 0.560748 0.943320 0.023364 0.060729
1 0.165888 0.350202 0.032710 0.093117
1 0.624611 0.829960 0.024922 0.044534
1 0.098910 0.657895 0.014019 0.032389
0 0.199377 0.540486 0.034268 0.093117
1 0.201713 0.176113 0.054517 0.109312
