1 0.616044 0.360324 0.031153 0.072874
1 0.875389 0.475709 0.015576 0.052632
1 0.310748 0.789474 0.049844 0.072874
0 0.569315 0.283401 0.037383 0.085020
1 0.209502 0.202429 0.018692 0.032389
1 0.242991 0.773279 0.014019 0.052632
1 0.475078 0.684211 0.054517 0.117409
1 0.441589 0.585020 0.029595 0.101215
1 0.664330 0.518219 0.015576 0.052632
0 0.391745 0.714575 0.018692 0.052632
1 0.787383 0.338057 0.068536 0.137652
0 0.535826 0.145749 0.040498 0.105263
1 0.070872 0.536437 0.042056 0.080972
1 0.550623 0.908907 0.031153 0.080972
1 0.531153 0.864372 0.015576 0.044534
1 0.799844 0.582996 0.029595 0.056680
1 0.331776 0.423077 0.038941 0.076923
1 0.778037 0.161943 0.031153 0.068826
1 0.757009 0.502024 0.012461 0.040486
1 0.138629 0.898785 0.014019 0.036437
1 0.415109 0.342105 0.042056 0.141700
0 0.264019 0.289474 0.010903 0.024291
1 0.647196 0.532389 0.014019 0.024291
1 0.771807 0.668016 0.043614 0.125506
0 0.139408 0.265182 0.012461 0.036437
1 0.642523 0.548583 0.020249 0.044534
1 0.453271 0.862348 0.026480 0.085020
1 0.430685 0.465587 0.028037 0.072874
0 0.483645 0.542510 0.034268 0.072874
0 0.472741 0.404858 0.059190 0.218623
1 0.139408 0.576923 0.054517 0.085020
1 0.072430 0.860324 0.023364 0.060729
0 0.780374 0.520243 0.028037 0.101215
