0 0.433801 0.627530 0.020249 0.064777
0 0.909657 0.605263 0.035826 0.113360
1 0.250779 0.929150 0.012461 0.032389
1 0.264798 0.206478 0.068536 0.145749
1 0.300623 0.838057 0.023364 0.076923
0 0.853583 0.587045 0.043614 0.170040
0 0.601246 0.275304 0.012461 0.032389
0 0.411994 0.170040 0.045171 0.117409
1 0.118380 0.315789 0.012461 0.036437
1 0.729751 0.908907 0.023364 0.048583
1 0.707165 0.931174 0.029595 0.048583
0 0.183022 0.297571 0.029595 0.097166
0 0.239875 0.554656 0.021807 0.072874
1 0.045950 0.625506 0.015576 0.032389
0 0.095794 0.755061 0.021807 0.064777
1 0.903427 0.821862 0.065421 0.117409
1 0.769470 0.329960 0.037383 0.064777
1 0.588785 0.489879 0.028037 0.105263
0 0.842679 0.957490 0.012461 0.032389
0 0.480530 0.882591 0.017134 0.048583
1 0.338785 0.807692 0.066978 0.170040
1 0.242212 0.613360 0.045171 0.076923
0 0.483645 0.769231 0.015576 0.048583
1 0.814642 0.937247 0.023364 0.068826
0 0.733645 0.793522 0.020249 0.056680
1 0.723520 0.791498 0.009346 0.036437
0 0.749221 0.702429 0.017134 0.036437
0 0.693146 0.307692 0.021807 0.040486
1 0.147975 0.566802 0.021807 0.109312
1 0.448598 0.309717 0.048287 0.072874
1 0.532710 0.425101 0.021807 0.036437
1 0.598910 0.194332 0.023364 0.048583
0 0.506231 0.676113 0.006231 0.016194
1 0.884735 0.255061 0.007788 0.024291
0 0.190810 0.435223 0.021807 0.072874
0 0.576324 0.309717 0.043614 0.125506
0 0.839564 0.929150 0.012461 0.040486
1 0.487539 0.908907 0.023364 0.076923
