1 0.730530 0.285425 0.046729 0.076923
0 0.929128 0.386640 0.031153 0.080972
1 0.098910 0.398785 0.009346 0.028340
0 0.609813 0.872470 0.042056 0.105263
1 0.093458 0.621457 0.062305 0.165992
1 0.133178 0.512146 0.024922 0.080972
1 0.258567 0.753036 0.024922 0.097166
1 0.301402 0.360324 0.023364 0.044534
1 0.695483 0.904858 0.031153 0.064777
1 0.849688 0.876518 0.088785 0.186235
0 0.625389 0.423077 0.018692 0.032389
0 0.830997 0.329960 0.032710 0.141700
1 0.435358 0.425101 0.038941 0.105263
1 0.691589 0.607287 0.018692 0.072874
1 0.794393 0.852227 0.015576 0.032389
1 0.382399 0.848178 0.046729 0.125506
1 0.566978 0.119433 0.006231 0.028340
1 0.429907 0.242915 0.056075 0.153846
1 0.285826 0.165992 0.020249 0.048583
0 0.885514 0.157895 0.042056 0.089069
1 0.218069 0.534413 0.021807 0.076923
1 0.584112 0.651822 0.062305 0.125506
1 0.718069 0.878543 0.023364 0.036437
0 0.533489 0.277328 0.007788 0.028340
1 0.183801 0.900810 0.028037 0.048583
1 0.316199 0.706478 0.007788 0.028340
1 0.898754 0.587045 0.014019 0.032389
1 0.260125 0.801619 0.023364 0.060729
1 0.415109 0.748988 0.010903 0.024291
1 0.208723 0.404858 0.040498 0.056680
1 0.127726 0.417004 0.021807 0.072874
