1 0.574766 0.585020 0.107477 0.275304
1 0.236760 0.431174 0.037383 0.089069
0 0.627726 0.453441 0.037383 0.089069
1 0.542835 0.400810 0.023364 0.044534
1 0.909657 0.204453 0.059190 0.137652
1 0.517913 0.728745 0.076324 0.109312
0 0.129283 0.688259 0.032710 0.097166
0 0.935358 0.985830 0.004673 0.020243
0 0.485981 0.457490 0.006231 0.016194
0 0.067757 0.459514 0.037383 0.089069
1 0.506231 0.204453 0.023364 0.064777
1 0.311526 0.396761 0.037383 0.105263
1 0.549844 0.153846 0.037383 0.072874
1 0.723520 0.263158 0.023364 0.056680
1 0.430685 0.435223 0.004673 0.028340
1 0.172897 0.459514 0.040498 0.089069
1 0.582555 0.931174 0.018692 0.048583
1 0.672897 0.534413 0.018692 0.056680
1 0.849688 0.807692 0.026480 0.129555
0 0.046729 0.783401 0.015576 0.044534
1 0.367601 0.597166 0.038941 0.129555
1 0.210280 0.641700 0.056075 0.125506
1 0.640966 0.755061 0.021807 0.093117
1 0.915888 0.410931 0.048287 0.145749
1 0.559969 0.676113 0.063863 0.255061
0 0.516355 0.489879 0.024922 0.072874
0 0.443925 0.591093 0.009346 0.016194
1 0.879283 0.862348 0.021807 0.068826
1 0.264798 0.246964 0.014019 0.048583
1 0.401869 0.789474 0.007788 0.032389
1 0.180685 0.170040 0.037383 0.125506
1 0.330997 0.313765 0.065421 0.186235
1 0.260903 0.364372 0.023364 0.044534
1 0.141745 0.495951 0.009346 0.036437
0 0.686137 0.516194 0.024922 0.072874
1 0.176791 0.368421 0.018692 0.072874
0 0.184579 0.346154 0.012461 0.044534
