1 0.682243 0.633603 0.032710 0.076923
0 0.705607 0.591093 0.026480 0.093117
1 0.746885 0.676113 0.020249 0.052632
1 0.800623 0.902834 0.031153 0.085020
0 0.772586 0.599190 0.038941 0.072874
1 0.841900 0.840081 0.014019 0.036437
1 0.179128 0.455466 0.009346 0.028340
1 0.379283 0.914980 0.017134 0.032389
0 0.872274 0.726721 0.063863 0.117409
0 0.060748 0.548583 0.029595 0.076923
1 0.661994 0.963563 0.014019 0.056680
1 0.183801 0.858300 0.021807 0.028340
1 0.462617 0.886640 0.018692 0.048583
1 0.903427 0.151822 0.023364 0.068826
1 0.258567 0.548583 0.010903 0.028340
1 0.314642 0.520243 0.076324 0.174089
0 0.389408 0.453441 0.028037 0.093117
0 0.208723 0.692308 0.034268 0.085020
1 0.849688 0.398785 0.032710 0.085020
1 0.124611 0.180162 0.062305 0.137652
0 0.941589 0.797571 0.023364 0.060729
0 0.151869 0.720648 0.031153 0.085020
1 0.397975 0.657895 0.021807 0.052632
0 0.541277 0.386640 0.018692 0.040486
0 0.336449 0.736842 0.077882 0.182186
1 0.103583 0.801619 0.032710 0.056680
1 0.253894 0.904858 0.018692 0.064777
1 0.598910 0.625506 0.007788 0.028340
0 0.460280 0.704453 0.031153 0.068826
1 0.503894 0.390688 0.049844 0.178138
1 0.552960 0.856275 0.046729 0.125506
1 0.647196 0.696356 0.040498 0.089069
1 0.509346 0.607287 0.070093 0.170040
1 0.767134 0.427126 0.071651 0.101215
0 0.934579 0.392713 0.006231 0.016194
1 0.130062 0.512146 0.066978 0.182186
1 0.457944 0.546559 0.043614 0.133603
0 0.538162 0.528340 0.048287 0.117409
0 0.404984 0.688259 0.018692 0.036437
1 0.162773 0.825911 0.017134 0.048583
1 0.910436 0.429150 0.032710 0.105263
1 0.566978 0.712551 0.020249 0.064777
0 0.110592 0.900810 0.038941 0.133603
1 0.743769 0.568826 0.024922 0.072874
0 0.517134 0.751012 0.057632 0.149798
1 0.594237 0.508097 0.037383 0.080972
0 0.311526 0.354251 0.023364 0.076923
0 0.450156 0.340081 0.009346 0.024291
1 0.911994 0.886640 0.026480 0.064777
1 0.622274 0.222672 0.026480 0.048583
1 0.219626 0.453441 0.023364 0.072874
0 0.535047 0.927126 0.020249 0.036437
1 0.695483 0.506073 0.024922 0.052632
1 0.609034 0.457490 0.028037 0.101215
