0 0.204050 0.797571 0.051402 0.137652
1 0.859034 0.684211 0.068536 0.194332
0 0.540498 0.508097 0.021807 0.076923
1 0.740654 0.376518 0.077882 0.271255
1 0.112928 0.732794 0.038941 0.121457
1 0.475857 0.358300 0.028037 0.064777
1 0.696262 0.362348 0.084112 0.218623
1 0.909657 0.463563 0.010903 0.044534
0 0.221963 0.451417 0.012461 0.044534
1 0.948598 0.959514 0.010903 0.032389
1 0.108255 0.953441 0.015576 0.052632
0 0.317757 0.896761 0.021807 0.060729
1 0.500779 0.441296 0.040498 0.117409
0 0.799844 0.712551 0.045171 0.117409
0 0.623053 0.263158 0.017134 0.044534
1 0.571651 0.186235 0.063863 0.105263
1 0.698598 0.623482 0.040498 0.198381
1 0.487539 0.663968 0.021807 0.056680
0 0.328660 0.368421 0.020249 0.048583
0 0.801402 0.398785 0.045171 0.125506
0 0.281153 0.933198 0.026480 0.068826
0 0.807632 0.597166 0.020249 0.052632
1 0.182243 0.947368 0.007788 0.024291
1 0.141745 0.273279 0.048287 0.125506
0 0.232087 0.728745 0.034268 0.157895
1 0.580997 0.736842 0.060748 0.255061
1 0.070872 0.540486 0.028037 0.068826
1 0.772586 0.603239 0.018692 0.068826
1 0.648754 0.651822 0.029595 0.056680
0 0.549065 0.222672 0.038941 0.105263
0 0.710280 0.194332 0.040498 0.089069
1 0.302181 0.449393 0.017134 0.044534
0 0.076324 0.651822 0.042056 0.129555
0 0.049065 0.208502 0.020249 0.052632
0 0.781153 0.844130 0.006231 0.020243
0 0.679128 0.821862 0.015576 0.032389
1 0.232087 0.574899 0.073209 0.121457
1 0.742212 0.819838 0.034268 0.056680
0 0.478972 0.232794 0.012461 0.036437
0 0.496106 0.856275 0.066978 0.125506
1 0.648754 0.127530 0.026480 0.060729
1 0.943146 0.726721 0.035826 0.097166
1 0.647975 0.489879 0.042056 0.149798
1 0.895639 0.825911 0.065421 0.105263
1 0.141745 0.639676 0.009346 0.024291
0 0.636293 0.670040 0.026480 0.048583
1 0.478972 0.738866 0.024922 0.056680
1 0.574766 0.263158 0.028037 0.052632
1 0.838785 0.145749 0.032710 0.076923
1 0.315421 0.510121 0.020249 0.064777
1 0.547508 0.621457 0.018692 0.064777
1 0.836449 0.554656 0.038941 0.113360
0 0.500000 0.285425 0.015576 0.052632
0 0.134735 0.548583 0.024922 0.060729
0 0.251558 0.334008 0.071651 0.190283
