1 0.396417 0.759109 0.007788 0.020243
1 0.250000 0.726721 0.038941 0.109312
1 0.716511 0.923077 0.040498 0.080972
1 0.656542 0.273279 0.023364 0.068826
1 0.951713 0.228745 0.015576 0.060729
1 0.080997 0.722672 0.052960 0.190283
0 0.466511 0.730769 0.009346 0.036437
1 0.373053 0.597166 0.015576 0.036437
1 0.542835 0.423077 0.043614 0.101215
1 0.274143 0.518219 0.029595 0.076923
1 0.705607 0.222672 0.017134 0.097166
1 0.119159 0.574899 0.038941 0.089069
1 0.200156 0.512146 0.045171 0.133603
1 0.853583 0.836032 0.020249 0.060729
1 0.499221 0.161943 0.046729 0.072874
1 0.268692 0.356275 0.014019 0.024291
0 0.550623 0.732794 0.029595 0.048583
1 0.738318 0.661943 0.012461 0.036437
1 0.341121 0.208502 0.034268 0.068826
0 0.515576 0.246964 0.052960 0.174089
1 0.592679 0.532389 0.059190 0.198381
1 0.521807 0.763158 0.035826 0.101215
1 0.200156 0.643725 0.079439 0.218623
1 0.433022 0.244939 0.046729 0.125506
1 0.750000 0.641700 0.012461 0.032389
0 0.249221 0.576923 0.040498 0.097166
0 0.338006 0.352227 0.020249 0.040486
0 0.394081 0.425101 0.065421 0.157895
1 0.883178 0.568826 0.082555 0.198381
0 0.699377 0.313765 0.020249 0.060729
1 0.486760 0.591093 0.015576 0.048583
1 0.163551 0.297571 0.024922 0.028340
1 0.728972 0.208502 0.007788 0.028340
0 0.608255 0.323887 0.020249 0.056680
1 0.636293 0.425101 0.046729 0.117409
0 0.179907 0.856275 0.023364 0.072874
1 0.650312 0.576923 0.029595 0.060729
1 0.777259 0.670040 0.010903 0.052632
1 0.599688 0.184211 0.018692 0.085020
1 0.408100 0.748988 0.018692 0.072874
1 0.112150 0.222672 0.020249 0.068826
0 0.853583 0.248988 0.020249 0.056680
1 0.665109 0.516194 0.028037 0.109312
1 0.306854 0.807692 0.031153 0.093117
1 0.174455 0.180162 0.037383 0.089069
1 0.598131 0.904858 0.045171 0.129555
0 0.374611 0.336032 0.034268 0.076923
1 0.414330 0.827935 0.023364 0.060729
1 0.403427 0.251012 0.006231 0.016194
1 0.140966 0.676113 0.040498 0.133603
1 0.251558 0.366397 0.032710 0.085020
0 0.876947 0.906883 0.021807 0.080972
1 0.838785 0.329960 0.007788 0.032389
1 0.713396 0.712551 0.012461 0.040486
