0 0.070093 0.923077 0.020249 0.056680
1 0.590343 0.576923 0.035826 0.113360
0 0.828660 0.890688 0.054517 0.133603
1 0.774143 0.688259 0.015576 0.036437
1 0.369159 0.582996 0.029595 0.089069
1 0.872274 0.141700 0.020249 0.032389
0 0.093458 0.362348 0.029595 0.068826
0 0.415888 0.427126 0.042056 0.097166
1 0.910436 0.732794 0.076324 0.198381
1 0.475078 0.603239 0.080997 0.210526
1 0.889408 0.402834 0.046729 0.186235
0 0.256231 0.248988 0.076324 0.279352
1 0.440810 0.910931 0.040498 0.056680
1 0.644860 0.661943 0.040498 0.109312
0 0.233645 0.504049 0.012461 0.044534
1 0.541277 0.287449 0.051402 0.117409
1 0.730530 0.398785 0.009346 0.044534
1 0.088006 0.524291 0.023364 0.093117
1 0.144860 0.263158 0.068536 0.117409
1 0.694704 0.315789 0.017134 0.052632
1 0.083333 0.773279 0.057632 0.137652
0 0.674455 0.706478 0.031153 0.080972
1 0.898754 0.153846 0.024922 0.085020
1 0.373053 0.923077 0.038941 0.105263
1 0.616822 0.435223 0.054517 0.129555
1 0.872274 0.340081 0.026480 0.048583
1 0.617601 0.346154 0.037383 0.109312
0 0.637072 0.530364 0.018692 0.048583
1 0.161994 0.607287 0.037383 0.153846
0 0.144081 0.898785 0.010903 0.028340
0 0.706386 0.692308 0.014019 0.048583
1 0.245327 0.797571 0.026480 0.093117
1 0.348131 0.722672 0.056075 0.153846
1 0.919782 0.325911 0.037383 0.141700
1 0.814642 0.378543 0.028037 0.080972
1 0.725078 0.716599 0.038941 0.064777
0 0.797508 0.562753 0.035826 0.064777
0 0.137072 0.751012 0.017134 0.060729
1 0.373053 0.815789 0.066978 0.206478
0 0.309969 0.398785 0.012461 0.068826
0 0.573209 0.655870 0.021807 0.064777
1 0.805296 0.714575 0.012461 0.044534
1 0.727414 0.923077 0.028037 0.052632
1 0.554517 0.364372 0.057632 0.105263
0 0.383956 0.487854 0.048287 0.121457
0 0.431464 0.580972 0.021807 0.044534
0 0.540498 0.668016 0.038941 0.125506
1 0.261682 0.556680 0.028037 0.085020
1 0.520249 0.190283 0.012461 0.036437
1 0.139408 0.313765 0.032710 0.145749
