1 0.343458 0.427126 0.102804 0.206478
0 0.084891 0.708502 0.017134 0.052632
1 0.156542 0.283401 0.084112 0.182186
0 0.797508 0.582996 0.098131 0.226721
1 0.245327 0.544534 0.023364 0.060729
1 0.757009 0.779352 0.082555 0.178138
1 0.169782 0.414980 0.063863 0.161943
1 0.630062 0.631579 0.014019 0.044534
0 0.454050 0.554656 0.010903 0.024291
0 0.546729 0.761134 0.015576 0.024291
1 0.461838 0.305668 0.020249 0.036437
1 0.728972 0.283401 0.048287 0.125506
0 0.417445 0.562753 0.045171 0.093117
1 0.225078 0.746964 0.056075 0.182186
1 0.285047 0.757085 0.037383 0.085020
1 0.858255 0.674089 0.090343 0.182186
1 0.240654 0.157895 0.029595 0.052632
0 0.107477 0.255061 0.059190 0.137652
1 0.895639 0.809717 0.049844 0.137652
0 0.780374 0.872470 0.028037 0.089069
0 0.918224 0.718623 0.043614 0.080972
1 0.515576 0.206478 0.009346 0.020243
1 0.496106 0.637652 0.018692 0.064777
0 0.693146 0.550607 0.035826 0.097166
1 0.208723 0.161943 0.024922 0.072874
0 0.387072 0.904858 0.049844 0.157895
0 0.915109 0.107287 0.009346 0.028340
0 0.574766 0.372470 0.065421 0.230769
1 0.194704 0.113360 0.012461 0.028340
1 0.555296 0.196356 0.017134 0.044534
1 0.642523 0.722672 0.021807 0.056680
1 0.622274 0.554656 0.014019 0.032389
0 0.648754 0.599190 0.034268 0.056680
1 0.895639 0.412955 0.026480 0.056680
1 0.105919 0.540486 0.007788 0.028340
1 0.837227 0.487854 0.049844 0.105263
0 0.278816 0.289474 0.006231 0.028340
0 0.327882 0.165992 0.018692 0.040486
1 0.394081 0.257085 0.014019 0.048583
0 0.344237 0.674089 0.023364 0.076923
0 0.542056 0.834008 0.032710 0.113360
1 0.584112 0.755061 0.042056 0.085020
0 0.787383 0.147773 0.021807 0.068826
0 0.139408 0.147773 0.020249 0.056680
1 0.820093 0.305668 0.038941 0.089069
0 0.725078 0.431174 0.090343 0.251012
0 0.233645 0.467611 0.049844 0.109312
0 0.378505 0.238866 0.024922 0.068826
1 0.763240 0.309717 0.056075 0.202429
1 0.915888 0.898785 0.042056 0.080972
1 0.652648 0.279352 0.012461 0.032389
1 0.492212 0.180162 0.032710 0.068826
