1 0.555296 0.775304 0.037383 0.101215
0 0.140187 0.244939 0.046729 0.153846
1 0.252336 0.625506 0.046729 0.093117
1 0.686137 0.194332 0.034268 0.137652
0 0.156542 0.380567 0.029595 0.129555
1 0.077103 0.734818 0.051402 0.109312
1 0.766355 0.465587 0.098131 0.234818
1 0.579439 0.568826 0.065421 0.093117
0 0.852025 0.522267 0.028037 0.093117
1 0.267913 0.643725 0.032710 0.068826
0 0.111371 0.506073 0.010903 0.032389
1 0.419003 0.943320 0.029595 0.064777
1 0.250000 0.876518 0.032710 0.113360
1 0.713396 0.123482 0.020249 0.036437
1 0.131620 0.338057 0.024922 0.052632
1 0.610592 0.633603 0.063863 0.202429
0 0.239875 0.506073 0.012461 0.032389
0 0.428349 0.451417 0.035826 0.097166
0 0.785826 0.133603 0.010903 0.024291
0 0.171340 0.872470 0.031153 0.052632
1 0.750779 0.295547 0.035826 0.097166
1 0.477414 0.202429 0.049844 0.133603
1 0.654984 0.419028 0.028037 0.064777
0 0.720405 0.321862 0.007788 0.020243
0 0.615265 0.372470 0.012461 0.056680
0 0.244548 0.135628 0.026480 0.076923
1 0.558411 0.902834 0.021807 0.076923
0 0.660436 0.568826 0.006231 0.012146
0 0.757788 0.844130 0.065421 0.178138
1 0.919003 0.868421 0.037383 0.190283
1 0.608255 0.933198 0.028037 0.064777
1 0.450935 0.730769 0.048287 0.186235
1 0.080218 0.226721 0.010903 0.032389
0 0.428349 0.751012 0.023364 0.056680
1 0.373053 0.366397 0.023364 0.064777
0 0.630841 0.234818 0.006231 0.016194
1 0.737539 0.910931 0.048287 0.137652
1 0.305296 0.829960 0.037383 0.064777
1 0.316978 0.542510 0.014019 0.040486
0 0.700935 0.293522 0.009346 0.028340
1 0.612928 0.540486 0.068536 0.194332
0 0.739097 0.706478 0.051402 0.113360
1 0.242991 0.809717 0.045171 0.101215
0 0.564642 0.338057 0.079439 0.214575
0 0.411994 0.785425 0.020249 0.048583
0 0.184579 0.746964 0.093458 0.246964
0 0.834891 0.919028 0.042056 0.109312
0 0.197819 0.344130 0.059190 0.121457
1 0.872274 0.576923 0.028037 0.052632
0 0.413551 0.311741 0.014019 0.036437
1 0.159657 0.520243 0.040498 0.085020
1 0.179128 0.514170 0.028037 0.080972
