1 0.528816 0.558704 0.024922 0.085020
1 0.639408 0.665992 0.004673 0.012146
1 0.686916 0.455466 0.031153 0.060729
0 0.413551 0.894737 0.010903 0.024291
0 0.520249 0.708502 0.115265 0.295547
0 0.642523 0.532389 0.014019 0.052632
0 0.083333 0.289474 0.035826 0.133603
0 0.552960 0.380567 0.059190 0.174089
0 0.193925 0.732794 0.014019 0.040486
1 0.270249 0.346154 0.118380 0.267206
1 0.169003 0.176113 0.029595 0.076923
1 0.728972 0.457490 0.049844 0.178138
0 0.369938 0.570850 0.042056 0.109312
1 0.902648 0.358300 0.009346 0.020243
1 0.271807 0.829960 0.037383 0.085020
0 0.247664 0.809717 0.026480 0.089069
1 0.644860 0.763158 0.012461 0.028340
1 0.439252 0.362348 0.026480 0.060729
1 0.789720 0.929150 0.023364 0.032389
0 0.442368 0.757085 0.023364 0.060729
1 0.826324 0.700405 0.060748 0.121457
0 0.877726 0.914980 0.038941 0.056680
1 0.573988 0.815789 0.062305 0.157895
1 0.133178 0.423077 0.026480 0.076923
0 0.883956 0.566802 0.006231 0.016194
1 0.119159 0.170040 0.014019 0.064777
1 0.611371 0.773279 0.020249 0.048583
1 0.179128 0.362348 0.018692 0.052632
0 0.128505 0.738866 0.065421 0.165992
0 0.452492 0.384615 0.020249 0.064777
1 0.376947 0.491903 0.014019 0.036437
0 0.638629 0.979757 0.012461 0.020243
0 0.838785 0.479757 0.009346 0.032389
1 0.354361 0.370445 0.071651 0.165992
