1 0.063863 0.277328 0.024922 0.068826
0 0.677570 0.789474 0.056075 0.194332
1 0.069315 0.726721 0.021807 0.040486
1 0.269470 0.242915 0.009346 0.028340
1 0.370717 0.281377 0.062305 0.153846
0 0.585670 0.236842 0.006231 0.020243
0 0.735202 0.925101 0.034268 0.101215
1 0.320093 0.615385 0.021807 0.048583
1 0.592679 0.340081 0.057632 0.109312
0 0.711838 0.534413 0.031153 0.072874
0 0.130062 0.354251 0.057632 0.275304
1 0.883178 0.125506 0.006231 0.016194
1 0.500779 0.372470 0.020249 0.064777
1 0.288162 0.208502 0.009346 0.028340
1 0.889408 0.214575 0.021807 0.056680
1 0.863707 0.520243 0.037383 0.093117
1 0.263240 0.572874 0.042056 0.109312
1 0.468069 0.635628 0.020249 0.048583
1 0.815421 0.706478 0.014019 0.040486
0 0.479751 0.771255 0.012461 0.048583
1 0.278037 0.943320 0.007788 0.024291
1 0.929907 0.781377 0.032710 0.105263
0 0.344237 0.180162 0.009346 0.028340
1 0.462617 0.576923 0.042056 0.105263
0 0.071651 0.202429 0.012461 0.040486
0 0.666667 0.214575 0.012461 0.064777
0 0.156542 0.941296 0.014019 0.032389
1 0.447040 0.819838 0.024922 0.072874
0 0.242212 0.698381 0.010903 0.024291
0 0.549065 0.690283 0.024922 0.044534
1 0.936137 0.929150 0.021807 0.056680
1 0.445483 0.904858 0.062305 0.141700
1 0.166667 0.852227 0.009346 0.020243
1 0.512461 0.690283 0.023364 0.052632
0 0.661215 0.491903 0.070093 0.246964
0 0.279595 0.540486 0.018692 0.076923
1 0.297508 0.493927 0.043614 0.089069
1 0.612928 0.299595 0.029595 0.089069
1 0.570872 0.396761 0.023364 0.072874
1 0.152648 0.514170 0.034268 0.085020
0 0.768692 0.352227 0.023364 0.056680
1 0.722741 0.263158 0.024922 0.089069
0 0.326324 0.900810 0.045171 0.101215
1 0.428349 0.597166 0.035826 0.080972
1 0.295171 0.267206 0.021807 0.064777
1 0.786604 0.900810 0.029595 0.068826
1 0.870717 0.285425 0.006231 0.012146
1 0.852025 0.129555 0.018692 0.064777
0 0.618380 0.182186 0.012461 0.048583
1 0.671340 0.165992 0.023364 0.056680
1 0.191589 0.775304 0.043614 0.105263
1 0.172897 0.528340 0.023364 0.064777
1 0.926791 0.376518 0.032710 0.064777
1 0.937695 0.880567 0.042056 0.056680
1 0.719626 0.115385 0.009346 0.028340
1 0.792835 0.358300 0.021807 0.089069
1 0.771807 0.558704 0.038941 0.097166
