0 0.133178 0.939271 0.020249 0.048583
0 0.373832 0.396761 0.029595 0.085020
0 0.601246 0.706478 0.006231 0.020243
1 0.492212 0.439271 0.021807 0.040486
1 0.678349 0.744939 0.090343 0.210526
0 0.857477 0.277328 0.074766 0.210526
1 0.890187 0.506073 0.012461 0.044534
1 0.797508 0.704453 0.010903 0.036437
0 0.153427 0.534413 0.007788 0.028340
1 0.640187 0.629555 0.024922 0.105263
1 0.319315 0.168016 0.046729 0.093117
1 0.738318 0.163968 0.006231 0.020243
1 0.275701 0.305668 0.063863 0.165992
1 0.623832 0.688259 0.026480 0.072874
1 0.070093 0.712551 0.049844 0.157895
1 0.382399 0.455466 0.020249 0.060729
0 0.429907 0.874494 0.068536 0.190283
1 0.665109 0.609312 0.012461 0.036437
1 0.260125 0.514170 0.051402 0.153846
1 0.532710 0.690283 0.028037 0.076923
0 0.572430 0.271255 0.079439 0.230769
0 0.323209 0.763158 0.031153 0.068826
1 0.288162 0.153846 0.018692 0.044534
1 0.210280 0.261134 0.029595 0.052632
1 0.682243 0.530364 0.009346 0.020243
0 0.890187 0.874494 0.023364 0.072874
0 0.759346 0.607287 0.021807 0.056680
1 0.488318 0.520243 0.028037 0.089069
1 0.160436 0.358300 0.028037 0.093117
0 0.369938 0.621457 0.052960 0.141700
1 0.398754 0.898785 0.065421 0.121457
0 0.109034 0.293522 0.015576 0.040486
