1 0.299844 0.382591 0.023364 0.052632
0 0.335670 0.896761 0.038941 0.105263
1 0.880062 0.340081 0.034268 0.072874
1 0.491433 0.123482 0.007788 0.028340
1 0.124611 0.827935 0.062305 0.190283
0 0.620717 0.190283 0.004673 0.012146
1 0.277259 0.504049 0.015576 0.064777
1 0.689252 0.562753 0.073209 0.271255
1 0.383956 0.651822 0.024922 0.056680
1 0.176791 0.196356 0.018692 0.064777
1 0.543614 0.161943 0.010903 0.024291
1 0.215732 0.692308 0.023364 0.064777
0 0.112150 0.200405 0.037383 0.068826
1 0.526480 0.283401 0.035826 0.080972
0 0.410436 0.259109 0.024922 0.068826
0 0.376168 0.878543 0.051402 0.097166
1 0.199377 0.317814 0.024922 0.040486
1 0.451713 0.587045 0.020249 0.064777
1 0.345016 0.202429 0.045171 0.068826
1 0.408879 0.396761 0.091900 0.190283
1 0.481308 0.910931 0.024922 0.068826
0 0.762461 0.908907 0.017134 0.040486
0 0.770249 0.682186 0.049844 0.133603
1 0.095016 0.558704 0.046729 0.085020
1 0.346573 0.425101 0.051402 0.133603
0 0.675234 0.864372 0.015576 0.048583
0 0.093458 0.661943 0.009346 0.016194
1 0.933022 0.360324 0.006231 0.016194
0 0.051402 0.139676 0.018692 0.052632
0 0.295171 0.246964 0.062305 0.121457
0 0.744548 0.265182 0.046729 0.117409
0 0.708723 0.301619 0.037383 0.089069
0 0.071651 0.860324 0.031153 0.060729
1 0.295950 0.793522 0.020249 0.040486
0 0.060748 0.720648 0.049844 0.117409
0 0.813863 0.929150 0.026480 0.060729
