1 0.529595 0.495951 0.034268 0.101215
1 0.046729 0.858300 0.014019 0.052632
1 0.226636 0.151822 0.029595 0.097166
0 0.200935 0.663968 0.026480 0.089069
1 0.919003 0.135628 0.021807 0.048583
1 0.679907 0.273279 0.048287 0.125506
0 0.528037 0.544534 0.038941 0.113360
0 0.661215 0.933198 0.014019 0.085020
0 0.566199 0.902834 0.017134 0.048583
0 0.855140 0.212551 0.021807 0.056680
1 0.056854 0.923077 0.023364 0.032389
0 0.676012 0.668016 0.082555 0.222672
0 0.151869 0.443320 0.023364 0.060729
1 0.805296 0.155870 0.017134 0.052632
1 0.802960 0.888664 0.021807 0.056680
0 0.278037 0.202429 0.068536 0.174089
0 0.387850 0.746964 0.014019 0.036437
1 0.834112 0.548583 0.042056 0.093117
0 0.135514 0.269231 0.051402 0.117409
1 0.691589 0.388664 0.006231 0.016194
1 0.176012 0.700405 0.021807 0.056680
0 0.102025 0.540486 0.088785 0.246964
1 0.569315 0.663968 0.068536 0.165992
1 0.380062 0.605263 0.015576 0.052632
0 0.311526 0.542510 0.042056 0.097166
1 0.822430 0.892713 0.035826 0.101215
0 0.528037 0.827935 0.026480 0.072874
1 0.640187 0.696356 0.087227 0.145749
1 0.392523 0.425101 0.024922 0.048583
1 0.373832 0.388664 0.040498 0.109312
0 0.639408 0.967611 0.015576 0.048583
0 0.413551 0.220648 0.034268 0.113360
1 0.305296 0.844130 0.048287 0.080972
1 0.440810 0.538462 0.018692 0.080972
1 0.202492 0.526316 0.010903 0.032389
1 0.349688 0.793522 0.031153 0.093117
1 0.149533 0.202429 0.059190 0.133603
