0 0.343458 0.368421 0.054517 0.101215
1 0.850467 0.267206 0.038941 0.121457
1 0.202492 0.362348 0.046729 0.101215
1 0.723520 0.384615 0.085670 0.202429
1 0.637850 0.670040 0.029595 0.085020
0 0.618380 0.615385 0.048287 0.113360
0 0.742991 0.898785 0.037383 0.105263
1 0.091900 0.186235 0.031153 0.068826
1 0.744548 0.299595 0.065421 0.157895
1 0.144860 0.184211 0.034268 0.101215
1 0.816199 0.801619 0.052960 0.214575
1 0.534268 0.870445 0.085670 0.178138
1 0.621495 0.455466 0.032710 0.109312
1 0.901090 0.540486 0.020249 0.040486
1 0.632399 0.238866 0.018692 0.028340
1 0.904984 0.751012 0.006231 0.012146
1 0.071651 0.852227 0.018692 0.048583
0 0.256231 0.945344 0.009346 0.028340
0 0.767134 0.811741 0.042056 0.101215
1 0.341121 0.781377 0.007788 0.020243
1 0.101246 0.619433 0.021807 0.048583
0 0.806075 0.338057 0.018692 0.040486
1 0.258567 0.287449 0.020249 0.068826
1 0.452492 0.309717 0.017134 0.044534
0 0.780374 0.647773 0.046729 0.117409
0 0.764019 0.206478 0.068536 0.109312
0 0.133956 0.894737 0.065421 0.153846
1 0.267913 0.485830 0.040498 0.089069
0 0.404206 0.585020 0.028037 0.080972
1 0.683022 0.700405 0.014019 0.048583
1 0.088785 0.342105 0.015576 0.044534
0 0.229751 0.214575 0.035826 0.097166
1 0.489097 0.582996 0.024922 0.072874
0 0.809190 0.147773 0.010903 0.012146
1 0.075545 0.714575 0.024922 0.068826
1 0.930685 0.540486 0.040498 0.064777
1 0.349688 0.510121 0.026480 0.056680
0 0.579439 0.623482 0.031153 0.089069
