1 0.183022 0.232794 0.029595 0.080972
1 0.302181 0.838057 0.017134 0.056680
0 0.668224 0.159919 0.042056 0.109312
0 0.264019 0.437247 0.068536 0.141700
0 0.772586 0.797571 0.021807 0.040486
1 0.245327 0.868421 0.034268 0.080972
1 0.115265 0.550607 0.014019 0.085020
0 0.781931 0.133603 0.012461 0.044534
0 0.661994 0.506073 0.015576 0.056680
0 0.577103 0.821862 0.038941 0.105263
1 0.913551 0.827935 0.023364 0.068826
1 0.528816 0.892713 0.023364 0.052632
0 0.593458 0.301619 0.043614 0.129555
1 0.141745 0.672065 0.040498 0.052632
0 0.340343 0.854251 0.020249 0.040486
1 0.744548 0.429150 0.035826 0.068826
0 0.726636 0.145749 0.040498 0.093117
0 0.762461 0.637652 0.020249 0.044534
1 0.555296 0.548583 0.046729 0.080972
1 0.899533 0.682186 0.032710 0.117409
1 0.504673 0.657895 0.034268 0.101215
1 0.785047 0.556680 0.026480 0.093117
0 0.723520 0.437247 0.045171 0.105263
1 0.514798 0.489879 0.017134 0.040486
1 0.307632 0.481781 0.034268 0.072874
1 0.800623 0.362348 0.026480 0.060729
1 0.794393 0.777328 0.043614 0.072874
1 0.451713 0.500000 0.034268 0.097166
0 0.355140 0.178138 0.056075 0.121457
0 0.874611 0.186235 0.015576 0.044534
1 0.848131 0.194332 0.028037 0.048583
0 0.097352 0.263158 0.017134 0.040486
0 0.842679 0.825911 0.065421 0.194332
1 0.271028 0.313765 0.057632 0.202429
1 0.123832 0.917004 0.015576 0.028340
1 0.608255 0.900810 0.032710 0.080972
0 0.936137 0.380567 0.010903 0.028340
0 0.812305 0.295547 0.048287 0.113360
1 0.146417 0.487854 0.048287 0.137652
0 0.213396 0.894737 0.020249 0.044534
1 0.932243 0.504049 0.024922 0.076923
1 0.753894 0.947368 0.012461 0.032389
1 0.472741 0.842105 0.021807 0.056680
1 0.225857 0.732794 0.009346 0.028340
0 0.239875 0.186235 0.006231 0.016194
