0 0.625389 0.801619 0.007788 0.016194
1 0.399533 0.165992 0.028037 0.093117
1 0.714953 0.554656 0.042056 0.149798
1 0.362928 0.180162 0.014019 0.036437
0 0.515576 0.661943 0.024922 0.044534
1 0.841121 0.234818 0.063863 0.210526
0 0.563084 0.552632 0.051402 0.117409
1 0.128505 0.382591 0.043614 0.089069
1 0.190810 0.621457 0.034268 0.097166
1 0.610592 0.949393 0.029595 0.076923
1 0.352804 0.471660 0.010903 0.036437
1 0.723520 0.706478 0.018692 0.072874
0 0.564642 0.670040 0.021807 0.052632
0 0.573209 0.795547 0.017134 0.036437
1 0.464174 0.437247 0.038941 0.101215
0 0.813084 0.955466 0.009346 0.032389
1 0.633956 0.570850 0.071651 0.109312
0 0.899533 0.483806 0.017134 0.036437
1 0.856698 0.564777 0.015576 0.036437
1 0.475078 0.912955 0.043614 0.105263
0 0.742212 0.325911 0.014019 0.044534
1 0.707944 0.912955 0.060748 0.060729
1 0.093458 0.682186 0.049844 0.093117
1 0.651090 0.834008 0.026480 0.060729
0 0.338006 0.831984 0.024922 0.056680
0 0.208723 0.593117 0.021807 0.036437
1 0.238318 0.700405 0.062305 0.178138
1 0.468069 0.696356 0.040498 0.149798
1 0.159657 0.617409 0.018692 0.040486
1 0.300623 0.953441 0.015576 0.052632
1 0.675234 0.629555 0.051402 0.129555
1 0.612928 0.643725 0.037383 0.105263
1 0.175234 0.611336 0.024922 0.085020
1 0.088785 0.414980 0.043614 0.080972
1 0.051402 0.465587 0.023364 0.072874
0 0.591900 0.538462 0.015576 0.060729
0 0.349688 0.935223 0.032710 0.085020
1 0.887850 0.641700 0.052960 0.145749
0 0.871495 0.554656 0.020249 0.064777
1 0.556075 0.153846 0.014019 0.040486
1 0.707165 0.451417 0.037383 0.105263
1 0.223520 0.518219 0.038941 0.093117
1 0.313863 0.348178 0.007788 0.024291
0 0.423676 0.562753 0.018692 0.036437
1 0.744548 0.184211 0.043614 0.117409
1 0.507788 0.700405 0.015576 0.040486
1 0.320093 0.892713 0.014019 0.056680
0 0.184579 0.159919 0.042056 0.117409
1 0.901090 0.979757 0.007788 0.024291
1 0.442368 0.742915 0.054517 0.174089
1 0.907321 0.874494 0.052960 0.157895
