0 0.433022 0.542510 0.037383 0.085020
1 0.197819 0.560729 0.040498 0.117409
0 0.242991 0.483806 0.037383 0.080972
1 0.268692 0.303644 0.026480 0.056680
0 0.785826 0.870445 0.068536 0.202429
0 0.258567 0.631579 0.015576 0.040486
1 0.296729 0.378543 0.045171 0.097166
1 0.214953 0.831984 0.012461 0.020243
1 0.682243 0.633603 0.043614 0.137652
1 0.771807 0.342105 0.035826 0.068826
0 0.623832 0.619433 0.017134 0.032389
1 0.088785 0.882591 0.068536 0.153846
1 0.457165 0.277328 0.032710 0.085020
0 0.885514 0.882591 0.066978 0.165992
0 0.126168 0.188259 0.014019 0.068826
1 0.922897 0.439271 0.014019 0.028340
0 0.925234 0.497976 0.009346 0.024291
1 0.408100 0.544534 0.035826 0.052632
1 0.675234 0.817814 0.017134 0.036437
1 0.635514 0.412955 0.068536 0.190283
0 0.531931 0.206478 0.023364 0.060729
0 0.583333 0.479757 0.043614 0.101215
1 0.065421 0.510121 0.032710 0.097166
0 0.903427 0.125506 0.007788 0.024291
1 0.707944 0.742915 0.028037 0.113360
1 0.166667 0.528340 0.043614 0.105263
1 0.120717 0.544534 0.014019 0.064777
0 0.876947 0.348178 0.068536 0.182186
0 0.637072 0.795547 0.051402 0.121457
1 0.461838 0.186235 0.021807 0.068826
1 0.246885 0.285425 0.014019 0.032389
0 0.230530 0.374494 0.031153 0.068826
1 0.892523 0.789474 0.028037 0.036437
0 0.090343 0.425101 0.051402 0.125506
1 0.352804 0.273279 0.029595 0.097166
0 0.189252 0.872470 0.035826 0.109312
0 0.304517 0.740891 0.014019 0.036437
1 0.747664 0.382591 0.031153 0.097166
1 0.933022 0.890688 0.024922 0.072874
1 0.078660 0.216599 0.031153 0.052632
1 0.811526 0.540486 0.026480 0.076923
1 0.876168 0.738866 0.042056 0.109312
