1 0.779595 0.651822 0.020249 0.060729
1 0.669003 0.228745 0.068536 0.149798
0 0.774143 0.981781 0.009346 0.024291
0 0.360592 0.425101 0.091900 0.194332
1 0.596573 0.265182 0.066978 0.202429
0 0.253115 0.477733 0.010903 0.032389
0 0.562305 0.538462 0.043614 0.085020
1 0.212617 0.135628 0.023364 0.072874
0 0.227414 0.421053 0.017134 0.064777
1 0.552960 0.838057 0.017134 0.080972
1 0.627726 0.777328 0.009346 0.024291
1 0.653427 0.465587 0.062305 0.218623
1 0.436137 0.785425 0.024922 0.060729
0 0.918224 0.568826 0.043614 0.133603
0 0.739875 0.718623 0.042056 0.093117
0 0.193146 0.348178 0.020249 0.056680
0 0.419782 0.323887 0.079439 0.153846
1 0.848910 0.834008 0.042056 0.085020
1 0.554517 0.364372 0.056075 0.125506
1 0.419782 0.520243 0.035826 0.056680
1 0.417445 0.633603 0.023364 0.040486
1 0.727414 0.793522 0.029595 0.048583
1 0.352804 0.836032 0.034268 0.089069
1 0.079439 0.528340 0.032710 0.068826
1 0.885514 0.273279 0.054517 0.109312
1 0.434579 0.621457 0.040498 0.068826
0 0.262461 0.192308 0.023364 0.048583
1 0.522586 0.520243 0.032710 0.076923
1 0.810748 0.475709 0.052960 0.105263
1 0.798287 0.204453 0.074766 0.161943
1 0.243769 0.902834 0.026480 0.080972
1 0.843458 0.493927 0.040498 0.105263
0 0.304517 0.597166 0.060748 0.093117
1 0.068536 0.232794 0.037383 0.133603
1 0.211838 0.906883 0.024922 0.032389
1 0.349688 0.206478 0.054517 0.145749
0 0.598910 0.528340 0.070093 0.149798
1 0.902648 0.157895 0.026480 0.056680
1 0.499221 0.261134 0.032710 0.068826
0 0.470405 0.159919 0.010903 0.036437
1 0.904984 0.672065 0.015576 0.032389
1 0.200156 0.892713 0.014019 0.028340
0 0.651869 0.726721 0.026480 0.060729
0 0.252336 0.289474 0.031153 0.105263
0 0.139408 0.925101 0.004673 0.012146
0 0.578660 0.882591 0.048287 0.105263
0 0.734424 0.597166 0.045171 0.072874
1 0.229751 0.334008 0.037383 0.085020
