1 0.689252 0.781377 0.020249 0.068826
0 0.893302 0.682186 0.040498 0.085020
1 0.300623 0.619433 0.049844 0.101215
1 0.729751 0.394737 0.023364 0.080972
1 0.464953 0.546559 0.070093 0.226721
1 0.534268 0.435223 0.037383 0.089069
0 0.676791 0.208502 0.007788 0.020243
0 0.828660 0.631579 0.046729 0.109312
1 0.171340 0.775304 0.020249 0.052632
1 0.518692 0.872470 0.020249 0.052632
1 0.109813 0.682186 0.096573 0.242915
1 0.829439 0.220648 0.048287 0.170040
1 0.538941 0.228745 0.014019 0.036437
1 0.514019 0.726721 0.017134 0.064777
1 0.584891 0.263158 0.048287 0.149798
1 0.383956 0.886640 0.010903 0.024291
1 0.444704 0.176113 0.023364 0.052632
1 0.514019 0.692308 0.028037 0.060729
1 0.909657 0.791498 0.015576 0.044534
0 0.866044 0.311741 0.035826 0.101215
1 0.795171 0.441296 0.040498 0.109312
1 0.654206 0.846154 0.063863 0.121457
1 0.067757 0.394737 0.012461 0.068826
1 0.821651 0.878543 0.034268 0.089069
0 0.495327 0.151822 0.023364 0.052632
0 0.629283 0.740891 0.003115 0.020243
1 0.116822 0.872470 0.045171 0.137652
1 0.944704 0.198381 0.014019 0.040486
1 0.351246 0.303644 0.051402 0.145749
1 0.172118 0.599190 0.048287 0.097166
1 0.661994 0.356275 0.015576 0.032389
1 0.787383 0.174089 0.029595 0.064777
0 0.218069 0.281377 0.015576 0.052632
0 0.951713 0.461538 0.012461 0.040486
0 0.098131 0.406883 0.034268 0.076923
0 0.374611 0.342105 0.071651 0.194332
0 0.623053 0.459514 0.029595 0.052632
1 0.478193 0.303644 0.012461 0.020243
1 0.928349 0.200405 0.009346 0.020243
1 0.482866 0.408907 0.014019 0.040486
1 0.578660 0.109312 0.010903 0.024291
0 0.415888 0.356275 0.012461 0.032389
1 0.766355 0.641700 0.045171 0.125506
1 0.156542 0.425101 0.014019 0.044534
1 0.292835 0.412955 0.048287 0.141700
1 0.781153 0.309717 0.037383 0.093117
0 0.518692 0.807692 0.028037 0.052632
1 0.545171 0.882591 0.015576 0.024291
1 0.297508 0.303644 0.028037 0.093117
1 0.158879 0.271255 0.024922 0.072874
0 0.871495 0.520243 0.029595 0.085020
