1 0.413551 0.433198 0.054517 0.125506
1 0.798287 0.269231 0.014019 0.028340
0 0.876947 0.202429 0.038941 0.117409
0 0.176791 0.514170 0.043614 0.117409
1 0.279595 0.562753 0.038941 0.089069
1 0.580997 0.200405 0.045171 0.161943
1 0.112928 0.556680 0.020249 0.044534
0 0.278037 0.493927 0.028037 0.064777
0 0.632399 0.821862 0.045171 0.145749
1 0.682243 0.394737 0.009346 0.028340
1 0.646417 0.645749 0.040498 0.101215
0 0.882399 0.876518 0.056075 0.121457
1 0.075545 0.125506 0.018692 0.064777
1 0.171340 0.714575 0.077882 0.165992
0 0.726636 0.378543 0.017134 0.044534
1 0.195483 0.536437 0.032710 0.085020
0 0.591900 0.396761 0.017134 0.040486
1 0.214174 0.246964 0.021807 0.040486
0 0.496885 0.783401 0.015576 0.036437
1 0.940031 0.382591 0.010903 0.028340
0 0.897196 0.813765 0.024922 0.089069
1 0.915888 0.384615 0.031153 0.048583
1 0.114486 0.896761 0.038941 0.093117
0 0.129283 0.736842 0.054517 0.198381
1 0.618380 0.923077 0.009346 0.016194
0 0.854361 0.388664 0.037383 0.101215
1 0.257788 0.898785 0.015576 0.032389
0 0.670561 0.694332 0.037383 0.080972
1 0.630062 0.386640 0.024922 0.068826
0 0.585670 0.350202 0.023364 0.044534
1 0.698598 0.182186 0.066978 0.137652
1 0.444704 0.522267 0.065421 0.186235
1 0.794393 0.429150 0.024922 0.085020
1 0.433801 0.746964 0.080997 0.275304
0 0.198598 0.898785 0.042056 0.125506
1 0.802181 0.789474 0.113707 0.287449
0 0.449377 0.291498 0.037383 0.076923
1 0.121495 0.311741 0.037383 0.105263
1 0.723520 0.850202 0.037383 0.089069
1 0.738318 0.921053 0.040498 0.093117
1 0.210280 0.305668 0.007788 0.020243
1 0.360592 0.896761 0.021807 0.060729
1 0.444704 0.151822 0.026480 0.068826
0 0.847352 0.281377 0.014019 0.044534
0 0.718069 0.649798 0.018692 0.068826
0 0.559969 0.882591 0.046729 0.117409
0 0.818536 0.172065 0.028037 0.113360
1 0.429907 0.362348 0.051402 0.093117
1 0.070872 0.589069 0.038941 0.076923
0 0.520249 0.180162 0.037383 0.060729
1 0.378505 0.287449 0.023364 0.048583
1 0.658879 0.520243 0.012461 0.036437
0 0.216511 0.834008 0.046729 0.170040
0 0.489875 0.354251 0.049844 0.125506
0 0.345794 0.862348 0.028037 0.076923
1 0.338785 0.576923 0.057632 0.149798
