1 0.621495 0.860324 0.015576 0.036437
1 0.143302 0.362348 0.042056 0.089069
1 0.536604 0.882591 0.007788 0.016194
0 0.496885 0.382591 0.023364 0.068826
0 0.178349 0.779352 0.020249 0.040486
1 0.390187 0.244939 0.048287 0.097166
1 0.589564 0.908907 0.056075 0.113360
0 0.795171 0.949393 0.023364 0.076923
0 0.894860 0.585020 0.010903 0.024291
1 0.417445 0.388664 0.028037 0.085020
1 0.595016 0.295547 0.084112 0.210526
1 0.870717 0.151822 0.034268 0.056680
0 0.783489 0.299595 0.079439 0.246964
0 0.902648 0.293522 0.040498 0.129555
0 0.386293 0.868421 0.048287 0.109312
1 0.934579 0.860324 0.018692 0.044534
0 0.590343 0.783401 0.024922 0.064777
1 0.338006 0.698381 0.043614 0.093117
1 0.080997 0.311741 0.037383 0.093117
1 0.077103 0.718623 0.028037 0.105263
1 0.812305 0.882591 0.031153 0.072874
1 0.107477 0.131579 0.020249 0.044534
0 0.671340 0.259109 0.034268 0.068826
1 0.589564 0.619433 0.051402 0.157895
0 0.285047 0.641700 0.056075 0.206478
0 0.363707 0.670040 0.021807 0.060729
0 0.511682 0.421053 0.026480 0.072874
1 0.544393 0.447368 0.014019 0.040486
0 0.161215 0.317814 0.031153 0.052632
0 0.415888 0.445344 0.020249 0.076923
1 0.364486 0.404858 0.038941 0.085020
1 0.919003 0.352227 0.018692 0.048583
1 0.851246 0.338057 0.020249 0.044534
1 0.821651 0.694332 0.051402 0.109312
1 0.475078 0.534413 0.054517 0.137652
0 0.672897 0.775304 0.031153 0.072874
1 0.427570 0.710526 0.029595 0.089069
0 0.408879 0.224696 0.035826 0.089069
1 0.087227 0.512146 0.021807 0.036437
1 0.313863 0.892713 0.015576 0.044534
1 0.151090 0.510121 0.006231 0.032389
1 0.900312 0.615385 0.020249 0.056680
