1 0.813084 0.244939 0.046729 0.117409
0 0.047508 0.338057 0.017134 0.044534
0 0.682243 0.406883 0.065421 0.161943
1 0.929907 0.538462 0.054517 0.097166
1 0.896417 0.224696 0.021807 0.080972
1 0.212617 0.672065 0.024922 0.064777
1 0.704829 0.587045 0.059190 0.157895
1 0.711838 0.795547 0.018692 0.056680
0 0.520249 0.609312 0.034268 0.076923
1 0.423676 0.659919 0.077882 0.137652
1 0.401869 0.293522 0.073209 0.206478
1 0.494548 0.467611 0.023364 0.076923
1 0.863707 0.809717 0.080997 0.271255
1 0.722741 0.880567 0.045171 0.129555
0 0.517134 0.795547 0.029595 0.068826
0 0.528037 0.429150 0.020249 0.044534
1 0.233645 0.864372 0.010903 0.036437
1 0.303738 0.831984 0.028037 0.105263
1 0.714953 0.414980 0.057632 0.117409
0 0.225857 0.518219 0.049844 0.101215
1 0.208723 0.852227 0.009346 0.036437
0 0.901869 0.587045 0.023364 0.056680
1 0.072430 0.813765 0.034268 0.068826
1 0.101246 0.251012 0.062305 0.149798
1 0.883956 0.613360 0.031153 0.068826
0 0.679907 0.831984 0.038941 0.097166
0 0.359034 0.257085 0.014019 0.028340
0 0.400312 0.568826 0.035826 0.080972
1 0.299065 0.184211 0.059190 0.133603
1 0.469626 0.364372 0.007788 0.016194
1 0.118380 0.799595 0.065421 0.190283
1 0.916667 0.358300 0.023364 0.076923
1 0.160436 0.251012 0.059190 0.238866
1 0.315421 0.609312 0.035826 0.060729
1 0.079439 0.716599 0.018692 0.060729
0 0.316199 0.475709 0.018692 0.048583
1 0.347352 0.720648 0.059190 0.190283
1 0.478972 0.825911 0.042056 0.068826
1 0.120717 0.665992 0.063863 0.157895
1 0.619938 0.856275 0.048287 0.145749
0 0.547508 0.576923 0.038941 0.085020
1 0.264798 0.629555 0.032710 0.093117
1 0.087227 0.491903 0.021807 0.052632
0 0.496885 0.651822 0.017134 0.036437
1 0.437695 0.352227 0.026480 0.064777
0 0.644081 0.491903 0.010903 0.028340
0 0.869159 0.174089 0.029595 0.097166
1 0.066978 0.352227 0.023364 0.052632
1 0.461059 0.580972 0.018692 0.048583
1 0.505452 0.386640 0.020249 0.064777
0 0.150312 0.884615 0.017134 0.044534
1 0.883178 0.477733 0.020249 0.056680
1 0.704829 0.475709 0.056075 0.165992
1 0.443925 0.469636 0.035826 0.076923
1 0.162773 0.763158 0.014019 0.040486
