0 0.809969 0.868421 0.031153 0.064777
0 0.186916 0.935223 0.010903 0.024291
1 0.645639 0.805668 0.021807 0.068826
1 0.602804 0.242915 0.077882 0.194332
1 0.397196 0.356275 0.024922 0.064777
1 0.362928 0.554656 0.035826 0.093117
1 0.915888 0.939271 0.021807 0.048583
1 0.841121 0.587045 0.051402 0.109312
1 0.608255 0.574899 0.043614 0.125506
1 0.161215 0.605263 0.077882 0.275304
1 0.478972 0.449393 0.045171 0.129555
1 0.453271 0.487854 0.042056 0.101215
1 0.633956 0.736842 0.031153 0.085020
1 0.538162 0.453441 0.049844 0.117409
0 0.068536 0.283401 0.052960 0.117409
1 0.135514 0.321862 0.023364 0.048583
1 0.751558 0.240891 0.048287 0.113360
1 0.616822 0.439271 0.046729 0.121457
1 0.940810 0.668016 0.009346 0.020243
1 0.658879 0.265182 0.056075 0.170040
1 0.376947 0.825911 0.028037 0.044534
0 0.262461 0.552632 0.024922 0.044534
0 0.134735 0.829960 0.021807 0.052632
1 0.266355 0.850202 0.017134 0.056680
1 0.424455 0.801619 0.015576 0.048583
0 0.315421 0.906883 0.024922 0.056680
1 0.170561 0.362348 0.032710 0.117409
1 0.098131 0.354251 0.021807 0.056680
0 0.789720 0.412955 0.070093 0.230769
1 0.443925 0.174089 0.029595 0.068826
1 0.851246 0.831984 0.049844 0.218623
1 0.720405 0.240891 0.023364 0.068826
