1 0.504673 0.224696 0.023364 0.052632
0 0.225078 0.526316 0.035826 0.080972
1 0.721963 0.850202 0.035826 0.145749
0 0.463396 0.751012 0.029595 0.089069
1 0.176791 0.653846 0.012461 0.032389
0 0.383178 0.473684 0.026480 0.072874
1 0.510903 0.437247 0.048287 0.080972
1 0.242991 0.465587 0.043614 0.117409
0 0.807632 0.372470 0.024922 0.076923
1 0.591121 0.904858 0.014019 0.056680
0 0.628505 0.483806 0.017134 0.044534
0 0.647975 0.437247 0.035826 0.052632
1 0.334112 0.236842 0.026480 0.056680
1 0.564642 0.621457 0.040498 0.093117
1 0.899533 0.556680 0.038941 0.149798
0 0.711059 0.220648 0.021807 0.048583
1 0.872274 0.649798 0.077882 0.230769
1 0.671340 0.799595 0.014019 0.036437
1 0.944704 0.704453 0.035826 0.105263
0 0.270249 0.953441 0.007788 0.020243
1 0.122274 0.542510 0.020249 0.052632
0 0.468069 0.147773 0.029595 0.068826
0 0.528037 0.884615 0.020249 0.072874
0 0.641745 0.921053 0.037383 0.093117
1 0.857477 0.797571 0.045171 0.125506
1 0.147196 0.639676 0.040498 0.105263
0 0.834891 0.710526 0.084112 0.178138
0 0.314642 0.740891 0.014019 0.044534
1 0.340343 0.817814 0.042056 0.121457
1 0.367601 0.759109 0.012461 0.060729
1 0.386293 0.759109 0.029595 0.060729
0 0.644081 0.850202 0.037383 0.093117
1 0.450156 0.619433 0.023364 0.052632
0 0.653427 0.734818 0.046729 0.105263
1 0.147196 0.807692 0.054517 0.129555
1 0.697819 0.746964 0.020249 0.064777
0 0.781153 0.459514 0.077882 0.141700
0 0.697040 0.813765 0.029595 0.060729
