1 0.357477 0.771255 0.113707 0.246964
1 0.345794 0.611336 0.046729 0.178138
1 0.787383 0.186235 0.048287 0.109312
1 0.129283 0.441296 0.029595 0.068826
0 0.449377 0.878543 0.028037 0.080972
1 0.110592 0.186235 0.080997 0.161943
1 0.749221 0.605263 0.031153 0.064777
0 0.642523 0.698381 0.042056 0.093117
0 0.149533 0.759109 0.029595 0.085020
0 0.367601 0.390688 0.080997 0.263158
1 0.549065 0.518219 0.048287 0.125506
1 0.403427 0.923077 0.018692 0.032389
1 0.068536 0.589069 0.031153 0.072874
1 0.236760 0.285425 0.026480 0.093117
0 0.462617 0.890688 0.034268 0.072874
0 0.572430 0.246964 0.042056 0.080972
0 0.422118 0.621457 0.052960 0.093117
0 0.935358 0.734818 0.024922 0.072874
0 0.768692 0.726721 0.068536 0.161943
0 0.574766 0.704453 0.018692 0.056680
1 0.274143 0.163968 0.012461 0.036437
0 0.462617 0.388664 0.021807 0.056680
1 0.820872 0.500000 0.014019 0.044534
1 0.391745 0.202429 0.062305 0.129555
1 0.465732 0.599190 0.029595 0.121457
0 0.914330 0.637652 0.017134 0.040486
1 0.609813 0.204453 0.010903 0.036437
1 0.222741 0.712551 0.009346 0.012146
1 0.250000 0.856275 0.020249 0.036437
0 0.871495 0.726721 0.046729 0.125506
0 0.188474 0.293522 0.059190 0.161943
1 0.822430 0.378543 0.021807 0.044534
1 0.683022 0.248988 0.035826 0.072874
1 0.903427 0.834008 0.056075 0.137652
0 0.570093 0.941296 0.023364 0.052632
0 0.807632 0.433198 0.021807 0.052632
1 0.872274 0.510121 0.071651 0.125506
1 0.509346 0.906883 0.056075 0.125506
1 0.643302 0.279352 0.021807 0.044534
1 0.228193 0.157895 0.035826 0.072874
1 0.852804 0.690283 0.076324 0.149798
0 0.521807 0.396761 0.021807 0.052632
1 0.618380 0.502024 0.046729 0.113360
1 0.601246 0.959514 0.012461 0.028340
0 0.336449 0.210526 0.023364 0.048583
0 0.630062 0.344130 0.037383 0.093117
0 0.247664 0.670040 0.020249 0.036437
0 0.464174 0.761134 0.046729 0.080972
