0 0.193146 0.688259 0.028037 0.060729
0 0.521807 0.374494 0.017134 0.040486
0 0.476636 0.139676 0.009346 0.020243
0 0.747664 0.564777 0.119938 0.295547
1 0.855919 0.435223 0.007788 0.028340
0 0.419782 0.795547 0.017134 0.020243
0 0.852804 0.860324 0.035826 0.101215
0 0.614486 0.576923 0.034268 0.097166
1 0.206386 0.384615 0.026480 0.085020
1 0.174455 0.234818 0.045171 0.105263
0 0.458723 0.866397 0.068536 0.141700
0 0.764019 0.888664 0.037383 0.085020
1 0.236760 0.504049 0.038941 0.097166
0 0.733645 0.927126 0.029595 0.105263
0 0.115265 0.627530 0.054517 0.125506
1 0.541277 0.390688 0.028037 0.076923
0 0.809190 0.287449 0.017134 0.044534
0 0.605140 0.753036 0.023364 0.076923
0 0.360592 0.787449 0.059190 0.157895
1 0.928349 0.417004 0.054517 0.145749
0 0.809190 0.744939 0.051402 0.129555
1 0.817757 0.516194 0.037383 0.121457
1 0.268692 0.751012 0.032710 0.153846
0 0.901090 0.554656 0.018692 0.060729
1 0.427570 0.374494 0.063863 0.101215
1 0.282710 0.902834 0.026480 0.040486
1 0.206386 0.530364 0.018692 0.080972
0 0.637072 0.892713 0.009346 0.028340
1 0.285826 0.722672 0.054517 0.145749
0 0.147975 0.459514 0.009346 0.020243
0 0.324766 0.524291 0.014019 0.032389
