1 0.105919 0.289474 0.015576 0.048583
1 0.697040 0.925101 0.012461 0.040486
1 0.202492 0.301619 0.068536 0.137652
1 0.887072 0.358300 0.007788 0.012146
1 0.753115 0.888664 0.018692 0.044534
0 0.335670 0.726721 0.020249 0.052632
1 0.327882 0.390688 0.031153 0.068826
1 0.698598 0.257085 0.012461 0.032389
1 0.830218 0.421053 0.035826 0.076923
1 0.483645 0.554656 0.079439 0.182186
1 0.637072 0.497976 0.020249 0.040486
1 0.904984 0.799595 0.031153 0.040486
1 0.538941 0.510121 0.003115 0.020243
0 0.569315 0.153846 0.014019 0.032389
0 0.885514 0.803644 0.038941 0.097166
1 0.369159 0.639676 0.054517 0.072874
1 0.395639 0.783401 0.084112 0.133603
0 0.548287 0.327935 0.017134 0.036437
0 0.848910 0.933198 0.006231 0.024291
1 0.159657 0.578947 0.021807 0.056680
0 0.412773 0.303644 0.017134 0.048583
0 0.772586 0.771255 0.023364 0.060729
1 0.704829 0.382591 0.014019 0.028340
0 0.195483 0.700405 0.029595 0.101215
0 0.120717 0.562753 0.042056 0.145749
1 0.925234 0.649798 0.048287 0.072874
1 0.482087 0.815789 0.023364 0.101215
0 0.093458 0.696356 0.037383 0.072874
1 0.592679 0.461538 0.035826 0.068826
1 0.282710 0.655870 0.024922 0.089069
0 0.377726 0.356275 0.010903 0.032389
1 0.081776 0.587045 0.065421 0.202429
1 0.263240 0.342105 0.045171 0.109312
0 0.475078 0.757085 0.024922 0.080972
1 0.464953 0.370445 0.035826 0.125506
0 0.228193 0.672065 0.021807 0.056680
1 0.457165 0.755061 0.024922 0.064777
1 0.783489 0.562753 0.034268 0.076923
0 0.762461 0.271255 0.057632 0.153846
1 0.147975 0.285425 0.042056 0.129555
0 0.730530 0.587045 0.088785 0.210526
0 0.760903 0.408907 0.101246 0.149798
0 0.572430 0.578947 0.023364 0.080972
0 0.305296 0.635628 0.040498 0.101215
1 0.616044 0.775304 0.014019 0.040486
0 0.708723 0.720648 0.052960 0.161943
0 0.493769 0.734818 0.006231 0.012146
0 0.856698 0.870445 0.006231 0.016194
1 0.154206 0.712551 0.018692 0.048583
1 0.145639 0.856275 0.007788 0.020243
1 0.804517 0.609312 0.015576 0.052632
1 0.946262 0.378543 0.028037 0.044534
