0 0.564642 0.568826 0.010903 0.028340
1 0.941589 0.712551 0.028037 0.064777
0 0.105919 0.303644 0.045171 0.105263
1 0.485202 0.358300 0.079439 0.198381
0 0.617601 0.848178 0.032710 0.097166
1 0.193146 0.714575 0.038941 0.068826
0 0.218847 0.850202 0.035826 0.097166
1 0.833333 0.350202 0.062305 0.113360
1 0.413551 0.823887 0.028037 0.076923
1 0.836449 0.506073 0.037383 0.121457
1 0.168224 0.214575 0.026480 0.044534
0 0.228972 0.813765 0.037383 0.072874
0 0.054517 0.706478 0.029595 0.072874
0 0.412773 0.617409 0.073209 0.182186
1 0.313084 0.607287 0.035826 0.097166
1 0.533489 0.627530 0.031153 0.072874
0 0.938474 0.522267 0.020249 0.040486
1 0.190810 0.364372 0.010903 0.032389
0 0.157321 0.364372 0.034268 0.072874
1 0.309969 0.331984 0.063863 0.174089
0 0.517134 0.305668 0.056075 0.068826
0 0.560748 0.692308 0.009346 0.032389
1 0.692368 0.524291 0.051402 0.149798
1 0.593458 0.382591 0.068536 0.198381
0 0.526480 0.554656 0.009346 0.024291
1 0.634735 0.408907 0.035826 0.101215
1 0.555296 0.910931 0.010903 0.032389
1 0.276480 0.912955 0.054517 0.105263
1 0.887072 0.732794 0.046729 0.141700
1 0.373832 0.170040 0.024922 0.105263
0 0.087227 0.757085 0.015576 0.032389
1 0.716511 0.455466 0.014019 0.036437
1 0.273364 0.564777 0.023364 0.072874
1 0.908879 0.400810 0.023364 0.056680
0 0.622274 0.641700 0.034268 0.109312
1 0.811526 0.805668 0.038941 0.105263
0 0.395639 0.188259 0.012461 0.032389
1 0.607477 0.208502 0.048287 0.145749
1 0.738318 0.336032 0.017134 0.056680
0 0.690031 0.323887 0.006231 0.020243
1 0.767913 0.591093 0.034268 0.089069
0 0.335670 0.672065 0.038941 0.072874
1 0.397975 0.376518 0.024922 0.068826
1 0.362928 0.564777 0.015576 0.076923
1 0.354361 0.342105 0.032710 0.109312
0 0.491433 0.740891 0.037383 0.080972
