1 0.838006 0.710526 0.074766 0.234818
1 0.446262 0.621457 0.017134 0.044534
0 0.457165 0.376518 0.014019 0.032389
1 0.269470 0.289474 0.102804 0.271255
1 0.582555 0.234818 0.045171 0.157895
1 0.144860 0.771255 0.099688 0.178138
1 0.640966 0.287449 0.105919 0.251012
1 0.119159 0.412955 0.007788 0.024291
0 0.732866 0.601215 0.034268 0.089069
1 0.306075 0.516194 0.062305 0.101215
1 0.700935 0.279352 0.032710 0.068826
1 0.873053 0.959514 0.018692 0.028340
1 0.296729 0.742915 0.135514 0.161943
1 0.900312 0.949393 0.015576 0.020243
0 0.873053 0.210526 0.021807 0.044534
1 0.416667 0.497976 0.070093 0.145749
1 0.500779 0.125506 0.029595 0.052632
0 0.764798 0.269231 0.046729 0.113360
0 0.832555 0.392713 0.028037 0.072874
1 0.798287 0.344130 0.045171 0.194332
1 0.643302 0.661943 0.014019 0.040486
1 0.528816 0.554656 0.062305 0.157895
0 0.601246 0.779352 0.012461 0.036437
1 0.071651 0.388664 0.042056 0.076923
0 0.929128 0.643725 0.056075 0.165992
1 0.423676 0.404858 0.032710 0.080972
1 0.872274 0.459514 0.018692 0.040486
0 0.562305 0.767206 0.023364 0.101215
1 0.566199 0.580972 0.037383 0.105263
1 0.763240 0.629555 0.029595 0.117409
1 0.915888 0.159919 0.029595 0.056680
0 0.193925 0.487854 0.032710 0.097166
0 0.718847 0.277328 0.031153 0.125506
1 0.686916 0.698381 0.056075 0.161943
0 0.402648 0.246964 0.020249 0.048583
1 0.920561 0.726721 0.010903 0.052632
1 0.557632 0.402834 0.065421 0.182186
1 0.740654 0.888664 0.021807 0.044534
1 0.641745 0.809717 0.028037 0.093117
1 0.805296 0.265182 0.046729 0.105263
1 0.507009 0.773279 0.007788 0.024291
1 0.077882 0.303644 0.012461 0.024291
0 0.782710 0.704453 0.014019 0.048583
1 0.460280 0.246964 0.020249 0.056680
1 0.899533 0.210526 0.010903 0.032389
0 0.149533 0.153846 0.012461 0.036437
0 0.088785 0.500000 0.042056 0.101215
1 0.705607 0.595142 0.031153 0.117409
1 0.193925 0.836032 0.068536 0.137652
0 0.192368 0.633603 0.009346 0.028340
1 0.218847 0.651822 0.017134 0.056680
1 0.248442 0.836032 0.095016 0.263158
0 0.328660 0.412955 0.009346 0.040486
1 0.769470 0.489879 0.029595 0.056680
1 0.392523 0.400810 0.021807 0.048583
1 0.095794 0.639676 0.037383 0.080972
