0 0.781153 0.773279 0.017134 0.064777
1 0.902648 0.253036 0.031153 0.105263
1 0.714953 0.520243 0.024922 0.044534
1 0.816978 0.937247 0.035826 0.080972
1 0.778816 0.876518 0.031153 0.085020
1 0.299844 0.429150 0.035826 0.089069
1 0.207944 0.550607 0.014019 0.040486
0 0.334112 0.313765 0.009346 0.024291
1 0.883178 0.702429 0.021807 0.056680
1 0.894860 0.352227 0.032710 0.097166
1 0.822430 0.487854 0.049844 0.109312
0 0.792056 0.194332 0.074766 0.141700
0 0.528037 0.647773 0.049844 0.141700
1 0.654206 0.518219 0.029595 0.076923
0 0.102804 0.587045 0.015576 0.040486
0 0.665888 0.153846 0.045171 0.117409
1 0.183801 0.848178 0.012461 0.032389
1 0.146417 0.945344 0.010903 0.032389
0 0.729751 0.611336 0.045171 0.157895
1 0.140966 0.736842 0.026480 0.064777
1 0.148754 0.607287 0.042056 0.113360
1 0.419003 0.311741 0.077882 0.174089
1 0.316978 0.354251 0.012461 0.060729
0 0.372274 0.593117 0.010903 0.028340
1 0.204050 0.763158 0.024922 0.076923
1 0.787383 0.564777 0.031153 0.060729
1 0.799065 0.651822 0.014019 0.040486
1 0.644860 0.682186 0.026480 0.076923
1 0.109034 0.844130 0.015576 0.036437
1 0.696262 0.261134 0.010903 0.036437
1 0.483645 0.665992 0.052960 0.145749
1 0.395639 0.734818 0.034268 0.093117
0 0.608255 0.884615 0.034268 0.105263
1 0.574766 0.502024 0.104361 0.311741
0 0.642523 0.969636 0.004673 0.012146
1 0.437695 0.702429 0.051402 0.165992
1 0.931464 0.704453 0.031153 0.093117
0 0.862150 0.894737 0.007788 0.024291
1 0.482866 0.809717 0.066978 0.170040
1 0.926012 0.384615 0.038941 0.076923
1 0.155763 0.441296 0.029595 0.145749
1 0.207165 0.255061 0.068536 0.129555
