1 0.650312 0.862348 0.020249 0.040486
1 0.299065 0.631579 0.042056 0.165992
1 0.130841 0.544534 0.104361 0.230769
0 0.240654 0.639676 0.051402 0.137652
1 0.253894 0.813765 0.021807 0.060729
1 0.683801 0.301619 0.066978 0.097166
1 0.507009 0.321862 0.101246 0.210526
0 0.902648 0.914980 0.007788 0.024291
1 0.768692 0.874494 0.017134 0.040486
0 0.587227 0.487854 0.035826 0.085020
1 0.830218 0.649798 0.021807 0.048583
1 0.383178 0.633603 0.056075 0.153846
1 0.194704 0.251012 0.029595 0.072874
0 0.224299 0.244939 0.007788 0.016194
1 0.655763 0.390688 0.014019 0.044534
0 0.453271 0.619433 0.029595 0.064777
0 0.235202 0.153846 0.028037 0.068826
1 0.929907 0.384615 0.034268 0.101215
1 0.438474 0.230769 0.015576 0.048583
0 0.619938 0.475709 0.021807 0.052632
1 0.237539 0.825911 0.021807 0.056680
0 0.714174 0.870445 0.048287 0.113360
1 0.908100 0.491903 0.049844 0.125506
1 0.097352 0.777328 0.026480 0.048583
1 0.387072 0.291498 0.066978 0.157895
1 0.544393 0.139676 0.020249 0.060729
0 0.789720 0.937247 0.042056 0.101215
0 0.707944 0.933198 0.012461 0.028340
1 0.072430 0.558704 0.034268 0.085020
1 0.559190 0.748988 0.006231 0.020243
1 0.897975 0.777328 0.020249 0.056680
1 0.815421 0.305668 0.017134 0.060729
1 0.162773 0.159919 0.018692 0.044534
1 0.311526 0.757085 0.054517 0.109312
1 0.215732 0.319838 0.029595 0.040486
1 0.664330 0.809717 0.040498 0.068826
0 0.230530 0.908907 0.031153 0.076923
1 0.862928 0.823887 0.051402 0.174089
1 0.431464 0.866397 0.035826 0.068826
1 0.568536 0.336032 0.038941 0.178138
1 0.506231 0.753036 0.068536 0.097166
0 0.392523 0.706478 0.046729 0.198381
1 0.661215 0.587045 0.014019 0.040486
0 0.494548 0.487854 0.043614 0.133603
0 0.352025 0.838057 0.015576 0.048583
1 0.267134 0.222672 0.046729 0.089069
0 0.394081 0.218623 0.046729 0.121457
0 0.154206 0.342105 0.021807 0.052632
1 0.161215 0.686235 0.059190 0.153846
1 0.346573 0.334008 0.020249 0.044534
0 0.820093 0.366397 0.038941 0.076923
1 0.702492 0.623482 0.012461 0.036437
0 0.441589 0.429150 0.015576 0.048583
0 0.779595 0.242915 0.046729 0.190283
0 0.527259 0.147773 0.017134 0.044534
