0 0.839564 0.366397 0.031153 0.056680
1 0.324766 0.135628 0.023364 0.064777
1 0.314642 0.396761 0.080997 0.392713
0 0.917445 0.554656 0.021807 0.076923
0 0.811526 0.631579 0.052960 0.153846
1 0.152648 0.417004 0.073209 0.283401
1 0.263240 0.459514 0.021807 0.101215
1 0.536604 0.651822 0.018692 0.040486
1 0.828660 0.864372 0.032710 0.076923
1 0.341121 0.161943 0.006231 0.016194
1 0.684579 0.198381 0.040498 0.052632
1 0.247664 0.890688 0.056075 0.157895
1 0.620717 0.959514 0.004673 0.016194
0 0.327882 0.700405 0.007788 0.024291
1 0.621495 0.257085 0.018692 0.056680
0 0.721184 0.473684 0.018692 0.048583
1 0.945483 0.526316 0.012461 0.024291
0 0.933801 0.394737 0.018692 0.056680
1 0.169003 0.178138 0.029595 0.093117
0 0.246106 0.226721 0.034268 0.101215
1 0.425234 0.206478 0.052960 0.129555
1 0.716511 0.866397 0.038941 0.174089
1 0.338006 0.623482 0.032710 0.137652
1 0.198598 0.688259 0.021807 0.085020
1 0.718069 0.398785 0.006231 0.036437
1 0.858255 0.773279 0.015576 0.036437
0 0.673676 0.769231 0.090343 0.194332
1 0.943146 0.866397 0.014019 0.044534
1 0.528037 0.394737 0.029595 0.064777
0 0.207165 0.789474 0.028037 0.056680
0 0.303738 0.819838 0.023364 0.068826
1 0.786604 0.846154 0.057632 0.105263
1 0.699377 0.372470 0.009346 0.024291
1 0.394081 0.477733 0.090343 0.218623
0 0.687695 0.532389 0.017134 0.052632
0 0.883178 0.192308 0.021807 0.068826
1 0.798287 0.481781 0.045171 0.210526
1 0.570093 0.692308 0.031153 0.101215
1 0.840343 0.595142 0.060748 0.214575
0 0.350467 0.910931 0.017134 0.040486
0 0.243769 0.445344 0.017134 0.032389
0 0.533489 0.255061 0.023364 0.056680
1 0.096573 0.346154 0.079439 0.133603
1 0.831776 0.176113 0.015576 0.044534
0 0.834891 0.406883 0.034268 0.089069
1 0.510125 0.805668 0.014019 0.032389
