1 0.165109 0.202429 0.009346 0.020243
1 0.914330 0.763158 0.009346 0.028340
0 0.363707 0.817814 0.085670 0.202429
0 0.386293 0.275304 0.020249 0.080972
1 0.890187 0.378543 0.024922 0.085020
0 0.718069 0.344130 0.023364 0.064777
0 0.883956 0.755061 0.046729 0.145749
1 0.178349 0.670040 0.026480 0.056680
1 0.697819 0.639676 0.074766 0.137652
0 0.352025 0.336032 0.059190 0.133603
1 0.788941 0.526316 0.048287 0.125506
1 0.767913 0.663968 0.068536 0.226721
1 0.664330 0.807692 0.057632 0.121457
1 0.578660 0.222672 0.017134 0.060729
1 0.308411 0.370445 0.038941 0.080972
1 0.337227 0.425101 0.015576 0.068826
1 0.109813 0.380567 0.028037 0.068826
1 0.143302 0.297571 0.042056 0.089069
0 0.561526 0.570850 0.017134 0.048583
1 0.896417 0.945344 0.007788 0.028340
0 0.091121 0.742915 0.090343 0.161943
1 0.147196 0.398785 0.014019 0.020243
0 0.638629 0.878543 0.020249 0.085020
0 0.412773 0.844130 0.040498 0.121457
1 0.077103 0.880567 0.046729 0.101215
1 0.180685 0.801619 0.057632 0.125506
0 0.133178 0.868421 0.034268 0.125506
0 0.453271 0.143725 0.024922 0.060729
0 0.093458 0.941296 0.032710 0.080972
0 0.757788 0.445344 0.045171 0.133603
1 0.116044 0.463563 0.018692 0.052632
0 0.359034 0.945344 0.010903 0.036437
1 0.606698 0.469636 0.014019 0.048583
0 0.480530 0.149798 0.024922 0.044534
