1 0.514019 0.538462 0.034268 0.085020
1 0.209502 0.706478 0.038941 0.093117
1 0.670561 0.674089 0.017134 0.060729
1 0.760125 0.564777 0.084112 0.182186
0 0.778816 0.236842 0.043614 0.105263
1 0.471963 0.955466 0.014019 0.044534
1 0.735202 0.168016 0.095016 0.125506
1 0.869938 0.125506 0.009346 0.024291
1 0.847352 0.550607 0.062305 0.097166
1 0.549065 0.635628 0.037383 0.117409
1 0.095016 0.698381 0.020249 0.036437
1 0.058411 0.216599 0.029595 0.064777
0 0.169782 0.821862 0.010903 0.032389
0 0.511682 0.906883 0.057632 0.133603
1 0.714953 0.271255 0.028037 0.093117
1 0.816978 0.641700 0.043614 0.109312
1 0.287383 0.896761 0.014019 0.044534
1 0.135514 0.368421 0.024922 0.060729
1 0.239097 0.293522 0.031153 0.133603
1 0.495327 0.475709 0.062305 0.109312
1 0.415109 0.886640 0.032710 0.093117
0 0.658879 0.475709 0.063863 0.170040
1 0.711838 0.765182 0.042056 0.125506
1 0.360592 0.502024 0.034268 0.145749
0 0.146417 0.463563 0.006231 0.020243
1 0.197040 0.200405 0.009346 0.012146
1 0.806075 0.208502 0.052960 0.174089
1 0.127726 0.854251 0.045171 0.121457
1 0.674455 0.283401 0.028037 0.068826
1 0.408879 0.372470 0.048287 0.133603
0 0.090343 0.155870 0.018692 0.056680
1 0.537383 0.200405 0.070093 0.145749
1 0.267913 0.751012 0.062305 0.157895
0 0.463396 0.730769 0.014019 0.032389
1 0.812305 0.514170 0.034268 0.068826
1 0.202492 0.238866 0.012461 0.052632
0 0.171340 0.360324 0.042056 0.105263
0 0.552960 0.366397 0.038941 0.085020
0 0.801402 0.447368 0.054517 0.117409
0 0.901869 0.753036 0.014019 0.024291
0 0.655763 0.386640 0.037383 0.064777
1 0.834112 0.414980 0.010903 0.056680
1 0.349688 0.172065 0.035826 0.076923
1 0.320093 0.168016 0.070093 0.141700
1 0.617601 0.406883 0.020249 0.064777
1 0.740654 0.471660 0.032710 0.093117
