0 0.570872 0.253036 0.010903 0.036437
1 0.580997 0.746964 0.017134 0.052632
0 0.109034 0.605263 0.028037 0.072874
1 0.111371 0.868421 0.054517 0.085020
1 0.681464 0.242915 0.034268 0.080972
0 0.757788 0.732794 0.052960 0.153846
1 0.478193 0.311741 0.024922 0.040486
0 0.918224 0.323887 0.029595 0.064777
0 0.734424 0.882591 0.051402 0.182186
1 0.818536 0.147773 0.021807 0.036437
0 0.138629 0.846154 0.046729 0.117409
0 0.072430 0.819838 0.038941 0.093117
0 0.869159 0.587045 0.012461 0.064777
0 0.210280 0.489879 0.060748 0.153846
1 0.459502 0.771255 0.032710 0.085020
1 0.525701 0.821862 0.015576 0.032389
1 0.283489 0.935223 0.021807 0.052632
0 0.774922 0.406883 0.037383 0.105263
0 0.602025 0.344130 0.009346 0.024291
1 0.163551 0.129555 0.012461 0.036437
1 0.718847 0.795547 0.037383 0.085020
0 0.406542 0.491903 0.049844 0.125506
0 0.605919 0.888664 0.028037 0.068826
0 0.248442 0.684211 0.021807 0.060729
1 0.639408 0.493927 0.024922 0.085020
1 0.829439 0.670040 0.023364 0.040486
1 0.250779 0.370445 0.049844 0.109312
1 0.782710 0.226721 0.042056 0.190283
1 0.123832 0.107287 0.007788 0.028340
1 0.881620 0.680162 0.018692 0.072874
1 0.117601 0.378543 0.021807 0.048583
0 0.943925 0.289474 0.018692 0.036437
1 0.366822 0.765182 0.032710 0.093117
0 0.679907 0.180162 0.015576 0.044534
1 0.278816 0.198381 0.043614 0.145749
1 0.901869 0.208502 0.015576 0.052632
0 0.950935 0.726721 0.020249 0.072874
1 0.485981 0.576923 0.012461 0.020243
1 0.448598 0.394737 0.017134 0.040486
0 0.591121 0.779352 0.026480 0.060729
1 0.385514 0.917004 0.024922 0.068826
1 0.309190 0.603239 0.073209 0.226721
0 0.635514 0.283401 0.029595 0.097166
0 0.253894 0.210526 0.023364 0.089069
1 0.289720 0.421053 0.017134 0.068826
0 0.161994 0.500000 0.021807 0.048583
