1 0.757788 0.852227 0.028037 0.076923
1 0.750000 0.532389 0.054517 0.133603
1 0.313863 0.315789 0.060748 0.165992
1 0.869159 0.714575 0.045171 0.101215
1 0.243769 0.603239 0.107477 0.182186
1 0.679128 0.186235 0.038941 0.093117
1 0.896417 0.188259 0.029595 0.085020
1 0.203271 0.340081 0.004673 0.016194
0 0.676012 0.724696 0.099688 0.263158
1 0.866044 0.864372 0.009346 0.032389
0 0.077103 0.740891 0.052960 0.105263
1 0.605919 0.821862 0.012461 0.028340
1 0.368380 0.451417 0.085670 0.194332
1 0.457165 0.425101 0.045171 0.072874
0 0.149533 0.190283 0.049844 0.133603
1 0.569315 0.508097 0.015576 0.032389
1 0.061526 0.595142 0.035826 0.080972
0 0.506231 0.390688 0.057632 0.129555
1 0.895639 0.516194 0.107477 0.226721
0 0.213396 0.410931 0.018692 0.052632
0 0.857477 0.329960 0.032710 0.072874
1 0.356698 0.923077 0.034268 0.072874
0 0.469626 0.358300 0.065421 0.129555
1 0.447040 0.840081 0.028037 0.093117
0 0.519470 0.836032 0.017134 0.044534
1 0.317757 0.522267 0.035826 0.072874
1 0.243769 0.212551 0.056075 0.174089
1 0.325545 0.593117 0.059190 0.133603
0 0.183022 0.609312 0.032710 0.093117
1 0.299065 0.783401 0.065421 0.230769
1 0.404984 0.858300 0.024922 0.064777
1 0.257788 0.852227 0.065421 0.125506
1 0.150312 0.753036 0.020249 0.064777
1 0.482866 0.761134 0.031153 0.137652
0 0.899533 0.882591 0.020249 0.056680
1 0.401869 0.281377 0.035826 0.080972
1 0.752336 0.285425 0.034268 0.068826
1 0.633178 0.953441 0.026480 0.072874
0 0.568536 0.319838 0.032710 0.076923
1 0.603583 0.686235 0.034268 0.072874
1 0.892523 0.350202 0.026480 0.068826
1 0.138629 0.281377 0.012461 0.040486
1 0.620717 0.180162 0.045171 0.125506
