1 0.695483 0.283401 0.084112 0.149798
1 0.736760 0.491903 0.014019 0.044534
1 0.414330 0.927126 0.024922 0.052632
0 0.261682 0.746964 0.020249 0.044534
0 0.399533 0.427126 0.040498 0.101215
0 0.609813 0.378543 0.017134 0.040486
0 0.110592 0.485830 0.074766 0.206478
1 0.655763 0.894737 0.015576 0.040486
0 0.264798 0.894737 0.057632 0.157895
0 0.292056 0.394737 0.052960 0.149798
1 0.417445 0.730769 0.020249 0.032389
1 0.125389 0.645749 0.020249 0.052632
1 0.229751 0.263158 0.021807 0.052632
1 0.643302 0.663968 0.068536 0.174089
1 0.344237 0.957490 0.017134 0.044534
0 0.080218 0.257085 0.010903 0.028340
1 0.510125 0.493927 0.006231 0.012146
1 0.110592 0.248988 0.017134 0.052632
1 0.670561 0.544534 0.045171 0.101215
1 0.633956 0.890688 0.007788 0.020243
0 0.727414 0.850202 0.045171 0.101215
1 0.576324 0.807692 0.051402 0.109312
0 0.922897 0.627530 0.010903 0.028340
1 0.332555 0.977733 0.010903 0.028340
0 0.125389 0.228745 0.017134 0.060729
1 0.757009 0.131579 0.023364 0.052632
1 0.161215 0.732794 0.032710 0.085020
0 0.672897 0.184211 0.024922 0.068826
1 0.733645 0.751012 0.043614 0.113360
1 0.403427 0.576923 0.046729 0.125506
0 0.882399 0.263158 0.032710 0.072874
1 0.499221 0.825911 0.037383 0.080972
1 0.562305 0.325911 0.009346 0.020243
0 0.151090 0.886640 0.024922 0.052632
1 0.405763 0.301619 0.023364 0.068826
0 0.535826 0.421053 0.015576 0.064777
