0 0.901869 0.500000 0.014019 0.032389
1 0.695483 0.880567 0.051402 0.080972
1 0.629283 0.366397 0.024922 0.052632
1 0.373053 0.536437 0.057632 0.218623
0 0.649533 0.726721 0.024922 0.076923
0 0.895639 0.740891 0.026480 0.093117
0 0.649533 0.536437 0.062305 0.149798
0 0.619159 0.220648 0.074766 0.137652
1 0.218069 0.894737 0.015576 0.048583
0 0.073988 0.487854 0.037383 0.089069
0 0.854361 0.617409 0.034268 0.076923
1 0.432243 0.627530 0.101246 0.202429
1 0.732866 0.827935 0.065421 0.137652
1 0.746106 0.627530 0.032710 0.105263
1 0.320872 0.421053 0.118380 0.275304
1 0.532710 0.722672 0.018692 0.032389
0 0.517134 0.842105 0.024922 0.052632
1 0.797508 0.710526 0.071651 0.109312
1 0.514798 0.659919 0.091900 0.121457
1 0.100467 0.536437 0.024922 0.064777
1 0.552181 0.145749 0.009346 0.032389
0 0.863707 0.722672 0.029595 0.048583
0 0.911994 0.364372 0.026480 0.072874
1 0.225078 0.315789 0.071651 0.105263
0 0.555296 0.382591 0.076324 0.186235
1 0.690031 0.224696 0.063863 0.125506
1 0.508567 0.265182 0.010903 0.048583
1 0.491433 0.325911 0.023364 0.044534
0 0.177570 0.222672 0.040498 0.133603
0 0.644081 0.433198 0.006231 0.028340
1 0.126947 0.929150 0.007788 0.028340
1 0.207165 0.617409 0.040498 0.093117
0 0.855919 0.844130 0.012461 0.032389
1 0.632399 0.412955 0.006231 0.016194
1 0.049065 0.224696 0.020249 0.072874
1 0.505452 0.453441 0.029595 0.072874
1 0.831776 0.931174 0.009346 0.024291
1 0.179128 0.870445 0.021807 0.048583
1 0.089564 0.647773 0.021807 0.068826
1 0.148754 0.860324 0.023364 0.036437
1 0.395639 0.293522 0.018692 0.080972
0 0.764019 0.951417 0.007788 0.016194
0 0.102804 0.736842 0.049844 0.113360
0 0.057632 0.176113 0.032710 0.089069
1 0.845794 0.348178 0.054517 0.190283
1 0.790498 0.295547 0.056075 0.141700
0 0.718847 0.704453 0.024922 0.080972
