0 0.404984 0.742915 0.006231 0.020243
1 0.556075 0.419028 0.049844 0.105263
0 0.389408 0.805668 0.037383 0.085020
0 0.658100 0.161943 0.046729 0.097166
0 0.724299 0.635628 0.034268 0.105263
0 0.841121 0.815789 0.024922 0.052632
1 0.568536 0.212551 0.060748 0.121457
1 0.184579 0.587045 0.023364 0.056680
1 0.552181 0.838057 0.009346 0.040486
1 0.377726 0.917004 0.021807 0.048583
1 0.483645 0.378543 0.057632 0.222672
1 0.671340 0.815789 0.038941 0.060729
1 0.245327 0.775304 0.007788 0.020243
1 0.233645 0.641700 0.062305 0.105263
0 0.881620 0.914980 0.032710 0.060729
1 0.139408 0.540486 0.040498 0.109312
0 0.180685 0.481781 0.024922 0.048583
0 0.073209 0.364372 0.020249 0.052632
1 0.204829 0.325911 0.082555 0.279352
1 0.927570 0.560729 0.024922 0.048583
0 0.070093 0.319838 0.024922 0.052632
1 0.425234 0.858300 0.051402 0.145749
1 0.688474 0.182186 0.040498 0.113360
1 0.339564 0.526316 0.028037 0.040486
1 0.848131 0.297571 0.042056 0.089069
1 0.380841 0.639676 0.014019 0.032389
1 0.845016 0.218623 0.010903 0.024291
1 0.459502 0.552632 0.031153 0.121457
0 0.590343 0.336032 0.040498 0.080972
0 0.467290 0.659919 0.038941 0.125506
0 0.818536 0.443320 0.038941 0.093117
0 0.327103 0.384615 0.031153 0.089069
1 0.919782 0.929150 0.023364 0.064777
1 0.692368 0.678138 0.046729 0.137652
1 0.820872 0.386640 0.014019 0.040486
