1 0.109034 0.605263 0.006231 0.024291
0 0.722741 0.502024 0.009346 0.048583
1 0.184579 0.554656 0.023364 0.056680
1 0.457944 0.293522 0.104361 0.194332
0 0.943146 0.609312 0.026480 0.085020
1 0.788162 0.854251 0.028037 0.097166
0 0.125389 0.396761 0.048287 0.117409
1 0.253115 0.587045 0.048287 0.145749
0 0.776480 0.329960 0.028037 0.089069
1 0.873832 0.811741 0.042056 0.141700
1 0.723520 0.576923 0.063863 0.133603
0 0.633178 0.767206 0.070093 0.198381
1 0.077103 0.366397 0.023364 0.068826
0 0.178349 0.797571 0.038941 0.178138
0 0.718069 0.704453 0.046729 0.072874
1 0.651869 0.566802 0.079439 0.279352
1 0.370717 0.388664 0.052960 0.097166
1 0.525701 0.421053 0.020249 0.032389
1 0.424455 0.682186 0.074766 0.190283
0 0.792835 0.210526 0.015576 0.028340
0 0.752336 0.947368 0.034268 0.064777
1 0.519470 0.433198 0.015576 0.048583
0 0.247664 0.771255 0.024922 0.093117
0 0.083333 0.133603 0.038941 0.068826
0 0.211059 0.919028 0.048287 0.109312
0 0.208723 0.838057 0.021807 0.056680
1 0.695483 0.755061 0.023364 0.072874
0 0.741433 0.412955 0.024922 0.068826
1 0.736760 0.894737 0.032710 0.137652
1 0.266355 0.917004 0.014019 0.028340
1 0.545950 0.724696 0.021807 0.060729
0 0.285047 0.390688 0.040498 0.109312
