1 0.718847 0.307692 0.014019 0.056680
1 0.873053 0.390688 0.063863 0.287449
1 0.824766 0.700405 0.032710 0.089069
1 0.314642 0.419028 0.084112 0.210526
1 0.628505 0.641700 0.023364 0.048583
1 0.485202 0.327935 0.073209 0.149798
1 0.084112 0.854251 0.026480 0.056680
0 0.274922 0.637652 0.031153 0.125506
1 0.613707 0.809717 0.042056 0.121457
0 0.367601 0.842105 0.020249 0.056680
1 0.385514 0.908907 0.031153 0.085020
0 0.839564 0.368421 0.057632 0.190283
1 0.874611 0.232794 0.054517 0.129555
0 0.745327 0.959514 0.020249 0.052632
0 0.054517 0.222672 0.006231 0.016194
1 0.559190 0.338057 0.015576 0.052632
1 0.643302 0.605263 0.024922 0.076923
1 0.490654 0.506073 0.034268 0.101215
1 0.902648 0.364372 0.056075 0.153846
1 0.154984 0.546559 0.048287 0.145749
1 0.706386 0.192308 0.014019 0.044534
1 0.714174 0.773279 0.024922 0.080972
1 0.730530 0.522267 0.101246 0.255061
0 0.204829 0.423077 0.014019 0.032389
1 0.089564 0.414980 0.026480 0.052632
1 0.788941 0.372470 0.051402 0.165992
1 0.119159 0.236842 0.038941 0.101215
0 0.388629 0.374494 0.007788 0.028340
1 0.860592 0.151822 0.018692 0.032389
1 0.521807 0.714575 0.042056 0.170040
1 0.364486 0.542510 0.040498 0.117409
1 0.276480 0.218623 0.028037 0.068826
0 0.588785 0.880567 0.010903 0.032389
1 0.559190 0.811741 0.051402 0.206478
1 0.627726 0.451417 0.091900 0.198381
1 0.243769 0.627530 0.026480 0.056680
1 0.056854 0.421053 0.010903 0.044534
0 0.214953 0.840081 0.048287 0.101215
0 0.117601 0.589069 0.007788 0.028340
1 0.090343 0.775304 0.037383 0.153846
1 0.712617 0.694332 0.042056 0.076923
1 0.672118 0.386640 0.068536 0.186235
1 0.410436 0.366397 0.040498 0.064777
0 0.182243 0.402834 0.024922 0.056680
0 0.802181 0.273279 0.034268 0.072874
0 0.457944 0.574899 0.006231 0.016194
1 0.669003 0.572874 0.026480 0.085020
0 0.411215 0.526316 0.060748 0.157895
1 0.595794 0.819838 0.031153 0.048583
0 0.094237 0.908907 0.015576 0.052632
0 0.312305 0.722672 0.032710 0.080972
1 0.544393 0.524291 0.042056 0.097166
0 0.042056 0.761134 0.006231 0.020243
