1 0.371495 0.902834 0.018692 0.072874
1 0.493769 0.182186 0.052960 0.105263
1 0.281931 0.601215 0.018692 0.056680
1 0.398754 0.831984 0.020249 0.052632
1 0.447040 0.271255 0.091900 0.206478
1 0.727414 0.313765 0.037383 0.068826
1 0.357477 0.512146 0.035826 0.048583
0 0.278816 0.269231 0.056075 0.121457
1 0.528816 0.263158 0.032710 0.133603
1 0.856698 0.489879 0.077882 0.198381
1 0.802181 0.734818 0.032710 0.129555
1 0.210280 0.538462 0.045171 0.064777
0 0.855140 0.864372 0.024922 0.060729
0 0.116822 0.163968 0.018692 0.044534
1 0.252336 0.228745 0.054517 0.121457
0 0.492991 0.878543 0.007788 0.020243
1 0.887072 0.933198 0.009346 0.036437
1 0.564642 0.259109 0.060748 0.178138
1 0.369938 0.829960 0.004673 0.008097
1 0.167445 0.315789 0.054517 0.141700
1 0.821651 0.147773 0.042056 0.068826
0 0.217290 0.892713 0.040498 0.101215
1 0.510125 0.732794 0.014019 0.032389
1 0.915888 0.141700 0.012461 0.056680
1 0.075545 0.473684 0.032710 0.068826
1 0.267134 0.580972 0.020249 0.052632
1 0.659657 0.157895 0.035826 0.080972
0 0.215732 0.228745 0.028037 0.060729
0 0.499221 0.510121 0.010903 0.024291
1 0.186916 0.795547 0.023364 0.044534
1 0.570093 0.831984 0.051402 0.117409
0 0.662773 0.831984 0.046729 0.101215
1 0.609034 0.819838 0.071651 0.178138
1 0.358255 0.947368 0.026480 0.052632
0 0.261682 0.467611 0.038941 0.101215
0 0.362928 0.892713 0.021807 0.052632
0 0.907321 0.163968 0.014019 0.060729
1 0.950156 0.299595 0.009346 0.020243
0 0.355140 0.645749 0.035826 0.093117
