1 0.648754 0.552632 0.020249 0.085020
1 0.640966 0.797571 0.077882 0.218623
0 0.704829 0.661943 0.024922 0.060729
1 0.633178 0.663968 0.063863 0.153846
1 0.733645 0.412955 0.045171 0.202429
1 0.923676 0.748988 0.049844 0.080972
1 0.443925 0.153846 0.037383 0.068826
1 0.518692 0.497976 0.024922 0.060729
1 0.634735 0.419028 0.056075 0.141700
1 0.750779 0.803644 0.043614 0.085020
1 0.092679 0.902834 0.043614 0.117409
1 0.823988 0.327935 0.034268 0.085020
1 0.829439 0.447368 0.087227 0.214575
1 0.816978 0.872470 0.031153 0.068826
0 0.686137 0.289474 0.026480 0.052632
1 0.053738 0.751012 0.029595 0.036437
1 0.623832 0.281377 0.024922 0.064777
1 0.536604 0.251012 0.018692 0.028340
1 0.279595 0.815789 0.046729 0.109312
0 0.500779 0.342105 0.032710 0.052632
1 0.236760 0.645749 0.020249 0.080972
1 0.130062 0.451417 0.015576 0.036437
1 0.386293 0.912955 0.043614 0.121457
0 0.434579 0.789474 0.015576 0.036437
0 0.591121 0.846154 0.059190 0.105263
1 0.669003 0.751012 0.073209 0.170040
0 0.059190 0.447368 0.006231 0.020243
0 0.533489 0.722672 0.024922 0.068826
1 0.350467 0.797571 0.014019 0.040486
0 0.865265 0.751012 0.042056 0.109312
1 0.280374 0.880567 0.057632 0.133603
1 0.262461 0.568826 0.038941 0.125506
1 0.580997 0.574899 0.063863 0.121457
1 0.913551 0.645749 0.014019 0.068826
0 0.197819 0.805668 0.052960 0.113360
1 0.279595 0.321862 0.010903 0.020243
0 0.400312 0.708502 0.028037 0.072874
1 0.482087 0.680162 0.040498 0.109312
1 0.287383 0.718623 0.015576 0.040486
0 0.217290 0.668016 0.021807 0.048583
1 0.121495 0.858300 0.054517 0.133603
0 0.298287 0.651822 0.020249 0.040486
0 0.524143 0.370445 0.004673 0.012146
1 0.292056 0.153846 0.010903 0.040486
