1 0.881620 0.352227 0.098131 0.251012
1 0.479751 0.240891 0.012461 0.020243
0 0.908100 0.582996 0.051402 0.170040
1 0.831776 0.222672 0.063863 0.133603
1 0.111371 0.457490 0.017134 0.048583
1 0.508567 0.706478 0.023364 0.076923
0 0.318536 0.161943 0.014019 0.064777
0 0.108255 0.949393 0.012461 0.036437
0 0.435358 0.801619 0.048287 0.089069
1 0.378505 0.275304 0.034268 0.072874
0 0.447819 0.451417 0.042056 0.093117
1 0.669003 0.141700 0.026480 0.068826
1 0.674455 0.829960 0.028037 0.068826
1 0.833333 0.880567 0.049844 0.105263
1 0.665109 0.890688 0.028037 0.089069
1 0.273364 0.595142 0.023364 0.085020
1 0.197819 0.408907 0.043614 0.117409
1 0.192368 0.597166 0.014019 0.028340
1 0.379283 0.781377 0.056075 0.174089
1 0.344237 0.508097 0.012461 0.032389
1 0.704829 0.558704 0.062305 0.105263
0 0.568536 0.817814 0.009346 0.036437
1 0.058411 0.838057 0.038941 0.068826
0 0.232087 0.352227 0.010903 0.024291
0 0.360592 0.587045 0.017134 0.032389
1 0.334112 0.605263 0.017134 0.044534
1 0.820872 0.700405 0.028037 0.080972
1 0.390966 0.653846 0.029595 0.064777
1 0.525701 0.587045 0.073209 0.170040
0 0.545171 0.827935 0.012461 0.020243
1 0.877726 0.546559 0.031153 0.085020
0 0.254673 0.876518 0.009346 0.028340
0 0.067757 0.631579 0.046729 0.133603
0 0.646417 0.971660 0.009346 0.032389
1 0.169782 0.674089 0.024922 0.064777
0 0.229751 0.878543 0.026480 0.072874
0 0.084112 0.279352 0.024922 0.060729
1 0.623053 0.696356 0.018692 0.072874
1 0.185358 0.206478 0.076324 0.125506
0 0.186916 0.354251 0.032710 0.117409
1 0.451713 0.631579 0.056075 0.165992
0 0.643302 0.935223 0.017134 0.056680
0 0.896417 0.981781 0.007788 0.020243
1 0.281931 0.344130 0.012461 0.032389
1 0.529595 0.732794 0.014019 0.040486
1 0.364486 0.414980 0.015576 0.036437
0 0.095794 0.380567 0.049844 0.089069
1 0.951713 0.619433 0.015576 0.028340
1 0.575545 0.463563 0.059190 0.117409
1 0.911994 0.801619 0.034268 0.093117
0 0.828660 0.546559 0.028037 0.085020
