1 0.429907 0.495951 0.073209 0.186235
1 0.383178 0.751012 0.032710 0.072874
1 0.534268 0.500000 0.062305 0.182186
1 0.201713 0.504049 0.026480 0.048583
1 0.229751 0.696356 0.017134 0.040486
1 0.779595 0.829960 0.049844 0.153846
0 0.582555 0.850202 0.038941 0.141700
0 0.068536 0.554656 0.028037 0.068826
1 0.478972 0.475709 0.009346 0.028340
1 0.740654 0.319838 0.020249 0.056680
1 0.454050 0.795547 0.052960 0.198381
0 0.598910 0.641700 0.009346 0.024291
0 0.510125 0.372470 0.023364 0.036437
0 0.802181 0.283401 0.074766 0.161943
0 0.426791 0.176113 0.062305 0.121457
1 0.696262 0.303644 0.049844 0.125506
0 0.757009 0.914980 0.026480 0.072874
1 0.925234 0.597166 0.028037 0.093117
0 0.279595 0.554656 0.034268 0.101215
0 0.557632 0.688259 0.006231 0.016194
1 0.101246 0.637652 0.015576 0.044534
1 0.239875 0.815789 0.040498 0.117409
0 0.329439 0.334008 0.031153 0.060729
0 0.609034 0.935223 0.010903 0.032389
1 0.089564 0.238866 0.046729 0.113360
1 0.372274 0.595142 0.014019 0.040486
1 0.376947 0.868421 0.014019 0.040486
0 0.539720 0.295547 0.032710 0.064777
1 0.178349 0.485830 0.031153 0.089069
1 0.201713 0.368421 0.023364 0.072874
1 0.499221 0.585020 0.051402 0.165992
1 0.634735 0.313765 0.040498 0.089069
0 0.622274 0.698381 0.028037 0.064777
1 0.312305 0.550607 0.023364 0.125506
1 0.701713 0.925101 0.032710 0.093117
1 0.559969 0.269231 0.017134 0.076923
0 0.839564 0.939271 0.018692 0.068826
0 0.328660 0.242915 0.014019 0.020243
1 0.840343 0.665992 0.045171 0.105263
1 0.118380 0.404858 0.031153 0.101215
1 0.313084 0.394737 0.015576 0.020243
1 0.326324 0.836032 0.042056 0.085020
0 0.744548 0.180162 0.024922 0.072874
1 0.069315 0.350202 0.059190 0.145749
0 0.342679 0.582996 0.012461 0.032389
1 0.597352 0.682186 0.010903 0.020243
1 0.257009 0.657895 0.026480 0.076923
1 0.827882 0.732794 0.066978 0.145749
1 0.678349 0.190283 0.059190 0.145749
0 0.121495 0.299595 0.018692 0.064777
1 0.894081 0.641700 0.048287 0.165992
0 0.063863 0.866397 0.040498 0.097166
0 0.639408 0.489879 0.023364 0.060729
1 0.612928 0.753036 0.029595 0.137652
1 0.118380 0.609312 0.009346 0.028340
1 0.954050 0.872470 0.010903 0.032389
