1 0.058411 0.200405 0.031153 0.080972
1 0.915109 0.469636 0.045171 0.105263
1 0.123832 0.568826 0.056075 0.101215
0 0.382399 0.629555 0.109034 0.425101
1 0.109813 0.301619 0.031153 0.068826
1 0.345016 0.236842 0.070093 0.149798
1 0.785047 0.655870 0.096573 0.153846
1 0.147975 0.651822 0.054517 0.113360
1 0.861371 0.542510 0.031153 0.101215
0 0.866044 0.188259 0.021807 0.093117
1 0.584112 0.578947 0.018692 0.044534
1 0.567757 0.340081 0.018692 0.040486
0 0.243769 0.726721 0.009346 0.020243
0 0.856698 0.380567 0.017134 0.032389
1 0.222741 0.629555 0.037383 0.105263
1 0.259346 0.696356 0.023364 0.048583
0 0.177570 0.143725 0.026480 0.072874
1 0.762461 0.412955 0.009346 0.044534
1 0.084891 0.524291 0.042056 0.125506
1 0.232866 0.331984 0.023364 0.056680
1 0.832555 0.649798 0.054517 0.161943
1 0.503894 0.546559 0.043614 0.089069
1 0.265576 0.759109 0.018692 0.044534
0 0.785826 0.850202 0.051402 0.153846
0 0.429907 0.366397 0.046729 0.109312
1 0.496885 0.129555 0.017134 0.044534
0 0.673676 0.558704 0.042056 0.072874
1 0.892523 0.670040 0.087227 0.210526
0 0.531153 0.338057 0.015576 0.052632
1 0.206386 0.831984 0.024922 0.056680
1 0.612150 0.317814 0.079439 0.133603
0 0.668224 0.643725 0.046729 0.133603
0 0.718069 0.301619 0.060748 0.174089
1 0.167445 0.319838 0.054517 0.113360
1 0.534268 0.771255 0.031153 0.076923
1 0.885514 0.257085 0.023364 0.056680
0 0.703271 0.457490 0.049844 0.141700
1 0.860592 0.263158 0.057632 0.170040
