1 0.381620 0.886640 0.043614 0.109312
1 0.729751 0.939271 0.028037 0.080972
0 0.232866 0.860324 0.018692 0.056680
1 0.550623 0.305668 0.023364 0.040486
1 0.805296 0.176113 0.056075 0.153846
1 0.827103 0.398785 0.057632 0.178138
1 0.258567 0.210526 0.026480 0.060729
1 0.718069 0.291498 0.015576 0.028340
1 0.738318 0.285425 0.017134 0.036437
0 0.686916 0.898785 0.017134 0.048583
1 0.436137 0.473684 0.028037 0.052632
1 0.334112 0.421053 0.068536 0.202429
1 0.070872 0.793522 0.028037 0.085020
0 0.943925 0.295547 0.032710 0.085020
0 0.437695 0.890688 0.059190 0.153846
1 0.492212 0.170040 0.009346 0.016194
0 0.066978 0.236842 0.018692 0.040486
1 0.769470 0.317814 0.023364 0.109312
1 0.156542 0.927126 0.014019 0.032389
0 0.775701 0.921053 0.015576 0.032389
1 0.404984 0.471660 0.057632 0.105263
1 0.385514 0.277328 0.010903 0.036437
1 0.478972 0.429150 0.042056 0.121457
1 0.419003 0.570850 0.009346 0.024291
0 0.877726 0.431174 0.020249 0.060729
0 0.272586 0.882591 0.048287 0.121457
1 0.610592 0.655870 0.062305 0.113360
1 0.203271 0.410931 0.029595 0.068826
0 0.492212 0.757085 0.014019 0.036437
0 0.739097 0.783401 0.032710 0.076923
1 0.692368 0.437247 0.068536 0.113360
1 0.580997 0.769231 0.031153 0.064777
0 0.088785 0.226721 0.015576 0.044534
1 0.318536 0.564777 0.010903 0.020243
1 0.406542 0.777328 0.024922 0.048583
1 0.124611 0.137652 0.021807 0.048583
1 0.416667 0.801619 0.017134 0.064777
1 0.552960 0.771255 0.017134 0.044534
1 0.769470 0.852227 0.032710 0.105263
0 0.587227 0.255061 0.028037 0.080972
0 0.658879 0.589069 0.034268 0.072874
0 0.698598 0.578947 0.045171 0.117409
0 0.785826 0.558704 0.042056 0.129555
1 0.591121 0.396761 0.020249 0.072874
1 0.774143 0.736842 0.028037 0.113360
1 0.844237 0.767206 0.038941 0.117409
1 0.548287 0.491903 0.034268 0.068826
1 0.179128 0.174089 0.037383 0.076923
0 0.105919 0.370445 0.034268 0.085020
1 0.926012 0.281377 0.029595 0.060729
1 0.609034 0.712551 0.028037 0.129555
1 0.411215 0.643725 0.024922 0.048583
1 0.602804 0.882591 0.018692 0.056680
1 0.158100 0.791498 0.018692 0.048583
0 0.584112 0.805668 0.015576 0.040486
1 0.415109 0.429150 0.043614 0.137652
