1 0.088006 0.299595 0.023364 0.080972
0 0.831776 0.827935 0.062305 0.133603
0 0.914330 0.548583 0.082555 0.234818
0 0.066199 0.536437 0.028037 0.040486
0 0.099688 0.866397 0.015576 0.048583
1 0.186916 0.663968 0.014019 0.036437
1 0.083333 0.451417 0.049844 0.113360
0 0.116044 0.819838 0.010903 0.028340
1 0.758567 0.475709 0.032710 0.109312
1 0.466511 0.906883 0.023364 0.080972
1 0.816978 0.431174 0.017134 0.040486
0 0.849688 0.599190 0.063863 0.161943
1 0.535826 0.821862 0.014019 0.032389
1 0.654984 0.854251 0.017134 0.056680
1 0.450935 0.331984 0.031153 0.121457
1 0.517913 0.473684 0.052960 0.145749
0 0.687695 0.293522 0.032710 0.080972
0 0.140966 0.287449 0.071651 0.206478
0 0.730530 0.342105 0.037383 0.109312
0 0.661994 0.212551 0.012461 0.028340
1 0.236760 0.933198 0.020249 0.044534
1 0.748442 0.315789 0.023364 0.068826
1 0.788941 0.753036 0.093458 0.186235
1 0.596573 0.479757 0.017134 0.040486
1 0.244548 0.445344 0.012461 0.024291
1 0.633178 0.844130 0.010903 0.036437
0 0.466511 0.449393 0.012461 0.076923
1 0.364486 0.848178 0.051402 0.121457
1 0.619159 0.698381 0.040498 0.105263
1 0.193925 0.253036 0.060748 0.109312
0 0.947040 0.127530 0.017134 0.044534
0 0.559969 0.973684 0.009346 0.020243
1 0.610592 0.246964 0.024922 0.056680
1 0.273364 0.467611 0.043614 0.153846
