0 0.490654 0.115385 0.018692 0.040486
0 0.260903 0.568826 0.018692 0.040486
1 0.630841 0.465587 0.028037 0.141700
0 0.276480 0.896761 0.035826 0.097166
1 0.158879 0.323887 0.015576 0.044534
0 0.880841 0.641700 0.031153 0.072874
1 0.133178 0.803644 0.059190 0.117409
0 0.707944 0.910931 0.035826 0.093117
1 0.275701 0.350202 0.015576 0.044534
0 0.795950 0.374494 0.029595 0.080972
1 0.673676 0.821862 0.017134 0.040486
0 0.680685 0.672065 0.020249 0.060729
1 0.731308 0.949393 0.012461 0.028340
1 0.897196 0.287449 0.037383 0.129555
0 0.186137 0.447368 0.017134 0.036437
1 0.291277 0.757085 0.034268 0.076923
1 0.420561 0.710526 0.031153 0.085020
1 0.589564 0.560729 0.028037 0.060729
0 0.488318 0.917004 0.010903 0.028340
1 0.730530 0.475709 0.015576 0.036437
1 0.348910 0.694332 0.023364 0.052632
1 0.739097 0.840081 0.038941 0.052632
0 0.845794 0.528340 0.037383 0.085020
1 0.136293 0.481781 0.051402 0.121457
1 0.418224 0.846154 0.032710 0.145749
1 0.832555 0.769231 0.037383 0.068826
1 0.475857 0.793522 0.032710 0.093117
0 0.828660 0.271255 0.032710 0.068826
1 0.187695 0.113360 0.017134 0.040486
0 0.711059 0.783401 0.014019 0.060729
1 0.377726 0.230769 0.038941 0.093117
0 0.595794 0.394737 0.026480 0.080972
1 0.609813 0.919028 0.042056 0.080972
1 0.298287 0.342105 0.010903 0.036437
1 0.483645 0.319838 0.023364 0.044534
1 0.933022 0.111336 0.007788 0.020243
1 0.127726 0.591093 0.018692 0.060729
1 0.683801 0.544534 0.043614 0.137652
1 0.201713 0.163968 0.014019 0.024291
0 0.350467 0.914980 0.035826 0.068826
1 0.463396 0.528340 0.042056 0.113360
