0 0.916667 0.740891 0.035826 0.089069
0 0.908879 0.301619 0.049844 0.133603
0 0.914330 0.514170 0.006231 0.020243
1 0.755452 0.611336 0.043614 0.068826
0 0.091121 0.168016 0.024922 0.076923
1 0.225078 0.251012 0.028037 0.048583
0 0.562305 0.917004 0.009346 0.020243
1 0.154206 0.279352 0.049844 0.113360
0 0.742991 0.866397 0.023364 0.072874
0 0.257009 0.846154 0.054517 0.133603
1 0.697819 0.550607 0.046729 0.101215
1 0.899533 0.900810 0.049844 0.125506
1 0.955607 0.615385 0.007788 0.016194
1 0.224299 0.538462 0.014019 0.024291
1 0.487539 0.694332 0.014019 0.052632
0 0.358255 0.226721 0.015576 0.028340
1 0.804517 0.214575 0.042056 0.113360
1 0.500779 0.301619 0.020249 0.044534
0 0.483645 0.259109 0.029595 0.048583
1 0.500000 0.459514 0.012461 0.028340
0 0.200935 0.489879 0.010903 0.016194
1 0.076324 0.844130 0.031153 0.109312
0 0.728193 0.844130 0.020249 0.044534
1 0.105919 0.238866 0.026480 0.060729
0 0.419782 0.759109 0.060748 0.125506
0 0.531931 0.297571 0.023364 0.044534
0 0.112928 0.797571 0.010903 0.032389
1 0.247664 0.755061 0.060748 0.214575
1 0.460280 0.852227 0.065421 0.230769
0 0.523364 0.449393 0.007788 0.016194
0 0.383956 0.421053 0.051402 0.101215
0 0.604361 0.872470 0.014019 0.040486
0 0.587227 0.842105 0.028037 0.072874
0 0.669003 0.779352 0.093458 0.165992
1 0.904206 0.619433 0.020249 0.032389
1 0.338006 0.101215 0.006231 0.020243
1 0.929128 0.200405 0.010903 0.028340
1 0.381620 0.661943 0.010903 0.028340
0 0.130062 0.404858 0.063863 0.165992
1 0.234424 0.868421 0.043614 0.085020
0 0.331776 0.744939 0.031153 0.064777
1 0.375389 0.852227 0.006231 0.012146
1 0.160436 0.821862 0.018692 0.036437
