1 0.065421 0.542510 0.028037 0.089069
1 0.380062 0.291498 0.017134 0.052632
1 0.360592 0.194332 0.029595 0.080972
0 0.618380 0.805668 0.032710 0.085020
1 0.169782 0.680162 0.031153 0.076923
0 0.384735 0.912955 0.037383 0.080972
1 0.603583 0.374494 0.082555 0.214575
0 0.483645 0.481781 0.063863 0.182186
0 0.474299 0.617409 0.084112 0.218623
1 0.412773 0.196356 0.026480 0.044534
1 0.461059 0.340081 0.015576 0.056680
0 0.248442 0.917004 0.038941 0.089069
1 0.772586 0.886640 0.015576 0.060729
1 0.451713 0.263158 0.012461 0.032389
1 0.137072 0.459514 0.049844 0.153846
1 0.225078 0.392713 0.035826 0.101215
1 0.563084 0.558704 0.051402 0.182186
1 0.287383 0.878543 0.024922 0.080972
1 0.246885 0.447368 0.028037 0.113360
1 0.909657 0.129555 0.021807 0.072874
1 0.080997 0.791498 0.031153 0.093117
1 0.721184 0.576923 0.035826 0.097166
0 0.834112 0.216599 0.056075 0.141700
1 0.123832 0.257085 0.010903 0.028340
1 0.183022 0.392713 0.048287 0.157895
1 0.524143 0.914980 0.021807 0.056680
1 0.674455 0.690283 0.015576 0.048583
1 0.187695 0.208502 0.009346 0.036437
1 0.197819 0.607287 0.035826 0.089069
1 0.882399 0.734818 0.062305 0.165992
0 0.232087 0.589069 0.043614 0.117409
1 0.560748 0.686235 0.045171 0.105263
0 0.093458 0.736842 0.023364 0.064777
1 0.934579 0.929150 0.032710 0.068826
0 0.599688 0.587045 0.049844 0.097166
0 0.200156 0.153846 0.032710 0.064777
1 0.253894 0.141700 0.020249 0.044534
1 0.797508 0.574899 0.059190 0.206478
1 0.342679 0.698381 0.035826 0.089069
0 0.718847 0.186235 0.045171 0.056680
0 0.901869 0.331984 0.018692 0.089069
1 0.305296 0.500000 0.015576 0.028340
0 0.792056 0.212551 0.012461 0.036437
1 0.262461 0.829960 0.035826 0.060729
0 0.336449 0.829960 0.015576 0.040486
1 0.156542 0.265182 0.017134 0.052632
1 0.535047 0.467611 0.024922 0.072874
0 0.633956 0.524291 0.009346 0.036437
1 0.720405 0.738866 0.023364 0.044534
1 0.606698 0.698381 0.010903 0.052632
