1 0.538162 0.716599 0.029595 0.064777
0 0.107477 0.327935 0.021807 0.040486
0 0.570872 0.732794 0.015576 0.052632
1 0.369938 0.396761 0.024922 0.052632
0 0.649533 0.617409 0.065421 0.153846
0 0.269470 0.625506 0.060748 0.109312
0 0.683022 0.783401 0.028037 0.072874
0 0.792056 0.878543 0.038941 0.085020
1 0.123053 0.637652 0.017134 0.068826
1 0.260903 0.805668 0.043614 0.109312
1 0.867601 0.493927 0.034268 0.085020
0 0.460280 0.886640 0.026480 0.048583
1 0.184579 0.323887 0.073209 0.165992
1 0.162773 0.751012 0.007788 0.020243
1 0.577103 0.435223 0.059190 0.117409
1 0.778037 0.267206 0.118380 0.259109
0 0.820872 0.485830 0.037383 0.085020
1 0.562305 0.301619 0.010903 0.036437
0 0.685358 0.396761 0.065421 0.174089
1 0.703271 0.147773 0.024922 0.101215
1 0.294393 0.287449 0.009346 0.024291
0 0.798287 0.670040 0.007788 0.020243
1 0.594237 0.301619 0.020249 0.052632
0 0.289720 0.419028 0.012461 0.028340
0 0.845794 0.576923 0.012461 0.032389
0 0.504673 0.595142 0.043614 0.109312
1 0.886293 0.690283 0.046729 0.109312
1 0.676012 0.923077 0.038941 0.097166
1 0.221963 0.273279 0.020249 0.032389
0 0.683022 0.633603 0.049844 0.133603
1 0.575545 0.870445 0.004673 0.020243
1 0.608255 0.552632 0.009346 0.020243
1 0.213396 0.133603 0.034268 0.072874
0 0.185358 0.202429 0.034268 0.097166
1 0.393302 0.388664 0.034268 0.097166
1 0.661215 0.228745 0.026480 0.040486
1 0.537383 0.564777 0.037383 0.109312
1 0.293614 0.475709 0.007788 0.020243
1 0.130062 0.953441 0.012461 0.040486
1 0.086449 0.809717 0.017134 0.032389
1 0.474299 0.133603 0.014019 0.028340
