1 0.908879 0.392713 0.062305 0.125506
1 0.170561 0.390688 0.015576 0.052632
0 0.465732 0.508097 0.052960 0.089069
1 0.746885 0.145749 0.034268 0.089069
1 0.889408 0.251012 0.054517 0.246964
1 0.927570 0.461538 0.028037 0.080972
1 0.719626 0.611336 0.017134 0.064777
0 0.193146 0.449393 0.009346 0.036437
0 0.728193 0.439271 0.031153 0.064777
0 0.338785 0.550607 0.023364 0.080972
1 0.901090 0.755061 0.007788 0.028340
1 0.397196 0.378543 0.054517 0.226721
1 0.725857 0.702429 0.020249 0.040486
1 0.494548 0.870445 0.040498 0.097166
0 0.788941 0.295547 0.059190 0.157895
1 0.554517 0.771255 0.028037 0.056680
1 0.069315 0.888664 0.063863 0.178138
0 0.073988 0.520243 0.048287 0.113360
1 0.314642 0.720648 0.098131 0.178138
1 0.253115 0.720648 0.046729 0.101215
1 0.840343 0.540486 0.017134 0.052632
1 0.056854 0.396761 0.024922 0.060729
0 0.828660 0.755061 0.021807 0.052632
1 0.382399 0.257085 0.023364 0.093117
1 0.430685 0.255061 0.031153 0.097166
0 0.710280 0.534413 0.009346 0.032389
1 0.139408 0.471660 0.068536 0.149798
1 0.243769 0.224696 0.015576 0.040486
1 0.566978 0.866397 0.023364 0.105263
1 0.701713 0.852227 0.046729 0.101215
