1 0.832555 0.724696 0.093458 0.226721
1 0.860592 0.495951 0.029595 0.085020
1 0.790498 0.453441 0.062305 0.226721
1 0.123832 0.358300 0.046729 0.129555
0 0.712617 0.483806 0.014019 0.036437
1 0.791277 0.912955 0.015576 0.036437
1 0.533489 0.684211 0.042056 0.105263
0 0.373832 0.105263 0.009346 0.024291
1 0.544393 0.493927 0.014019 0.044534
1 0.319315 0.504049 0.018692 0.052632
1 0.581776 0.323887 0.015576 0.044534
1 0.059969 0.297571 0.009346 0.024291
0 0.706386 0.809717 0.062305 0.121457
1 0.323209 0.728745 0.079439 0.263158
1 0.954829 0.445344 0.012461 0.024291
1 0.208723 0.690283 0.017134 0.060729
1 0.483645 0.293522 0.082555 0.238866
0 0.330218 0.277328 0.035826 0.080972
1 0.836449 0.281377 0.056075 0.117409
1 0.309190 0.546559 0.026480 0.032389
1 0.732087 0.303644 0.043614 0.141700
0 0.257788 0.884615 0.010903 0.040486
0 0.683022 0.912955 0.043614 0.101215
1 0.501558 0.528340 0.060748 0.157895
0 0.578660 0.184211 0.032710 0.093117
1 0.710280 0.542510 0.029595 0.076923
0 0.735981 0.429150 0.045171 0.097166
1 0.228193 0.599190 0.052960 0.190283
1 0.524143 0.360324 0.007788 0.024291
1 0.254673 0.267206 0.020249 0.036437
0 0.243769 0.309717 0.007788 0.020243
1 0.731308 0.188259 0.040498 0.145749
1 0.254673 0.765182 0.035826 0.089069
1 0.420561 0.449393 0.023364 0.040486
1 0.503115 0.605263 0.040498 0.089069
1 0.914330 0.872470 0.028037 0.068826
1 0.890187 0.265182 0.023364 0.060729
0 0.643302 0.621457 0.051402 0.109312
0 0.150312 0.159919 0.026480 0.076923
1 0.227414 0.769231 0.012461 0.032389
1 0.669003 0.696356 0.020249 0.085020
1 0.262461 0.301619 0.018692 0.044534
1 0.075545 0.475709 0.060748 0.157895
1 0.894081 0.153846 0.021807 0.044534
0 0.652648 0.465587 0.021807 0.105263
0 0.271807 0.143725 0.004673 0.012146
1 0.163551 0.680162 0.018692 0.064777
1 0.710280 0.935223 0.009346 0.016194
0 0.911215 0.706478 0.028037 0.129555
0 0.200935 0.746964 0.010903 0.028340
0 0.105919 0.457490 0.021807 0.048583
1 0.786604 0.704453 0.076324 0.234818
1 0.387850 0.390688 0.066978 0.137652
1 0.161215 0.777328 0.029595 0.056680
1 0.654984 0.862348 0.015576 0.040486
1 0.085670 0.589069 0.009346 0.024291
1 0.391745 0.161943 0.038941 0.064777
1 0.173676 0.781377 0.017134 0.060729
1 0.690810 0.348178 0.051402 0.113360
