0 0.384735 0.570850 0.098131 0.141700
1 0.728193 0.431174 0.043614 0.125506
0 0.390966 0.716599 0.012461 0.028340
1 0.830997 0.202429 0.026480 0.076923
1 0.373053 0.226721 0.043614 0.141700
1 0.571651 0.846154 0.065421 0.186235
1 0.870717 0.212551 0.023364 0.085020
1 0.655763 0.767206 0.070093 0.198381
0 0.799844 0.643725 0.057632 0.210526
0 0.143302 0.597166 0.032710 0.129555
1 0.144860 0.548583 0.026480 0.109312
0 0.549844 0.475709 0.068536 0.161943
1 0.644860 0.643725 0.031153 0.093117
1 0.485202 0.410931 0.004673 0.012146
1 0.235202 0.775304 0.074766 0.105263
0 0.618380 0.451417 0.012461 0.028340
1 0.355919 0.912955 0.029595 0.072874
0 0.189252 0.560729 0.035826 0.097166
0 0.332555 0.149798 0.004673 0.016194
1 0.616044 0.941296 0.037383 0.080972
1 0.191589 0.692308 0.026480 0.060729
0 0.517134 0.813765 0.014019 0.044534
0 0.933022 0.751012 0.006231 0.028340
0 0.467290 0.704453 0.051402 0.121457
1 0.612150 0.350202 0.035826 0.105263
0 0.842679 0.633603 0.021807 0.028340
0 0.838785 0.354251 0.010903 0.020243
1 0.464174 0.945344 0.024922 0.068826
1 0.830997 0.354251 0.009346 0.036437
1 0.513240 0.180162 0.032710 0.076923
1 0.123832 0.870445 0.032710 0.076923
1 0.447819 0.635628 0.040498 0.085020
