0 0.831776 0.370445 0.063863 0.149798
1 0.541277 0.844130 0.031153 0.076923
1 0.397975 0.528340 0.034268 0.068826
0 0.673676 0.222672 0.026480 0.064777
0 0.397196 0.751012 0.040498 0.174089
1 0.671340 0.402834 0.074766 0.182186
1 0.303738 0.342105 0.105919 0.226721
1 0.744548 0.556680 0.031153 0.085020
0 0.575545 0.394737 0.037383 0.105263
1 0.703271 0.643725 0.066978 0.202429
1 0.751558 0.388664 0.160436 0.283401
0 0.683801 0.813765 0.012461 0.032389
0 0.448598 0.904858 0.034268 0.080972
1 0.813863 0.566802 0.017134 0.085020
1 0.715732 0.202429 0.037383 0.072874
1 0.143302 0.161943 0.009346 0.024291
1 0.920561 0.516194 0.074766 0.161943
1 0.066978 0.870445 0.043614 0.129555
1 0.565421 0.868421 0.043614 0.089069
1 0.746106 0.738866 0.012461 0.052632
0 0.140966 0.538462 0.048287 0.089069
1 0.274143 0.208502 0.021807 0.064777
1 0.580997 0.925101 0.035826 0.093117
1 0.269470 0.147773 0.034268 0.064777
1 0.947040 0.848178 0.028037 0.056680
1 0.473520 0.352227 0.076324 0.222672
0 0.123832 0.228745 0.029595 0.072874
1 0.407321 0.228745 0.007788 0.020243
0 0.182243 0.842105 0.060748 0.190283
1 0.818536 0.783401 0.038941 0.113360
1 0.127726 0.317814 0.031153 0.125506
0 0.204050 0.212551 0.060748 0.170040
1 0.172118 0.327935 0.023364 0.056680
1 0.464174 0.872470 0.018692 0.040486
0 0.492212 0.186235 0.012461 0.036437
1 0.434579 0.629555 0.046729 0.133603
1 0.154984 0.704453 0.017134 0.044534
0 0.899533 0.678138 0.015576 0.020243
1 0.823209 0.846154 0.045171 0.101215
0 0.454050 0.212551 0.024922 0.072874
1 0.170561 0.708502 0.017134 0.036437
0 0.791277 0.570850 0.010903 0.032389
1 0.130841 0.595142 0.029595 0.072874
0 0.305296 0.767206 0.028037 0.056680
0 0.281931 0.805668 0.026480 0.072874
1 0.238318 0.388664 0.076324 0.165992
0 0.381620 0.823887 0.056075 0.137652
0 0.580218 0.552632 0.034268 0.097166
0 0.610592 0.512146 0.059190 0.076923
1 0.281931 0.692308 0.023364 0.064777
1 0.469626 0.182186 0.021807 0.036437
