1 0.546729 0.807692 0.037383 0.085020
1 0.579439 0.232794 0.023364 0.121457
1 0.086449 0.255061 0.007788 0.016194
1 0.496885 0.631579 0.009346 0.032389
0 0.324766 0.344130 0.068536 0.210526
0 0.293614 0.467611 0.031153 0.072874
0 0.129283 0.289474 0.012461 0.028340
1 0.078660 0.827935 0.029595 0.068826
1 0.714174 0.641700 0.010903 0.032389
1 0.211838 0.321862 0.014019 0.056680
0 0.243769 0.352227 0.042056 0.080972
0 0.584112 0.890688 0.018692 0.080972
0 0.390187 0.726721 0.074766 0.198381
1 0.563084 0.704453 0.020249 0.048583
1 0.777259 0.368421 0.029595 0.109312
1 0.802181 0.910931 0.021807 0.036437
1 0.908879 0.872470 0.035826 0.109312
0 0.389408 0.593117 0.017134 0.044534
1 0.320872 0.455466 0.015576 0.044534
1 0.130062 0.348178 0.031153 0.085020
0 0.191589 0.372470 0.045171 0.113360
1 0.639408 0.218623 0.029595 0.105263
0 0.316978 0.757085 0.073209 0.238866
1 0.224299 0.637652 0.107477 0.259109
0 0.695483 0.439271 0.015576 0.044534
0 0.126168 0.631579 0.023364 0.068826
0 0.788941 0.408907 0.031153 0.080972
1 0.538162 0.230769 0.043614 0.093117
0 0.595016 0.548583 0.066978 0.246964
1 0.631620 0.864372 0.032710 0.085020
1 0.830997 0.838057 0.051402 0.105263
1 0.487539 0.759109 0.062305 0.137652
1 0.898754 0.560729 0.029595 0.076923
1 0.246106 0.214575 0.046729 0.137652
0 0.938474 0.265182 0.017134 0.040486
0 0.891745 0.746964 0.018692 0.036437
1 0.446262 0.884615 0.038941 0.121457
1 0.616044 0.925101 0.037383 0.093117
0 0.778037 0.736842 0.038941 0.105263
0 0.473520 0.493927 0.012461 0.028340
1 0.097352 0.672065 0.032710 0.105263
0 0.494548 0.386640 0.017134 0.052632
1 0.485981 0.906883 0.034268 0.101215
1 0.795950 0.676113 0.043614 0.125506
0 0.369938 0.848178 0.012461 0.032389
0 0.345016 0.890688 0.042056 0.117409
0 0.764019 0.172065 0.035826 0.121457
1 0.852025 0.157895 0.024922 0.093117
0 0.069315 0.761134 0.020249 0.048583
1 0.700935 0.340081 0.021807 0.052632
1 0.809190 0.184211 0.007788 0.020243
0 0.318536 0.888664 0.045171 0.109312
1 0.609813 0.854251 0.038941 0.121457
1 0.172118 0.858300 0.028037 0.072874
1 0.560748 0.186235 0.018692 0.044534
1 0.725078 0.226721 0.065421 0.113360
