1 0.531931 0.180162 0.032710 0.076923
1 0.713396 0.368421 0.140187 0.331984
1 0.539720 0.611336 0.066978 0.125506
1 0.441589 0.406883 0.042056 0.109312
0 0.660436 0.670040 0.024922 0.068826
1 0.171340 0.686235 0.038941 0.117409
0 0.092679 0.668016 0.046729 0.068826
0 0.485981 0.212551 0.020249 0.060729
1 0.827103 0.344130 0.034268 0.064777
0 0.821651 0.129555 0.021807 0.044534
1 0.376947 0.587045 0.020249 0.080972
1 0.781931 0.706478 0.023364 0.076923
1 0.190031 0.761134 0.026480 0.064777
1 0.907321 0.801619 0.023364 0.064777
1 0.570093 0.149798 0.018692 0.048583
1 0.376947 0.279352 0.018692 0.036437
1 0.741433 0.700405 0.009346 0.036437
0 0.531931 0.694332 0.070093 0.190283
0 0.362150 0.327935 0.049844 0.080972
1 0.206386 0.248988 0.045171 0.157895
1 0.485981 0.295547 0.020249 0.064777
0 0.694704 0.601215 0.007788 0.020243
0 0.401090 0.528340 0.046729 0.117409
1 0.679128 0.552632 0.017134 0.028340
0 0.888629 0.372470 0.007788 0.016194
1 0.366822 0.864372 0.026480 0.044534
1 0.349688 0.726721 0.049844 0.101215
0 0.554517 0.323887 0.040498 0.072874
0 0.807632 0.704453 0.043614 0.121457
1 0.623832 0.372470 0.010903 0.032389
1 0.239097 0.633603 0.070093 0.145749
1 0.908879 0.218623 0.024922 0.052632
1 0.701713 0.882591 0.014019 0.048583
1 0.606698 0.437247 0.057632 0.105263
0 0.535047 0.933198 0.010903 0.024291
0 0.809969 0.287449 0.059190 0.129555
1 0.850467 0.678138 0.018692 0.044534
0 0.813084 0.621457 0.017134 0.052632
1 0.489875 0.860324 0.035826 0.113360
0 0.281931 0.172065 0.048287 0.105263
1 0.582555 0.238866 0.038941 0.105263
1 0.933022 0.178138 0.026480 0.121457
