1 0.063863 0.301619 0.028037 0.109312
1 0.745327 0.512146 0.037383 0.056680
1 0.656542 0.435223 0.012461 0.032389
1 0.824766 0.259109 0.024922 0.085020
1 0.849688 0.334008 0.024922 0.080972
1 0.259346 0.425101 0.045171 0.113360
0 0.748442 0.969636 0.004673 0.012146
1 0.740654 0.180162 0.012461 0.028340
0 0.750779 0.805668 0.046729 0.121457
1 0.858255 0.380567 0.046729 0.076923
1 0.904984 0.748988 0.014019 0.040486
1 0.700935 0.890688 0.023364 0.076923
1 0.577882 0.793522 0.031153 0.076923
1 0.654984 0.629555 0.059190 0.186235
1 0.565421 0.392713 0.076324 0.133603
1 0.444704 0.331984 0.054517 0.165992
1 0.658100 0.811741 0.034268 0.076923
0 0.696262 0.236842 0.042056 0.109312
0 0.528037 0.287449 0.040498 0.117409
1 0.214174 0.437247 0.037383 0.101215
1 0.579439 0.696356 0.014019 0.024291
1 0.917445 0.872470 0.059190 0.157895
1 0.241433 0.321862 0.046729 0.137652
0 0.401869 0.251012 0.021807 0.040486
1 0.397196 0.977733 0.009346 0.020243
1 0.108255 0.532389 0.070093 0.178138
1 0.900312 0.267206 0.009346 0.032389
1 0.578660 0.257085 0.015576 0.044534
0 0.147196 0.908907 0.021807 0.044534
0 0.797508 0.404858 0.024922 0.064777
1 0.570872 0.923077 0.035826 0.109312
0 0.789720 0.303644 0.031153 0.076923
1 0.178349 0.807692 0.024922 0.068826
1 0.224299 0.892713 0.034268 0.093117
1 0.241433 0.639676 0.059190 0.153846
1 0.799844 0.135628 0.012461 0.032389
1 0.524143 0.836032 0.021807 0.052632
1 0.915109 0.516194 0.042056 0.085020
1 0.936916 0.196356 0.007788 0.020243
1 0.629283 0.194332 0.029595 0.076923
0 0.602025 0.613360 0.004673 0.012146
1 0.165109 0.599190 0.046729 0.170040
1 0.312305 0.672065 0.038941 0.121457
1 0.351246 0.898785 0.063863 0.149798
1 0.829439 0.493927 0.034268 0.085020
