1 0.304517 0.532389 0.042056 0.149798
1 0.596573 0.556680 0.043614 0.137652
1 0.425234 0.917004 0.032710 0.068826
1 0.238318 0.435223 0.010903 0.044534
0 0.901869 0.856275 0.024922 0.040486
1 0.492991 0.921053 0.035826 0.101215
1 0.088785 0.414980 0.028037 0.068826
1 0.452492 0.755061 0.099688 0.194332
0 0.210280 0.384615 0.015576 0.040486
0 0.292835 0.149798 0.026480 0.076923
1 0.815421 0.921053 0.073209 0.113360
1 0.478972 0.445344 0.028037 0.097166
1 0.711838 0.356275 0.045171 0.101215
0 0.942368 0.396761 0.037383 0.093117
0 0.911215 0.894737 0.024922 0.068826
1 0.578660 0.412955 0.045171 0.113360
1 0.701713 0.647773 0.017134 0.044534
1 0.530374 0.113360 0.014019 0.024291
1 0.871495 0.613360 0.034268 0.085020
1 0.292056 0.894737 0.045171 0.072874
0 0.442368 0.963563 0.024922 0.040486
1 0.936137 0.700405 0.023364 0.080972
0 0.679907 0.192308 0.021807 0.056680
0 0.278816 0.538462 0.023364 0.064777
0 0.272586 0.947368 0.023364 0.052632
1 0.469626 0.301619 0.010903 0.044534
0 0.405763 0.941296 0.031153 0.068826
0 0.543614 0.542510 0.020249 0.064777
1 0.225857 0.742915 0.038941 0.080972
1 0.342679 0.427126 0.026480 0.052632
1 0.928349 0.232794 0.045171 0.097166
0 0.855919 0.550607 0.032710 0.133603
1 0.816978 0.633603 0.021807 0.052632
1 0.551402 0.742915 0.070093 0.117409
1 0.910436 0.317814 0.029595 0.093117
1 0.618380 0.309717 0.042056 0.072874
1 0.381620 0.698381 0.031153 0.072874
1 0.401869 0.682186 0.026480 0.068826
0 0.316199 0.668016 0.056075 0.186235
1 0.877726 0.344130 0.037383 0.080972
0 0.471184 0.242915 0.014019 0.056680
0 0.219626 0.301619 0.021807 0.076923
0 0.457944 0.192308 0.014019 0.060729
0 0.730530 0.712551 0.052960 0.101215
