0 0.440810 0.368421 0.009346 0.032389
1 0.126168 0.299595 0.052960 0.105263
1 0.692368 0.520243 0.060748 0.194332
1 0.622274 0.376518 0.031153 0.072874
0 0.478193 0.293522 0.012461 0.032389
1 0.365265 0.410931 0.012461 0.044534
1 0.133956 0.139676 0.020249 0.044534
0 0.941589 0.408907 0.023364 0.056680
1 0.082555 0.117409 0.018692 0.028340
1 0.384735 0.182186 0.028037 0.072874
1 0.637072 0.682186 0.060748 0.080972
1 0.394081 0.850202 0.029595 0.056680
1 0.788941 0.323887 0.080997 0.222672
1 0.794393 0.947368 0.007788 0.028340
0 0.844237 0.500000 0.012461 0.028340
1 0.224299 0.765182 0.031153 0.048583
1 0.214953 0.497976 0.017134 0.032389
0 0.118380 0.580972 0.007788 0.020243
0 0.816978 0.769231 0.026480 0.040486
1 0.203271 0.325911 0.029595 0.060729
0 0.256231 0.218623 0.017134 0.036437
0 0.801402 0.564777 0.066978 0.214575
1 0.086449 0.396761 0.066978 0.182186
0 0.887072 0.532389 0.048287 0.170040
1 0.666667 0.890688 0.028037 0.052632
1 0.573209 0.941296 0.015576 0.060729
1 0.685358 0.390688 0.024922 0.068826
0 0.310748 0.795547 0.006231 0.020243
0 0.199377 0.809717 0.042056 0.105263
1 0.330218 0.388664 0.032710 0.101215
0 0.460280 0.882591 0.007788 0.016194
0 0.210280 0.613360 0.031153 0.080972
1 0.071651 0.704453 0.009346 0.028340
1 0.595794 0.609312 0.028037 0.101215
1 0.482087 0.489879 0.051402 0.072874
1 0.457165 0.301619 0.028037 0.064777
0 0.370717 0.487854 0.063863 0.113360
0 0.262461 0.293522 0.029595 0.068826
0 0.484424 0.623482 0.017134 0.044534
0 0.672118 0.165992 0.043614 0.072874
1 0.839564 0.216599 0.037383 0.064777
1 0.695483 0.763158 0.042056 0.068826
1 0.901869 0.348178 0.015576 0.052632
1 0.521807 0.797571 0.059190 0.194332
1 0.164330 0.753036 0.010903 0.032389
1 0.135514 0.200405 0.034268 0.052632
0 0.816978 0.965587 0.023364 0.040486
1 0.552181 0.629555 0.020249 0.060729
1 0.621495 0.921053 0.012461 0.028340
1 0.267134 0.809717 0.007788 0.016194
1 0.288941 0.593117 0.063863 0.174089
1 0.683022 0.647773 0.045171 0.121457
1 0.207165 0.461538 0.023364 0.089069
1 0.366044 0.283401 0.051402 0.194332
1 0.304517 0.864372 0.024922 0.085020
1 0.084891 0.526316 0.024922 0.085020
