1 0.202492 0.637652 0.035826 0.105263
0 0.923676 0.230769 0.042056 0.093117
1 0.436916 0.633603 0.037383 0.085020
1 0.841900 0.451417 0.021807 0.064777
1 0.373053 0.228745 0.060748 0.165992
0 0.903427 0.408907 0.054517 0.097166
1 0.129283 0.220648 0.045171 0.121457
1 0.867601 0.785425 0.051402 0.165992
1 0.503894 0.937247 0.032710 0.085020
0 0.103583 0.277328 0.015576 0.044534
1 0.166667 0.566802 0.035826 0.121457
1 0.100467 0.710526 0.020249 0.060729
1 0.296729 0.338057 0.102804 0.186235
0 0.480530 0.384615 0.009346 0.024291
1 0.165888 0.127530 0.017134 0.044534
1 0.510903 0.670040 0.038941 0.137652
1 0.617601 0.538462 0.049844 0.121457
0 0.809969 0.366397 0.014019 0.044534
1 0.767913 0.412955 0.018692 0.036437
1 0.643302 0.726721 0.065421 0.157895
1 0.873832 0.870445 0.052960 0.165992
1 0.934579 0.639676 0.051402 0.105263
0 0.507788 0.576923 0.006231 0.012146
1 0.870717 0.524291 0.026480 0.076923
0 0.244548 0.153846 0.017134 0.040486
0 0.078660 0.406883 0.038941 0.101215
1 0.172118 0.423077 0.080997 0.238866
1 0.759346 0.261134 0.049844 0.101215
0 0.065421 0.518219 0.014019 0.040486
1 0.097352 0.817814 0.026480 0.064777
