1 0.213396 0.811741 0.028037 0.101215
1 0.855919 0.791498 0.057632 0.089069
1 0.471963 0.591093 0.037383 0.125506
0 0.434579 0.398785 0.021807 0.048583
1 0.611371 0.625506 0.043614 0.137652
0 0.721963 0.273279 0.007788 0.020243
1 0.300623 0.763158 0.021807 0.040486
1 0.182243 0.518219 0.042056 0.097166
0 0.269470 0.380567 0.021807 0.060729
0 0.424455 0.163968 0.045171 0.085020
0 0.421340 0.639676 0.014019 0.016194
1 0.499221 0.759109 0.014019 0.032389
1 0.110592 0.661943 0.020249 0.052632
1 0.528037 0.305668 0.063863 0.129555
1 0.796729 0.479757 0.045171 0.133603
1 0.080997 0.546559 0.057632 0.097166
0 0.238318 0.874494 0.056075 0.226721
1 0.339564 0.172065 0.032710 0.085020
1 0.144860 0.200405 0.038941 0.117409
0 0.268692 0.441296 0.049844 0.117409
1 0.199377 0.566802 0.012461 0.020243
0 0.498442 0.364372 0.024922 0.056680
1 0.172118 0.362348 0.042056 0.101215
1 0.632399 0.368421 0.023364 0.097166
1 0.091900 0.431174 0.020249 0.040486
0 0.635514 0.483806 0.037383 0.113360
1 0.744548 0.338057 0.026480 0.068826
0 0.778037 0.718623 0.029595 0.072874
0 0.688474 0.736842 0.012461 0.028340
1 0.544393 0.789474 0.035826 0.145749
0 0.785047 0.186235 0.024922 0.056680
0 0.806854 0.718623 0.026480 0.076923
