1 0.903427 0.412955 0.043614 0.165992
1 0.584891 0.882591 0.045171 0.133603
1 0.228193 0.445344 0.026480 0.048583
0 0.784268 0.682186 0.026480 0.072874
0 0.415109 0.801619 0.017134 0.052632
1 0.884735 0.609312 0.032710 0.072874
0 0.500779 0.582996 0.026480 0.080972
1 0.770249 0.157895 0.014019 0.048583
0 0.201713 0.566802 0.056075 0.165992
1 0.780374 0.277328 0.029595 0.076923
0 0.538941 0.791498 0.052960 0.186235
0 0.182243 0.234818 0.034268 0.105263
1 0.125389 0.771255 0.034268 0.080972
0 0.625389 0.291498 0.021807 0.056680
1 0.612150 0.528340 0.024922 0.080972
1 0.848131 0.939271 0.034268 0.064777
0 0.423676 0.609312 0.062305 0.170040
0 0.254673 0.910931 0.026480 0.093117
0 0.130841 0.273279 0.074766 0.194332
1 0.278816 0.809717 0.040498 0.076923
0 0.782710 0.850202 0.054517 0.125506
1 0.638629 0.161943 0.012461 0.032389
1 0.643302 0.368421 0.048287 0.149798
1 0.369159 0.927126 0.026480 0.113360
1 0.432243 0.305668 0.023364 0.064777
1 0.109813 0.910931 0.017134 0.048583
0 0.711059 0.882591 0.007788 0.024291
0 0.336449 0.720648 0.040498 0.101215
1 0.469626 0.153846 0.014019 0.040486
1 0.684579 0.716599 0.046729 0.153846
1 0.269470 0.757085 0.034268 0.072874
1 0.896417 0.854251 0.038941 0.170040
0 0.225857 0.676113 0.038941 0.089069
0 0.291277 0.479757 0.026480 0.060729
0 0.862928 0.690283 0.066978 0.125506
1 0.598131 0.742915 0.051402 0.125506
1 0.478193 0.216599 0.032710 0.060729
1 0.210280 0.852227 0.043614 0.133603
1 0.161994 0.744939 0.024922 0.064777
1 0.945483 0.842105 0.032710 0.089069
0 0.362150 0.236842 0.028037 0.064777
1 0.248442 0.281377 0.014019 0.052632
0 0.478193 0.791498 0.060748 0.113360
1 0.086449 0.637652 0.054517 0.145749
1 0.320872 0.327935 0.015576 0.044534
0 0.355919 0.615385 0.020249 0.072874
0 0.139408 0.475709 0.057632 0.089069
0 0.552181 0.651822 0.045171 0.080972
1 0.103583 0.753036 0.024922 0.064777
1 0.084112 0.218623 0.028037 0.085020
0 0.352804 0.809717 0.014019 0.036437
1 0.120717 0.663968 0.046729 0.109312
1 0.344237 0.135628 0.018692 0.068826
1 0.445483 0.374494 0.029595 0.056680
0 0.300623 0.811741 0.018692 0.044534
1 0.232087 0.550607 0.038941 0.093117
