1 0.908879 0.414980 0.012461 0.044534
1 0.446262 0.340081 0.014019 0.028340
1 0.858255 0.246964 0.046729 0.076923
0 0.285826 0.493927 0.015576 0.044534
0 0.246885 0.817814 0.026480 0.064777
0 0.088785 0.753036 0.049844 0.125506
0 0.165888 0.872470 0.042056 0.125506
1 0.471963 0.732794 0.012461 0.048583
0 0.045950 0.690283 0.010903 0.020243
0 0.732087 0.234818 0.020249 0.032389
1 0.725857 0.491903 0.046729 0.105263
1 0.378505 0.609312 0.046729 0.097166
0 0.585670 0.777328 0.009346 0.032389
1 0.907321 0.463563 0.026480 0.072874
1 0.529595 0.929150 0.020249 0.044534
0 0.510903 0.198381 0.021807 0.044534
0 0.134735 0.323887 0.024922 0.068826
0 0.349688 0.358300 0.032710 0.109312
0 0.094237 0.910931 0.020249 0.032389
1 0.142523 0.874494 0.029595 0.052632
1 0.397975 0.143725 0.010903 0.020243
0 0.320872 0.190283 0.012461 0.028340
0 0.274922 0.653846 0.006231 0.012146
1 0.934579 0.886640 0.045171 0.068826
0 0.583333 0.356275 0.062305 0.190283
0 0.586449 0.210526 0.049844 0.093117
1 0.417445 0.534413 0.026480 0.056680
1 0.707944 0.935223 0.020249 0.068826
0 0.887850 0.532389 0.029595 0.089069
1 0.550623 0.805668 0.024922 0.048583
1 0.606698 0.149798 0.018692 0.072874
1 0.696262 0.206478 0.037383 0.072874
1 0.774922 0.261134 0.029595 0.036437
0 0.536604 0.380567 0.020249 0.072874
1 0.058411 0.226721 0.040498 0.137652
1 0.860592 0.939271 0.018692 0.080972
0 0.790498 0.759109 0.024922 0.076923
1 0.094237 0.641700 0.076324 0.165992
0 0.134735 0.208502 0.004673 0.016194
1 0.766355 0.554656 0.048287 0.085020
1 0.539720 0.293522 0.046729 0.121457
1 0.416667 0.398785 0.035826 0.089069
1 0.170561 0.194332 0.021807 0.097166
1 0.784268 0.497976 0.056075 0.121457
0 0.616822 0.172065 0.035826 0.089069
1 0.495327 0.578947 0.028037 0.068826
