0 0.726636 0.888664 0.010903 0.020243
1 0.598131 0.334008 0.010903 0.028340
1 0.161994 0.599190 0.034268 0.085020
0 0.083333 0.495951 0.023364 0.068826
1 0.648754 0.759109 0.026480 0.060729
1 0.077103 0.595142 0.059190 0.174089
1 0.897196 0.362348 0.043614 0.157895
1 0.485981 0.888664 0.012461 0.044534
1 0.688474 0.552632 0.059190 0.113360
1 0.492212 0.587045 0.095016 0.255061
1 0.571651 0.890688 0.017134 0.052632
1 0.562305 0.165992 0.015576 0.048583
1 0.778816 0.263158 0.015576 0.060729
0 0.709502 0.246964 0.037383 0.072874
1 0.201713 0.321862 0.024922 0.052632
1 0.334891 0.686235 0.045171 0.170040
1 0.193925 0.465587 0.054517 0.149798
1 0.535047 0.771255 0.035826 0.060729
1 0.802960 0.497976 0.007788 0.016194
1 0.485202 0.107287 0.007788 0.020243
0 0.579439 0.629555 0.006231 0.020243
1 0.612150 0.892713 0.015576 0.028340
0 0.751558 0.516194 0.014019 0.036437
1 0.823209 0.582996 0.023364 0.101215
1 0.485202 0.362348 0.084112 0.336032
1 0.151869 0.678138 0.048287 0.101215
1 0.309969 0.475709 0.015576 0.044534
1 0.664330 0.495951 0.021807 0.056680
0 0.264798 0.554656 0.021807 0.052632
0 0.936916 0.174089 0.037383 0.068826
1 0.729751 0.601215 0.034268 0.044534
1 0.860592 0.576923 0.018692 0.068826
1 0.052960 0.301619 0.009346 0.036437
1 0.652648 0.180162 0.021807 0.072874
1 0.073988 0.410931 0.006231 0.020243
1 0.620717 0.803644 0.045171 0.109312
1 0.246106 0.688259 0.066978 0.170040
1 0.595016 0.137652 0.015576 0.048583
0 0.299844 0.680162 0.026480 0.072874
1 0.569315 0.548583 0.031153 0.052632
0 0.628505 0.882591 0.029595 0.072874
1 0.947040 0.273279 0.006231 0.012146
0 0.844237 0.463563 0.021807 0.036437
1 0.589564 0.959514 0.028037 0.064777
0 0.876947 0.137652 0.031153 0.089069
