1 0.443925 0.331984 0.023364 0.072874
1 0.154206 0.740891 0.023364 0.052632
1 0.612928 0.668016 0.021807 0.072874
1 0.563084 0.821862 0.034268 0.072874
1 0.134735 0.370445 0.051402 0.182186
1 0.332555 0.473684 0.063863 0.230769
1 0.764798 0.888664 0.048287 0.182186
1 0.380062 0.599190 0.060748 0.190283
1 0.298287 0.572874 0.023364 0.048583
1 0.542056 0.421053 0.051402 0.060729
0 0.531931 0.558704 0.054517 0.097166
1 0.694704 0.398785 0.021807 0.044534
1 0.218069 0.840081 0.024922 0.060729
0 0.596573 0.890688 0.054517 0.170040
1 0.189252 0.805668 0.017134 0.056680
0 0.872274 0.637652 0.021807 0.048583
1 0.292835 0.163968 0.024922 0.093117
0 0.095794 0.724696 0.028037 0.068826
0 0.540498 0.202429 0.015576 0.044534
1 0.892523 0.194332 0.004673 0.020243
0 0.462617 0.957490 0.009346 0.036437
0 0.566199 0.109312 0.010903 0.024291
0 0.107477 0.827935 0.031153 0.101215
1 0.859034 0.761134 0.010903 0.032389
0 0.433801 0.196356 0.021807 0.052632
0 0.368380 0.827935 0.006231 0.012146
1 0.254673 0.676113 0.049844 0.097166
1 0.187695 0.153846 0.012461 0.032389
1 0.839564 0.172065 0.043614 0.089069
1 0.315421 0.305668 0.048287 0.149798
1 0.891745 0.807692 0.065421 0.113360
1 0.826324 0.323887 0.018692 0.068826
1 0.913551 0.238866 0.028037 0.068826
1 0.323209 0.795547 0.034268 0.105263
1 0.250779 0.518219 0.006231 0.016194
1 0.827103 0.621457 0.074766 0.210526
1 0.340343 0.908907 0.034268 0.076923
1 0.563863 0.633603 0.031153 0.105263
0 0.344237 0.827935 0.021807 0.060729
1 0.246106 0.234818 0.029595 0.109312
0 0.193146 0.698381 0.020249 0.060729
1 0.320093 0.712551 0.012461 0.032389
1 0.823988 0.495951 0.014019 0.036437
1 0.075545 0.388664 0.024922 0.064777
0 0.147975 0.497976 0.029595 0.064777
1 0.128505 0.204453 0.068536 0.149798
0 0.095794 0.688259 0.040498 0.105263
0 0.935358 0.558704 0.031153 0.072874
1 0.391745 0.251012 0.010903 0.040486
0 0.436137 0.467611 0.018692 0.052632
0 0.266355 0.400810 0.026480 0.064777
0 0.694704 0.548583 0.090343 0.283401
1 0.500779 0.844130 0.010903 0.036437
0 0.329439 0.710526 0.014019 0.036437
1 0.587227 0.609312 0.049844 0.161943
1 0.627726 0.856275 0.020249 0.052632
1 0.311526 0.159919 0.023364 0.060729
1 0.770249 0.188259 0.024922 0.044534
