1 0.783489 0.890688 0.028037 0.101215
1 0.142523 0.174089 0.031153 0.093117
0 0.866044 0.716599 0.020249 0.040486
0 0.169003 0.380567 0.032710 0.080972
1 0.925234 0.831984 0.029595 0.129555
1 0.787383 0.342105 0.031153 0.076923
1 0.288941 0.544534 0.043614 0.125506
1 0.144081 0.825911 0.015576 0.044534
1 0.674455 0.275304 0.035826 0.080972
0 0.763240 0.155870 0.029595 0.080972
0 0.281153 0.714575 0.040498 0.105263
1 0.295171 0.655870 0.038941 0.097166
1 0.887850 0.218623 0.077882 0.238866
1 0.651090 0.726721 0.021807 0.052632
1 0.153427 0.708502 0.007788 0.032389
0 0.253115 0.514170 0.018692 0.056680
1 0.382399 0.325911 0.026480 0.093117
0 0.652648 0.528340 0.065421 0.141700
0 0.699377 0.441296 0.074766 0.178138
0 0.299844 0.763158 0.014019 0.044534
0 0.724299 0.190283 0.038941 0.121457
1 0.915109 0.947368 0.023364 0.064777
1 0.363707 0.621457 0.028037 0.101215
1 0.881620 0.710526 0.017134 0.056680
0 0.644081 0.815789 0.021807 0.052632
0 0.585670 0.880567 0.004673 0.020243
0 0.906542 0.589069 0.032710 0.093117
1 0.576324 0.759109 0.043614 0.097166
0 0.195483 0.380567 0.020249 0.064777
1 0.762461 0.587045 0.023364 0.072874
1 0.812305 0.228745 0.035826 0.093117
0 0.319315 0.457490 0.012461 0.072874
1 0.278037 0.352227 0.024922 0.064777
1 0.103583 0.443320 0.028037 0.085020
1 0.807632 0.870445 0.015576 0.056680
1 0.566978 0.113360 0.012461 0.036437
1 0.413551 0.921053 0.042056 0.085020
1 0.858255 0.410931 0.063863 0.210526
1 0.833333 0.797571 0.062305 0.101215
0 0.214174 0.163968 0.023364 0.072874
1 0.905763 0.716599 0.045171 0.109312
0 0.764019 0.807692 0.023364 0.052632
0 0.378505 0.846154 0.040498 0.072874
0 0.151090 0.663968 0.014019 0.048583
