1 0.905763 0.459514 0.037383 0.101215
0 0.548287 0.376518 0.007788 0.016194
0 0.096573 0.429150 0.018692 0.048583
1 0.465732 0.489879 0.038941 0.076923
0 0.064642 0.129555 0.012461 0.036437
0 0.339564 0.255061 0.020249 0.060729
1 0.285826 0.291498 0.018692 0.048583
1 0.813863 0.704453 0.014019 0.032389
1 0.853583 0.838057 0.026480 0.085020
1 0.452492 0.390688 0.038941 0.117409
0 0.230530 0.793522 0.018692 0.032389
1 0.389408 0.386640 0.012461 0.040486
1 0.735202 0.279352 0.029595 0.137652
0 0.079439 0.742915 0.018692 0.048583
0 0.349688 0.844130 0.099688 0.165992
0 0.738318 0.710526 0.015576 0.032389
1 0.224299 0.900810 0.056075 0.125506
0 0.699377 0.429150 0.009346 0.040486
1 0.564642 0.506073 0.024922 0.052632
1 0.801402 0.613360 0.037383 0.109312
1 0.285047 0.568826 0.006231 0.020243
1 0.848131 0.439271 0.007788 0.024291
1 0.815421 0.753036 0.023364 0.068826
1 0.760903 0.831984 0.014019 0.036437
1 0.939252 0.439271 0.020249 0.052632
0 0.903427 0.368421 0.028037 0.076923
0 0.126168 0.580972 0.031153 0.068826
1 0.246885 0.637652 0.004673 0.016194
0 0.315421 0.445344 0.034268 0.036437
0 0.376168 0.530364 0.045171 0.089069
1 0.445483 0.568826 0.003115 0.012146
1 0.842679 0.957490 0.014019 0.040486
1 0.738318 0.198381 0.059190 0.170040
1 0.274143 0.354251 0.023364 0.072874
0 0.080218 0.510121 0.035826 0.097166
1 0.117601 0.151822 0.010903 0.024291
1 0.125389 0.469636 0.037383 0.113360
1 0.774922 0.653846 0.038941 0.097166
0 0.171340 0.311741 0.015576 0.048583
1 0.207165 0.439271 0.024922 0.076923
1 0.393302 0.635628 0.014019 0.056680
1 0.535826 0.390688 0.023364 0.056680
1 0.626947 0.834008 0.012461 0.040486
1 0.217290 0.475709 0.017134 0.040486
1 0.248442 0.394737 0.018692 0.044534
1 0.554517 0.222672 0.032710 0.113360
1 0.085670 0.862348 0.029595 0.113360
1 0.517913 0.562753 0.020249 0.072874
1 0.070872 0.376518 0.026480 0.093117
1 0.446262 0.216599 0.024922 0.089069
0 0.373832 0.485830 0.015576 0.032389
0 0.265576 0.815789 0.046729 0.133603
