0 0.756231 0.629555 0.048287 0.085020
1 0.718847 0.809717 0.017134 0.052632
1 0.524143 0.447368 0.040498 0.113360
1 0.683801 0.425101 0.029595 0.072874
0 0.239097 0.595142 0.006231 0.020243
1 0.244548 0.204453 0.038941 0.085020
1 0.375389 0.317814 0.004673 0.004049
0 0.235202 0.354251 0.057632 0.178138
1 0.127726 0.589069 0.035826 0.085020
1 0.866822 0.876518 0.042056 0.149798
1 0.601246 0.526316 0.052960 0.125506
0 0.616044 0.921053 0.059190 0.117409
0 0.267913 0.724696 0.042056 0.105263
1 0.896417 0.799595 0.056075 0.182186
0 0.920561 0.698381 0.048287 0.117409
0 0.665888 0.937247 0.010903 0.036437
1 0.494548 0.544534 0.038941 0.174089
0 0.764019 0.248988 0.029595 0.076923
0 0.420561 0.218623 0.021807 0.052632
1 0.482866 0.607287 0.052960 0.133603
1 0.527259 0.576923 0.014019 0.032389
1 0.147196 0.196356 0.028037 0.068826
1 0.323209 0.271255 0.032710 0.109312
1 0.232087 0.637652 0.012461 0.020243
0 0.830997 0.376518 0.020249 0.040486
0 0.753894 0.441296 0.009346 0.024291
0 0.789720 0.574899 0.014019 0.056680
1 0.753115 0.694332 0.043614 0.109312
1 0.117601 0.714575 0.032710 0.097166
0 0.398754 0.489879 0.029595 0.121457
0 0.361371 0.317814 0.018692 0.052632
1 0.806075 0.153846 0.023364 0.044534
0 0.627726 0.404858 0.020249 0.052632
1 0.436916 0.765182 0.010903 0.020243
1 0.834112 0.289474 0.038941 0.101215
0 0.769470 0.291498 0.029595 0.056680
0 0.290498 0.779352 0.045171 0.085020
0 0.693925 0.902834 0.023364 0.052632
1 0.163551 0.601215 0.021807 0.076923
0 0.100467 0.912955 0.017134 0.036437
0 0.294393 0.500000 0.045171 0.145749
1 0.287383 0.384615 0.046729 0.085020
0 0.374611 0.212551 0.043614 0.097166
0 0.529595 0.674089 0.054517 0.165992
0 0.504673 0.724696 0.063863 0.170040
0 0.347352 0.216599 0.031153 0.109312
0 0.854361 0.647773 0.026480 0.060729
0 0.175234 0.538462 0.017134 0.028340
0 0.430685 0.965587 0.020249 0.040486
0 0.144860 0.684211 0.056075 0.145749
0 0.369938 0.283401 0.017134 0.040486
0 0.693925 0.372470 0.049844 0.109312
1 0.460280 0.216599 0.024922 0.060729
1 0.062305 0.174089 0.023364 0.056680
1 0.707944 0.886640 0.035826 0.048583
1 0.505452 0.360324 0.021807 0.056680
0 0.316199 0.809717 0.012461 0.032389
