0 0.636293 0.257085 0.038941 0.194332
1 0.654984 0.874494 0.043614 0.093117
0 0.466511 0.848178 0.024922 0.085020
1 0.290498 0.398785 0.012461 0.036437
1 0.714174 0.886640 0.032710 0.064777
1 0.504673 0.157895 0.049844 0.085020
0 0.385514 0.342105 0.048287 0.113360
0 0.151090 0.599190 0.026480 0.089069
1 0.138629 0.502024 0.051402 0.153846
1 0.372274 0.516194 0.040498 0.101215
0 0.106698 0.803644 0.040498 0.080972
0 0.552181 0.269231 0.031153 0.089069
1 0.632399 0.356275 0.051402 0.117409
1 0.539720 0.222672 0.043614 0.145749
1 0.657321 0.613360 0.063863 0.149798
0 0.884735 0.344130 0.037383 0.072874
1 0.112150 0.159919 0.012461 0.020243
1 0.528816 0.362348 0.073209 0.165992
0 0.609034 0.819838 0.006231 0.020243
1 0.182243 0.540486 0.018692 0.072874
0 0.170561 0.680162 0.045171 0.113360
1 0.630841 0.716599 0.029595 0.080972
1 0.097352 0.350202 0.048287 0.129555
1 0.807632 0.720648 0.032710 0.109312
0 0.245327 0.688259 0.087227 0.161943
1 0.347352 0.271255 0.059190 0.137652
1 0.466511 0.380567 0.018692 0.044534
1 0.598910 0.431174 0.020249 0.028340
1 0.765576 0.663968 0.023364 0.064777
0 0.525701 0.514170 0.048287 0.141700
0 0.436137 0.267206 0.066978 0.206478
1 0.869159 0.248988 0.020249 0.032389
