0 0.504673 0.370445 0.035826 0.076923
0 0.426791 0.325911 0.035826 0.085020
1 0.595016 0.378543 0.068536 0.206478
1 0.251558 0.852227 0.021807 0.085020
1 0.740654 0.334008 0.032710 0.048583
1 0.750779 0.487854 0.034268 0.149798
0 0.273364 0.870445 0.037383 0.097166
1 0.317757 0.714575 0.057632 0.226721
0 0.429907 0.842105 0.029595 0.052632
1 0.704829 0.267206 0.007788 0.020243
1 0.198598 0.850202 0.007788 0.024291
1 0.383956 0.157895 0.014019 0.040486
1 0.242991 0.682186 0.034268 0.125506
1 0.809190 0.617409 0.052960 0.149798
1 0.116822 0.653846 0.046729 0.085020
0 0.486760 0.880567 0.032710 0.085020
1 0.827103 0.676113 0.037383 0.097166
1 0.441589 0.615385 0.017134 0.044534
0 0.693925 0.858300 0.020249 0.048583
1 0.636293 0.617409 0.024922 0.101215
1 0.523364 0.912955 0.020249 0.048583
1 0.254673 0.388664 0.124611 0.356275
1 0.131620 0.690283 0.051402 0.097166
1 0.319315 0.143725 0.037383 0.089069
1 0.826324 0.271255 0.014019 0.048583
0 0.729751 0.534413 0.028037 0.080972
1 0.508567 0.301619 0.014019 0.028340
1 0.537383 0.133603 0.026480 0.072874
1 0.778037 0.218623 0.023364 0.040486
1 0.188474 0.653846 0.032710 0.109312
1 0.809969 0.886640 0.031153 0.093117
1 0.469626 0.524291 0.062305 0.153846
1 0.857477 0.368421 0.034268 0.097166
1 0.161215 0.240891 0.021807 0.044534
0 0.116822 0.840081 0.035826 0.068826
1 0.304517 0.836032 0.032710 0.072874
1 0.872274 0.228745 0.059190 0.117409
1 0.469626 0.293522 0.004673 0.016194
1 0.083333 0.807692 0.020249 0.056680
0 0.446262 0.323887 0.023364 0.064777
1 0.763240 0.718623 0.021807 0.056680
0 0.670561 0.637652 0.026480 0.064777
1 0.795950 0.346154 0.048287 0.076923
1 0.663551 0.779352 0.012461 0.032389
1 0.791277 0.900810 0.029595 0.133603
1 0.181464 0.787449 0.032710 0.048583
1 0.904206 0.512146 0.018692 0.064777
0 0.097352 0.645749 0.051402 0.157895
1 0.254673 0.801619 0.045171 0.105263
1 0.637072 0.382591 0.073209 0.234818
0 0.727414 0.793522 0.040498 0.117409
0 0.803738 0.400810 0.021807 0.048583
1 0.481308 0.639676 0.040498 0.105263
0 0.651869 0.572874 0.034268 0.076923
0 0.390966 0.425101 0.021807 0.068826
