0 0.807632 0.593117 0.026480 0.068826
1 0.098131 0.728745 0.045171 0.202429
0 0.188474 0.609312 0.034268 0.085020
0 0.720405 0.269231 0.104361 0.174089
1 0.042835 0.817814 0.010903 0.056680
0 0.303738 0.823887 0.028037 0.141700
1 0.440031 0.613360 0.046729 0.121457
1 0.917445 0.657895 0.070093 0.157895
0 0.455607 0.291498 0.029595 0.085020
0 0.909657 0.344130 0.031153 0.048583
1 0.151090 0.512146 0.049844 0.113360
1 0.646417 0.941296 0.015576 0.048583
0 0.383178 0.115385 0.009346 0.020243
0 0.314642 0.506073 0.035826 0.080972
0 0.887850 0.781377 0.031153 0.085020
1 0.659657 0.732794 0.042056 0.097166
1 0.227414 0.419028 0.015576 0.036437
1 0.636293 0.184211 0.052960 0.174089
1 0.342679 0.178138 0.015576 0.032389
1 0.602025 0.404858 0.017134 0.032389
0 0.545171 0.811741 0.065421 0.170040
1 0.222741 0.807692 0.074766 0.210526
1 0.148754 0.366397 0.012461 0.052632
1 0.807632 0.759109 0.018692 0.056680
0 0.787383 0.360324 0.051402 0.117409
1 0.104361 0.502024 0.057632 0.210526
1 0.669782 0.419028 0.020249 0.068826
1 0.807632 0.538462 0.014019 0.032389
0 0.929128 0.182186 0.032710 0.060729
1 0.471184 0.360324 0.032710 0.056680
0 0.537383 0.657895 0.032710 0.080972
1 0.890187 0.548583 0.046729 0.153846
1 0.589564 0.497976 0.031153 0.121457
0 0.495327 0.720648 0.034268 0.089069
1 0.584112 0.562753 0.020249 0.068826
0 0.530374 0.564777 0.051402 0.097166
1 0.820872 0.676113 0.020249 0.040486
0 0.167445 0.874494 0.054517 0.157895
1 0.225078 0.402834 0.010903 0.028340
0 0.387850 0.805668 0.065421 0.121457
1 0.507009 0.483806 0.021807 0.036437
1 0.537383 0.319838 0.049844 0.109312
1 0.588785 0.321862 0.010903 0.036437
0 0.920561 0.914980 0.020249 0.060729
0 0.158100 0.220648 0.017134 0.040486
1 0.669003 0.599190 0.031153 0.097166
0 0.640187 0.712551 0.026480 0.085020
1 0.422897 0.815789 0.065421 0.121457
1 0.564642 0.406883 0.018692 0.060729
0 0.406542 0.443320 0.010903 0.024291
1 0.679907 0.836032 0.024922 0.064777
1 0.070093 0.848178 0.014019 0.052632
0 0.338006 0.376518 0.018692 0.048583
1 0.353583 0.311741 0.015576 0.048583
1 0.208723 0.228745 0.018692 0.052632
1 0.239097 0.678138 0.032710 0.113360
1 0.052960 0.431174 0.021807 0.060729
1 0.813863 0.198381 0.063863 0.097166
