0 0.573209 0.805668 0.037383 0.121457
0 0.815421 0.423077 0.012461 0.040486
1 0.780374 0.295547 0.040498 0.194332
1 0.879283 0.255061 0.010903 0.024291
1 0.567757 0.641700 0.009346 0.024291
0 0.714174 0.732794 0.028037 0.080972
1 0.192368 0.908907 0.010903 0.028340
0 0.690810 0.748988 0.018692 0.072874
1 0.081776 0.813765 0.052960 0.133603
1 0.443146 0.528340 0.045171 0.129555
1 0.215732 0.836032 0.017134 0.036437
0 0.265576 0.291498 0.060748 0.186235
1 0.235981 0.846154 0.017134 0.040486
1 0.520249 0.801619 0.018692 0.040486
0 0.548287 0.803644 0.034268 0.214575
1 0.465732 0.692308 0.031153 0.093117
0 0.409657 0.854251 0.014019 0.028340
1 0.933022 0.852227 0.026480 0.068826
1 0.922118 0.362348 0.073209 0.129555
1 0.588006 0.271255 0.014019 0.032389
1 0.841900 0.597166 0.060748 0.133603
1 0.501558 0.898785 0.014019 0.032389
1 0.258567 0.194332 0.023364 0.060729
1 0.826324 0.840081 0.093458 0.279352
0 0.678349 0.848178 0.006231 0.020243
1 0.457165 0.848178 0.035826 0.076923
1 0.086449 0.651822 0.077882 0.101215
1 0.161215 0.354251 0.035826 0.064777
0 0.496106 0.599190 0.040498 0.101215
1 0.863707 0.267206 0.009346 0.044534
0 0.809969 0.465587 0.020249 0.064777
0 0.669003 0.866397 0.010903 0.024291
