1 0.792056 0.192308 0.037383 0.129555
1 0.649533 0.740891 0.071651 0.174089
0 0.440810 0.663968 0.046729 0.097166
0 0.511682 0.838057 0.070093 0.137652
1 0.605919 0.419028 0.024922 0.089069
1 0.361371 0.485830 0.099688 0.190283
0 0.232866 0.157895 0.026480 0.089069
1 0.775701 0.908907 0.015576 0.036437
0 0.603583 0.655870 0.038941 0.121457
1 0.485981 0.716599 0.077882 0.117409
0 0.661994 0.933198 0.015576 0.032389
1 0.518692 0.419028 0.006231 0.020243
1 0.063863 0.544534 0.035826 0.117409
1 0.239097 0.364372 0.060748 0.198381
1 0.402648 0.271255 0.010903 0.032389
1 0.793614 0.631579 0.060748 0.161943
0 0.755452 0.631579 0.046729 0.133603
1 0.824766 0.210526 0.010903 0.036437
0 0.839564 0.625506 0.070093 0.198381
0 0.288162 0.421053 0.042056 0.105263
1 0.608255 0.178138 0.040498 0.129555
0 0.090343 0.287449 0.045171 0.141700
1 0.327882 0.706478 0.026480 0.048583
0 0.250000 0.467611 0.066978 0.161943
1 0.759346 0.392713 0.028037 0.076923
1 0.709502 0.597166 0.048287 0.109312
1 0.608255 0.538462 0.073209 0.145749
1 0.390966 0.799595 0.074766 0.259109
1 0.376947 0.627530 0.031153 0.125506
0 0.927570 0.121457 0.024922 0.056680
1 0.845794 0.344130 0.060748 0.174089
1 0.420561 0.831984 0.079439 0.230769
0 0.396417 0.394737 0.060748 0.186235
1 0.492212 0.214575 0.018692 0.048583
0 0.531153 0.263158 0.009346 0.024291
0 0.297508 0.767206 0.021807 0.052632
1 0.862928 0.785425 0.035826 0.125506
1 0.616822 0.230769 0.060748 0.178138
1 0.454829 0.248988 0.021807 0.052632
1 0.241433 0.107287 0.006231 0.024291
0 0.904984 0.904858 0.026480 0.068826
0 0.746106 0.170040 0.009346 0.028340
0 0.058411 0.850202 0.017134 0.052632
1 0.733645 0.613360 0.049844 0.093117
1 0.567757 0.842105 0.084112 0.198381
1 0.173676 0.202429 0.034268 0.097166
0 0.572430 0.688259 0.007788 0.024291
1 0.169003 0.931174 0.026480 0.097166
0 0.123053 0.497976 0.009346 0.032389
0 0.713396 0.844130 0.065421 0.242915
1 0.352804 0.874494 0.057632 0.161943
0 0.135514 0.803644 0.031153 0.080972
0 0.227414 0.708502 0.057632 0.210526
