0 0.289720 0.263158 0.038941 0.097166
1 0.166667 0.939271 0.043614 0.080972
1 0.739875 0.196356 0.043614 0.145749
1 0.323209 0.560729 0.038941 0.072874
1 0.921340 0.795547 0.012461 0.028340
1 0.296729 0.696356 0.048287 0.117409
1 0.126168 0.370445 0.031153 0.064777
1 0.207944 0.246964 0.026480 0.064777
1 0.062305 0.329960 0.009346 0.020243
1 0.146417 0.497976 0.035826 0.072874
1 0.739097 0.738866 0.087227 0.190283
1 0.708723 0.449393 0.029595 0.052632
0 0.482087 0.757085 0.024922 0.060729
0 0.803738 0.228745 0.031153 0.174089
1 0.742212 0.868421 0.045171 0.149798
0 0.444704 0.461538 0.048287 0.198381
0 0.214953 0.663968 0.059190 0.157895
0 0.787383 0.495951 0.014019 0.028340
1 0.591900 0.532389 0.017134 0.036437
1 0.148754 0.180162 0.038941 0.145749
0 0.937695 0.744939 0.004673 0.008097
1 0.752336 0.303644 0.059190 0.194332
1 0.531153 0.295547 0.059190 0.190283
1 0.450156 0.945344 0.023364 0.068826
0 0.632399 0.702429 0.029595 0.093117
1 0.058411 0.500000 0.017134 0.048583
0 0.466511 0.866397 0.051402 0.125506
1 0.572430 0.854251 0.018692 0.076923
0 0.914330 0.904858 0.009346 0.028340
0 0.079439 0.850202 0.071651 0.145749
1 0.088785 0.975709 0.006231 0.024291
0 0.463396 0.352227 0.063863 0.137652
1 0.133178 0.777328 0.051402 0.141700
1 0.336449 0.147773 0.046729 0.085020
0 0.288162 0.868421 0.015576 0.052632
1 0.751558 0.427126 0.037383 0.101215
0 0.796729 0.728745 0.024922 0.097166
1 0.109813 0.514170 0.029595 0.097166
1 0.506231 0.572874 0.046729 0.048583
1 0.793614 0.672065 0.037383 0.097166
