1 0.176791 0.720648 0.017134 0.056680
0 0.285047 0.376518 0.023364 0.068826
0 0.496106 0.908907 0.029595 0.080972
1 0.883956 0.759109 0.020249 0.036437
1 0.088785 0.716599 0.059190 0.129555
1 0.497664 0.516194 0.038941 0.093117
0 0.343458 0.674089 0.007788 0.020243
0 0.937695 0.927126 0.024922 0.068826
1 0.394860 0.576923 0.034268 0.052632
1 0.937695 0.184211 0.018692 0.052632
1 0.559969 0.491903 0.028037 0.085020
1 0.771807 0.439271 0.014019 0.028340
1 0.250000 0.787449 0.017134 0.064777
0 0.291277 0.910931 0.021807 0.060729
1 0.359034 0.491903 0.040498 0.085020
0 0.580218 0.566802 0.014019 0.032389
1 0.431464 0.676113 0.062305 0.101215
0 0.698598 0.680162 0.015576 0.036437
0 0.896417 0.530364 0.026480 0.064777
0 0.073988 0.161943 0.032710 0.113360
1 0.601246 0.384615 0.038941 0.117409
1 0.260903 0.334008 0.051402 0.125506
1 0.400312 0.520243 0.007788 0.020243
1 0.082555 0.540486 0.049844 0.222672
1 0.604361 0.451417 0.040498 0.101215
1 0.422118 0.147773 0.021807 0.068826
1 0.809969 0.793522 0.006231 0.024291
0 0.165109 0.560729 0.045171 0.129555
0 0.399533 0.769231 0.068536 0.182186
1 0.728193 0.769231 0.014019 0.032389
0 0.757788 0.174089 0.020249 0.056680
