1 0.877726 0.435223 0.032710 0.093117
1 0.221963 0.530364 0.076324 0.226721
0 0.439252 0.670040 0.042056 0.101215
1 0.357477 0.512146 0.043614 0.093117
1 0.934579 0.372470 0.012461 0.032389
0 0.953271 0.692308 0.017134 0.044534
1 0.567757 0.653846 0.017134 0.032389
1 0.119938 0.734818 0.017134 0.044534
1 0.890187 0.619433 0.015576 0.048583
0 0.650312 0.906883 0.014019 0.032389
0 0.650312 0.497976 0.010903 0.016194
1 0.477414 0.297571 0.017134 0.032389
1 0.436137 0.834008 0.063863 0.165992
1 0.066978 0.321862 0.026480 0.060729
1 0.753115 0.518219 0.010903 0.040486
1 0.097352 0.510121 0.010903 0.032389
1 0.757788 0.356275 0.084112 0.129555
1 0.193146 0.246964 0.020249 0.044534
1 0.939252 0.220648 0.034268 0.068826
1 0.675234 0.720648 0.024922 0.076923
1 0.262461 0.864372 0.017134 0.064777
0 0.742212 0.748988 0.032710 0.097166
1 0.450156 0.214575 0.035826 0.060729
0 0.671340 0.226721 0.012461 0.036437
0 0.808411 0.372470 0.029595 0.072874
1 0.805296 0.301619 0.034268 0.133603
0 0.412773 0.493927 0.010903 0.040486
1 0.551402 0.842105 0.026480 0.080972
0 0.474299 0.629555 0.012461 0.028340
1 0.531931 0.722672 0.007788 0.020243
1 0.522586 0.236842 0.040498 0.072874
0 0.140966 0.718623 0.007788 0.020243
1 0.445483 0.738866 0.020249 0.048583
0 0.691589 0.554656 0.010903 0.044534
1 0.584112 0.706478 0.012461 0.028340
0 0.695483 0.803644 0.007788 0.012146
1 0.451713 0.301619 0.032710 0.064777
0 0.278816 0.255061 0.010903 0.020243
0 0.302960 0.340081 0.021807 0.060729
1 0.317757 0.787449 0.057632 0.133603
1 0.092679 0.710526 0.010903 0.024291
1 0.805296 0.558704 0.059190 0.085020
1 0.387850 0.712551 0.020249 0.048583
0 0.197040 0.192308 0.026480 0.068826
1 0.861371 0.309717 0.034268 0.109312
1 0.334891 0.866397 0.043614 0.113360
1 0.632399 0.728745 0.024922 0.076923
1 0.179128 0.408907 0.032710 0.080972
1 0.673676 0.856275 0.038941 0.105263
0 0.549844 0.244939 0.006231 0.008097
1 0.838006 0.548583 0.045171 0.101215
1 0.803738 0.230769 0.035826 0.121457
1 0.327103 0.469636 0.032710 0.068826
1 0.723520 0.234818 0.049844 0.101215
