1 0.254673 0.777328 0.065421 0.198381
1 0.503115 0.799595 0.084112 0.275304
1 0.330218 0.872470 0.040498 0.093117
1 0.345794 0.684211 0.015576 0.040486
0 0.828660 0.536437 0.006231 0.020243
1 0.575545 0.479757 0.116822 0.263158
1 0.847352 0.676113 0.034268 0.068826
1 0.679907 0.562753 0.043614 0.109312
1 0.221184 0.821862 0.042056 0.157895
1 0.883178 0.323887 0.017134 0.052632
0 0.690031 0.795547 0.059190 0.093117
1 0.744548 0.676113 0.084112 0.161943
1 0.773364 0.538462 0.052960 0.129555
1 0.914330 0.726721 0.026480 0.076923
1 0.310748 0.439271 0.017134 0.044534
1 0.236760 0.570850 0.026480 0.068826
1 0.533489 0.611336 0.014019 0.032389
1 0.916667 0.882591 0.057632 0.157895
1 0.587227 0.336032 0.009346 0.032389
1 0.901869 0.461538 0.084112 0.218623
1 0.638629 0.378543 0.043614 0.125506
1 0.721184 0.775304 0.034268 0.117409
1 0.408879 0.670040 0.054517 0.101215
1 0.821651 0.803644 0.048287 0.093117
0 0.162773 0.777328 0.017134 0.052632
1 0.778816 0.429150 0.043614 0.129555
0 0.329439 0.965587 0.015576 0.048583
1 0.252336 0.587045 0.014019 0.032389
0 0.651869 0.236842 0.015576 0.044534
1 0.801402 0.378543 0.048287 0.157895
0 0.739875 0.204453 0.101246 0.194332
0 0.432243 0.246964 0.029595 0.052632
1 0.307632 0.303644 0.066978 0.125506
0 0.550623 0.831984 0.014019 0.044534
0 0.257009 0.441296 0.035826 0.101215
1 0.362928 0.817814 0.006231 0.016194
1 0.325545 0.366397 0.031153 0.137652
1 0.318536 0.161943 0.023364 0.048583
1 0.503115 0.534413 0.024922 0.044534
1 0.392523 0.625506 0.049844 0.125506
0 0.619938 0.931174 0.034268 0.076923
1 0.089564 0.746964 0.010903 0.028340
1 0.664330 0.471660 0.014019 0.036437
1 0.434579 0.277328 0.009346 0.028340
1 0.126168 0.900810 0.015576 0.036437
1 0.862150 0.724696 0.014019 0.024291
0 0.595016 0.692308 0.073209 0.198381
1 0.863707 0.206478 0.043614 0.125506
0 0.556075 0.761134 0.048287 0.117409
0 0.568536 0.174089 0.042056 0.113360
1 0.921340 0.232794 0.038941 0.141700
1 0.113707 0.374494 0.051402 0.161943
1 0.053738 0.528340 0.020249 0.048583
