0 0.328660 0.688259 0.018692 0.032389
0 0.598910 0.787449 0.024922 0.076923
1 0.770249 0.720648 0.101246 0.291498
1 0.521807 0.216599 0.073209 0.182186
0 0.244548 0.392713 0.048287 0.113360
0 0.221184 0.206478 0.065421 0.170040
1 0.195483 0.261134 0.032710 0.121457
1 0.543614 0.495951 0.024922 0.072874
0 0.918224 0.973684 0.009346 0.020243
0 0.271807 0.376518 0.026480 0.072874
1 0.834891 0.396761 0.045171 0.093117
1 0.863707 0.912955 0.038941 0.093117
1 0.235202 0.639676 0.049844 0.089069
1 0.372274 0.690283 0.020249 0.064777
0 0.644860 0.864372 0.020249 0.072874
0 0.835670 0.672065 0.029595 0.056680
1 0.284268 0.670040 0.059190 0.190283
1 0.669003 0.823887 0.017134 0.048583
1 0.621495 0.516194 0.074766 0.194332
1 0.587227 0.744939 0.012461 0.024291
1 0.053738 0.323887 0.014019 0.032389
1 0.257009 0.477733 0.006231 0.016194
0 0.686916 0.647773 0.035826 0.089069
0 0.549065 0.831984 0.024922 0.068826
1 0.073988 0.398785 0.028037 0.109312
1 0.494548 0.532389 0.035826 0.076923
1 0.448598 0.516194 0.040498 0.105263
1 0.409657 0.585020 0.051402 0.206478
0 0.455607 0.465587 0.054517 0.064777
0 0.869159 0.327935 0.018692 0.040486
0 0.462617 0.842105 0.035826 0.093117
1 0.144860 0.862348 0.073209 0.202429
1 0.485981 0.172065 0.014019 0.024291
1 0.697819 0.455466 0.018692 0.040486
0 0.696262 0.222672 0.029595 0.121457
1 0.586449 0.882591 0.029595 0.056680
1 0.945483 0.279352 0.026480 0.064777
0 0.769470 0.538462 0.034268 0.080972
0 0.084112 0.811741 0.006231 0.020243
1 0.323988 0.854251 0.012461 0.040486
0 0.832555 0.898785 0.020249 0.064777
1 0.067757 0.230769 0.015576 0.040486
0 0.788162 0.546559 0.026480 0.052632
0 0.116044 0.151822 0.032710 0.085020
1 0.381620 0.759109 0.028037 0.060729
1 0.800623 0.902834 0.021807 0.064777
0 0.380841 0.943320 0.007788 0.024291
0 0.586449 0.242915 0.006231 0.016194
1 0.674455 0.216599 0.009346 0.016194
1 0.447819 0.730769 0.023364 0.101215
0 0.465732 0.961538 0.014019 0.020243
1 0.905763 0.558704 0.040498 0.125506
0 0.552181 0.769231 0.014019 0.032389
0 0.602025 0.374494 0.042056 0.085020
0 0.856698 0.238866 0.015576 0.040486
0 0.140966 0.491903 0.045171 0.093117
0 0.396417 0.327935 0.038941 0.113360
0 0.749221 0.489879 0.018692 0.052632
0 0.345794 0.708502 0.032710 0.064777
