1 0.734424 0.439271 0.017134 0.044534
0 0.873053 0.311741 0.045171 0.105263
0 0.198598 0.785425 0.077882 0.113360
0 0.432243 0.125506 0.020249 0.052632
1 0.355919 0.710526 0.037383 0.085020
0 0.819315 0.311741 0.046729 0.129555
1 0.633178 0.736842 0.017134 0.076923
1 0.249221 0.536437 0.040498 0.097166
0 0.535047 0.234818 0.010903 0.032389
1 0.127726 0.769231 0.034268 0.072874
0 0.764019 0.502024 0.052960 0.149798
1 0.449377 0.631579 0.046729 0.182186
1 0.430685 0.453441 0.007788 0.016194
1 0.471963 0.441296 0.049844 0.129555
1 0.517134 0.220648 0.031153 0.076923
1 0.716511 0.629555 0.032710 0.056680
1 0.669782 0.283401 0.021807 0.085020
0 0.798287 0.591093 0.051402 0.097166
1 0.692368 0.848178 0.043614 0.133603
0 0.740654 0.394737 0.020249 0.052632
1 0.232866 0.427126 0.035826 0.109312
0 0.041277 0.267206 0.007788 0.032389
1 0.101246 0.273279 0.024922 0.080972
0 0.550623 0.609312 0.007788 0.028340
1 0.599688 0.949393 0.012461 0.012146
1 0.802181 0.838057 0.031153 0.072874
0 0.673676 0.445344 0.045171 0.101215
1 0.433801 0.874494 0.014019 0.032389
1 0.093458 0.190283 0.035826 0.076923
0 0.719626 0.961538 0.014019 0.032389
1 0.488318 0.331984 0.048287 0.101215
0 0.830997 0.787449 0.045171 0.093117
1 0.862928 0.801619 0.056075 0.165992
1 0.204050 0.109312 0.009346 0.024291
0 0.112928 0.599190 0.023364 0.056680
1 0.550623 0.716599 0.023364 0.060729
1 0.194704 0.542510 0.062305 0.153846
