1 0.564642 0.429150 0.009346 0.032389
0 0.185358 0.910931 0.031153 0.121457
0 0.829439 0.585020 0.024922 0.064777
0 0.260903 0.453441 0.056075 0.153846
1 0.211838 0.550607 0.052960 0.076923
0 0.491433 0.374494 0.031153 0.085020
0 0.949377 0.402834 0.020249 0.036437
0 0.841900 0.362348 0.068536 0.165992
1 0.610592 0.548583 0.009346 0.020243
0 0.584891 0.265182 0.023364 0.064777
1 0.881620 0.159919 0.023364 0.060729
1 0.850467 0.251012 0.057632 0.170040
1 0.694704 0.914980 0.012461 0.036437
1 0.648754 0.289474 0.031153 0.117409
0 0.210280 0.663968 0.009346 0.024291
0 0.203271 0.690283 0.014019 0.028340
1 0.781153 0.352227 0.037383 0.141700
1 0.543614 0.530364 0.038941 0.076923
1 0.945483 0.263158 0.020249 0.097166
0 0.098910 0.356275 0.032710 0.064777
1 0.648754 0.388664 0.032710 0.080972
1 0.362928 0.414980 0.009346 0.036437
0 0.442368 0.204453 0.037383 0.109312
1 0.520249 0.700405 0.029595 0.068826
1 0.443146 0.892713 0.014019 0.032389
0 0.523364 0.514170 0.012461 0.032389
1 0.535047 0.872470 0.020249 0.048583
1 0.933022 0.457490 0.006231 0.016194
1 0.577882 0.791498 0.006231 0.012146
0 0.892523 0.257085 0.042056 0.121457
0 0.366822 0.364372 0.014019 0.048583
0 0.922118 0.868421 0.009346 0.028340
1 0.834891 0.684211 0.070093 0.145749
1 0.238318 0.876518 0.037383 0.093117
1 0.247664 0.117409 0.014019 0.040486
0 0.396417 0.483806 0.024922 0.060729
1 0.364486 0.864372 0.014019 0.036437
1 0.296729 0.198381 0.010903 0.040486
0 0.539720 0.755061 0.020249 0.044534
0 0.909657 0.574899 0.009346 0.056680
1 0.256231 0.368421 0.038941 0.125506
1 0.730530 0.645749 0.045171 0.194332
1 0.621495 0.184211 0.032710 0.072874
1 0.705607 0.657895 0.043614 0.129555
1 0.105140 0.421053 0.046729 0.145749
0 0.052181 0.763158 0.018692 0.048583
0 0.771807 0.680162 0.026480 0.064777
0 0.917445 0.382591 0.035826 0.072874
1 0.150312 0.236842 0.031153 0.089069
0 0.225078 0.921053 0.024922 0.056680
1 0.403427 0.591093 0.084112 0.121457
1 0.495327 0.562753 0.023364 0.093117
1 0.313084 0.860324 0.009346 0.044534
0 0.848131 0.856275 0.020249 0.052632
0 0.151869 0.862348 0.042056 0.089069
1 0.834112 0.921053 0.062305 0.105263
0 0.924455 0.558704 0.004673 0.016194
0 0.239097 0.623482 0.032710 0.113360
