1 0.669782 0.744939 0.021807 0.097166
1 0.819315 0.716599 0.009346 0.024291
0 0.178349 0.283401 0.032710 0.105263
1 0.127726 0.392713 0.015576 0.040486
1 0.323988 0.493927 0.085670 0.376518
1 0.128505 0.676113 0.088785 0.137652
0 0.422118 0.923077 0.052960 0.125506
1 0.427570 0.787449 0.043614 0.080972
1 0.377726 0.868421 0.056075 0.149798
1 0.078660 0.799595 0.023364 0.064777
1 0.075545 0.447368 0.014019 0.040486
0 0.673676 0.248988 0.046729 0.105263
1 0.641745 0.497976 0.043614 0.117409
1 0.732087 0.338057 0.032710 0.101215
0 0.714953 0.566802 0.029595 0.089069
1 0.433022 0.275304 0.014019 0.032389
1 0.884735 0.309717 0.021807 0.064777
1 0.635514 0.773279 0.032710 0.093117
1 0.712617 0.672065 0.046729 0.085020
1 0.764019 0.740891 0.007788 0.016194
1 0.364486 0.797571 0.043614 0.137652
1 0.323988 0.255061 0.018692 0.044534
1 0.917445 0.627530 0.029595 0.052632
1 0.584891 0.815789 0.010903 0.036437
1 0.915888 0.864372 0.038941 0.121457
1 0.309969 0.265182 0.014019 0.040486
1 0.249221 0.408907 0.049844 0.129555
1 0.059190 0.147773 0.009346 0.028340
1 0.548287 0.489879 0.057632 0.137652
0 0.531931 0.382591 0.031153 0.089069
1 0.575545 0.295547 0.062305 0.105263
1 0.693925 0.489879 0.017134 0.024291
1 0.660436 0.641700 0.042056 0.080972
1 0.391745 0.578947 0.090343 0.230769
