0 0.130841 0.870445 0.026480 0.076923
0 0.687695 0.427126 0.062305 0.129555
1 0.519470 0.661943 0.010903 0.024291
0 0.885514 0.580972 0.020249 0.052632
0 0.459502 0.396761 0.074766 0.174089
1 0.394081 0.340081 0.012461 0.028340
0 0.119159 0.388664 0.054517 0.121457
0 0.204829 0.576923 0.015576 0.040486
1 0.209502 0.882591 0.034268 0.060729
1 0.302181 0.672065 0.017134 0.032389
1 0.736760 0.157895 0.014019 0.040486
1 0.809190 0.253036 0.026480 0.064777
0 0.369938 0.868421 0.046729 0.153846
1 0.765576 0.589069 0.012461 0.036437
1 0.098131 0.629555 0.026480 0.056680
1 0.092679 0.742915 0.029595 0.076923
1 0.864486 0.506073 0.020249 0.048583
1 0.488318 0.838057 0.040498 0.097166
1 0.190810 0.975709 0.023364 0.032389
1 0.135514 0.234818 0.018692 0.060729
1 0.289720 0.455466 0.052960 0.097166
1 0.570872 0.506073 0.045171 0.129555
1 0.114486 0.471660 0.026480 0.052632
1 0.301402 0.702429 0.009346 0.036437
1 0.348910 0.834008 0.040498 0.080972
1 0.603583 0.663968 0.095016 0.218623
1 0.073209 0.748988 0.021807 0.064777
0 0.917445 0.558704 0.031153 0.064777
1 0.404206 0.538462 0.070093 0.178138
0 0.489875 0.228745 0.014019 0.024291
0 0.358255 0.775304 0.018692 0.060729
1 0.709502 0.811741 0.060748 0.246964
1 0.709502 0.182186 0.014019 0.032389
1 0.772586 0.807692 0.015576 0.036437
1 0.535826 0.556680 0.012461 0.056680
0 0.898754 0.951417 0.028037 0.072874
1 0.561526 0.921053 0.028037 0.089069
1 0.123053 0.676113 0.043614 0.072874
1 0.730530 0.651822 0.043614 0.125506
1 0.306075 0.520243 0.020249 0.064777
1 0.759346 0.676113 0.015576 0.052632
1 0.269470 0.155870 0.009346 0.036437
1 0.509346 0.261134 0.021807 0.093117
