0 0.552181 0.560729 0.010903 0.020243
1 0.584891 0.878543 0.024922 0.072874
0 0.165109 0.868421 0.009346 0.020243
1 0.927570 0.234818 0.043614 0.093117
1 0.245327 0.344130 0.014019 0.028340
1 0.163551 0.489879 0.026480 0.101215
1 0.865265 0.900810 0.031153 0.080972
1 0.281153 0.180162 0.035826 0.060729
1 0.163551 0.238866 0.026480 0.072874
1 0.296729 0.578947 0.029595 0.093117
1 0.692368 0.495951 0.049844 0.141700
1 0.830997 0.208502 0.018692 0.052632
1 0.122274 0.805668 0.077882 0.161943
1 0.661215 0.655870 0.004673 0.016194
1 0.205607 0.360324 0.026480 0.052632
0 0.778816 0.552632 0.052960 0.153846
1 0.940031 0.176113 0.023364 0.089069
1 0.597352 0.451417 0.017134 0.060729
0 0.103583 0.336032 0.010903 0.032389
0 0.102025 0.516194 0.052960 0.133603
0 0.741433 0.516194 0.045171 0.186235
1 0.518692 0.388664 0.040498 0.080972
1 0.290498 0.526316 0.017134 0.056680
1 0.471963 0.342105 0.060748 0.153846
1 0.888629 0.412955 0.071651 0.214575
0 0.677570 0.854251 0.012461 0.028340
1 0.354361 0.574899 0.104361 0.178138
0 0.260125 0.455466 0.012461 0.024291
0 0.435358 0.848178 0.017134 0.028340
1 0.406542 0.898785 0.009346 0.032389
0 0.531153 0.491903 0.024922 0.044534
0 0.786604 0.813765 0.037383 0.093117
1 0.564642 0.682186 0.014019 0.032389
0 0.669003 0.815789 0.031153 0.044534
1 0.804517 0.560729 0.040498 0.097166
1 0.164330 0.568826 0.023364 0.076923
1 0.403427 0.856275 0.049844 0.076923
0 0.338006 0.325911 0.026480 0.093117
0 0.639408 0.939271 0.045171 0.097166
1 0.707165 0.894737 0.038941 0.149798
1 0.873053 0.678138 0.038941 0.121457
0 0.495327 0.182186 0.024922 0.064777
1 0.602804 0.558704 0.045171 0.129555
