0 0.900312 0.558704 0.014019 0.036437
1 0.141745 0.251012 0.074766 0.145749
0 0.482087 0.740891 0.029595 0.036437
0 0.210280 0.848178 0.018692 0.044534
0 0.271807 0.244939 0.040498 0.141700
1 0.198598 0.528340 0.048287 0.121457
0 0.893302 0.580972 0.020249 0.044534
1 0.656542 0.919028 0.026480 0.040486
0 0.688474 0.352227 0.029595 0.089069
1 0.816978 0.180162 0.015576 0.040486
1 0.753115 0.321862 0.021807 0.064777
1 0.419782 0.566802 0.070093 0.145749
1 0.376168 0.556680 0.015576 0.036437
0 0.682243 0.508097 0.034268 0.080972
0 0.310748 0.524291 0.051402 0.141700
0 0.645639 0.777328 0.020249 0.032389
1 0.571651 0.161943 0.038941 0.101215
1 0.894081 0.340081 0.038941 0.089069
0 0.235202 0.740891 0.029595 0.113360
0 0.533489 0.763158 0.066978 0.105263
1 0.630062 0.805668 0.028037 0.064777
0 0.890966 0.755061 0.040498 0.105263
0 0.131620 0.477733 0.038941 0.076923
1 0.130062 0.730769 0.026480 0.076923
0 0.595794 0.890688 0.057632 0.165992
1 0.730530 0.447368 0.028037 0.048583
0 0.450156 0.463563 0.071651 0.218623
0 0.528816 0.236842 0.029595 0.060729
0 0.678349 0.825911 0.042056 0.080972
1 0.594237 0.327935 0.015576 0.068826
1 0.595794 0.163968 0.010903 0.056680
0 0.151090 0.884615 0.052960 0.105263
0 0.806075 0.744939 0.017134 0.032389
1 0.373053 0.135628 0.018692 0.044534
1 0.213396 0.661943 0.038941 0.101215
0 0.348910 0.412955 0.012461 0.032389
1 0.845016 0.568826 0.014019 0.040486
0 0.250000 0.633603 0.070093 0.121457
0 0.268692 0.334008 0.020249 0.044534
1 0.817757 0.882591 0.026480 0.129555
1 0.378505 0.775304 0.052960 0.283401
1 0.610592 0.587045 0.006231 0.016194
1 0.288941 0.694332 0.020249 0.052632
0 0.596573 0.198381 0.026480 0.048583
1 0.502336 0.939271 0.034268 0.056680
1 0.680685 0.149798 0.017134 0.056680
1 0.103583 0.817814 0.031153 0.076923
0 0.070872 0.797571 0.045171 0.121457
1 0.514019 0.892713 0.052960 0.097166
1 0.812305 0.512146 0.018692 0.052632
1 0.119938 0.765182 0.024922 0.072874
1 0.711838 0.568826 0.006231 0.012146
0 0.641745 0.554656 0.015576 0.028340
1 0.288941 0.823887 0.024922 0.052632
