0 0.524922 0.384615 0.006231 0.016194
1 0.624611 0.281377 0.090343 0.242915
0 0.271028 0.315789 0.026480 0.068826
1 0.908100 0.532389 0.026480 0.060729
0 0.309969 0.356275 0.031153 0.052632
0 0.913551 0.121457 0.017134 0.040486
1 0.266355 0.734818 0.015576 0.060729
1 0.253115 0.599190 0.077882 0.157895
1 0.878505 0.734818 0.020249 0.076923
0 0.195483 0.417004 0.023364 0.064777
1 0.159657 0.427126 0.066978 0.202429
1 0.654206 0.805668 0.035826 0.093117
1 0.803738 0.623482 0.028037 0.113360
1 0.105919 0.635628 0.014019 0.044534
0 0.674455 0.443320 0.045171 0.097166
1 0.237539 0.402834 0.023364 0.052632
1 0.590343 0.566802 0.057632 0.194332
1 0.091121 0.218623 0.028037 0.109312
0 0.538162 0.469636 0.014019 0.040486
0 0.233645 0.732794 0.026480 0.093117
1 0.450156 0.665992 0.029595 0.089069
0 0.689252 0.785425 0.014019 0.048583
0 0.829439 0.206478 0.074766 0.190283
0 0.295950 0.388664 0.028037 0.060729
1 0.428349 0.461538 0.057632 0.085020
1 0.915888 0.736842 0.043614 0.145749
1 0.881620 0.520243 0.018692 0.036437
1 0.183022 0.842105 0.032710 0.089069
0 0.057632 0.641700 0.009346 0.020243
0 0.922118 0.580972 0.012461 0.024291
1 0.950935 0.493927 0.020249 0.052632
0 0.750779 0.740891 0.082555 0.202429
0 0.338006 0.267206 0.065421 0.161943
1 0.089564 0.923077 0.017134 0.040486
1 0.869159 0.528340 0.012461 0.024291
0 0.119159 0.815789 0.042056 0.149798
