1 0.042056 0.336032 0.006231 0.016194
0 0.433022 0.621457 0.052960 0.145749
0 0.448598 0.886640 0.021807 0.040486
1 0.346573 0.285425 0.045171 0.141700
1 0.288162 0.376518 0.024922 0.072874
0 0.192368 0.253036 0.010903 0.028340
1 0.582555 0.720648 0.009346 0.028340
0 0.471184 0.799595 0.028037 0.076923
0 0.259346 0.548583 0.023364 0.060729
1 0.453271 0.291498 0.037383 0.089069
1 0.445483 0.773279 0.052960 0.206478
1 0.524143 0.682186 0.009346 0.028340
0 0.753115 0.423077 0.060748 0.153846
1 0.222741 0.188259 0.024922 0.080972
1 0.144860 0.811741 0.102804 0.271255
1 0.330997 0.208502 0.029595 0.109312
0 0.309190 0.663968 0.042056 0.105263
0 0.767913 0.226721 0.040498 0.089069
0 0.819315 0.178138 0.031153 0.076923
0 0.856698 0.526316 0.052960 0.121457
0 0.955607 0.637652 0.010903 0.012146
1 0.618380 0.489879 0.009346 0.016194
1 0.345016 0.556680 0.021807 0.060729
1 0.948598 0.141700 0.014019 0.036437
0 0.606698 0.336032 0.043614 0.121457
1 0.585670 0.194332 0.037383 0.080972
1 0.296729 0.255061 0.051402 0.105263
0 0.879283 0.390688 0.068536 0.190283
1 0.589564 0.645749 0.020249 0.028340
0 0.236760 0.435223 0.051402 0.145749
0 0.677570 0.615385 0.024922 0.056680
0 0.697040 0.384615 0.029595 0.072874
1 0.330218 0.449393 0.009346 0.048583
1 0.669782 0.686235 0.037383 0.072874
0 0.243769 0.273279 0.007788 0.020243
