1 0.436916 0.793522 0.049844 0.141700
1 0.199377 0.208502 0.018692 0.028340
0 0.817757 0.285425 0.046729 0.085020
1 0.230530 0.925101 0.031153 0.097166
0 0.432243 0.665992 0.014019 0.052632
0 0.622274 0.289474 0.024922 0.109312
0 0.739875 0.232794 0.021807 0.068826
0 0.385514 0.659919 0.023364 0.064777
0 0.858255 0.562753 0.040498 0.097166
1 0.805296 0.441296 0.031153 0.089069
0 0.915109 0.552632 0.017134 0.040486
1 0.735202 0.961538 0.010903 0.032389
1 0.272586 0.874494 0.014019 0.048583
1 0.672897 0.593117 0.065421 0.165992
0 0.222741 0.378543 0.020249 0.048583
0 0.662773 0.172065 0.004673 0.020243
1 0.741433 0.704453 0.026480 0.089069
0 0.155763 0.550607 0.037383 0.056680
1 0.543614 0.417004 0.052960 0.149798
1 0.271028 0.761134 0.012461 0.028340
0 0.630062 0.807692 0.029595 0.076923
1 0.160436 0.844130 0.071651 0.141700
1 0.355919 0.180162 0.021807 0.056680
1 0.770249 0.408907 0.034268 0.085020
0 0.312305 0.372470 0.034268 0.113360
1 0.246106 0.862348 0.018692 0.056680
0 0.283489 0.111336 0.012461 0.028340
0 0.118380 0.538462 0.049844 0.101215
0 0.717290 0.532389 0.035826 0.085020
0 0.323209 0.775304 0.056075 0.170040
0 0.626168 0.378543 0.009346 0.028340
1 0.693146 0.364372 0.046729 0.113360
0 0.919782 0.174089 0.020249 0.036437
1 0.839564 0.251012 0.062305 0.105263
1 0.209502 0.852227 0.063863 0.101215
1 0.325545 0.522267 0.071651 0.194332
0 0.730530 0.599190 0.038941 0.101215
0 0.150312 0.755061 0.023364 0.068826
1 0.423676 0.429150 0.023364 0.080972
0 0.679128 0.161943 0.015576 0.032389
1 0.788941 0.842105 0.038941 0.101215
1 0.519470 0.647773 0.102804 0.157895
0 0.229751 0.305668 0.040498 0.068826
1 0.373832 0.417004 0.026480 0.137652
0 0.923676 0.949393 0.015576 0.028340
0 0.609034 0.661943 0.035826 0.085020
1 0.146417 0.226721 0.046729 0.137652
1 0.064642 0.959514 0.018692 0.048583
0 0.836449 0.886640 0.014019 0.048583
