1 0.541277 0.872470 0.040498 0.133603
1 0.279595 0.220648 0.043614 0.129555
0 0.820872 0.556680 0.038941 0.076923
1 0.214174 0.694332 0.037383 0.076923
1 0.113707 0.902834 0.051402 0.085020
0 0.249221 0.206478 0.056075 0.129555
0 0.563863 0.364372 0.021807 0.056680
0 0.397196 0.556680 0.056075 0.149798
0 0.250779 0.556680 0.032710 0.080972
1 0.512461 0.287449 0.037383 0.097166
1 0.941589 0.836032 0.021807 0.064777
1 0.664330 0.890688 0.035826 0.101215
1 0.304517 0.815789 0.056075 0.125506
1 0.451713 0.676113 0.018692 0.048583
1 0.635514 0.212551 0.063863 0.149798
1 0.131620 0.275304 0.029595 0.040486
0 0.059969 0.376518 0.009346 0.028340
1 0.242212 0.655870 0.035826 0.117409
1 0.683022 0.485830 0.077882 0.186235
1 0.858255 0.459514 0.026480 0.060729
0 0.088785 0.607287 0.018692 0.040486
0 0.385514 0.149798 0.018692 0.072874
0 0.212617 0.174089 0.037383 0.101215
1 0.915888 0.410931 0.049844 0.113360
1 0.247664 0.736842 0.054517 0.133603
1 0.388629 0.475709 0.024922 0.064777
1 0.080218 0.263158 0.048287 0.064777
1 0.690031 0.821862 0.024922 0.064777
0 0.853583 0.352227 0.057632 0.174089
0 0.499221 0.532389 0.032710 0.093117
0 0.795171 0.394737 0.073209 0.186235
0 0.759346 0.216599 0.063863 0.105263
0 0.123053 0.548583 0.028037 0.064777
0 0.358255 0.127530 0.021807 0.056680
0 0.475857 0.823887 0.054517 0.218623
1 0.246106 0.856275 0.057632 0.174089
1 0.054517 0.823887 0.009346 0.032389
0 0.943925 0.726721 0.029595 0.068826
1 0.088006 0.748988 0.051402 0.129555
0 0.558411 0.945344 0.023364 0.068826
0 0.738318 0.421053 0.054517 0.105263
0 0.612150 0.965587 0.015576 0.036437
0 0.731308 0.898785 0.010903 0.024291
0 0.899533 0.524291 0.046729 0.186235
0 0.397196 0.860324 0.010903 0.036437
1 0.430685 0.914980 0.017134 0.028340
0 0.327103 0.923077 0.024922 0.072874
1 0.257788 0.376518 0.012461 0.024291
0 0.408100 0.469636 0.028037 0.072874
