1 0.218069 0.421053 0.018692 0.032389
0 0.351246 0.384615 0.009346 0.024291
1 0.950156 0.487854 0.012461 0.028340
1 0.795171 0.676113 0.045171 0.149798
0 0.955607 0.726721 0.012461 0.036437
1 0.166667 0.651822 0.137072 0.210526
1 0.503894 0.463563 0.060748 0.133603
1 0.107477 0.315789 0.054517 0.097166
1 0.839564 0.902834 0.031153 0.089069
1 0.336449 0.704453 0.066978 0.190283
1 0.860592 0.912955 0.020249 0.052632
0 0.746106 0.374494 0.049844 0.113360
1 0.927570 0.273279 0.046729 0.101215
1 0.830997 0.200405 0.062305 0.133603
1 0.377726 0.710526 0.028037 0.093117
0 0.793614 0.815789 0.004673 0.012146
1 0.833333 0.360324 0.032710 0.064777
1 0.419782 0.708502 0.040498 0.097166
0 0.461838 0.807692 0.031153 0.064777
0 0.838785 0.844130 0.043614 0.072874
1 0.654206 0.512146 0.060748 0.109312
0 0.884735 0.568826 0.024922 0.085020
0 0.671340 0.172065 0.023364 0.093117
1 0.846573 0.674089 0.065421 0.194332
0 0.215732 0.862348 0.014019 0.044534
0 0.114486 0.455466 0.026480 0.117409
1 0.549065 0.585020 0.018692 0.036437
0 0.721963 0.293522 0.045171 0.133603
1 0.291277 0.506073 0.056075 0.097166
0 0.047508 0.886640 0.021807 0.060729
0 0.078660 0.712551 0.023364 0.032389
0 0.079439 0.544534 0.024922 0.076923
0 0.403427 0.200405 0.009346 0.020243
1 0.325545 0.880567 0.029595 0.080972
1 0.071651 0.354251 0.023364 0.076923
0 0.921340 0.514170 0.029595 0.109312
0 0.773364 0.917004 0.004673 0.016194
0 0.764019 0.850202 0.018692 0.076923
0 0.084112 0.777328 0.031153 0.085020
1 0.052181 0.283401 0.020249 0.072874
1 0.851246 0.461538 0.029595 0.105263
0 0.443925 0.878543 0.026480 0.076923
1 0.690031 0.196356 0.009346 0.024291
1 0.633178 0.700405 0.023364 0.052632
1 0.686137 0.657895 0.063863 0.105263
0 0.059969 0.846154 0.020249 0.060729
1 0.698598 0.751012 0.021807 0.040486
1 0.902648 0.334008 0.010903 0.044534
0 0.507009 0.251012 0.031153 0.064777
1 0.612928 0.285425 0.052960 0.194332
1 0.581776 0.348178 0.015576 0.036437
