1 0.104361 0.366397 0.014019 0.032389
1 0.484424 0.410931 0.090343 0.222672
0 0.357477 0.659919 0.038941 0.072874
1 0.540498 0.477733 0.038941 0.085020
0 0.686137 0.696356 0.056075 0.170040
0 0.163551 0.933198 0.014019 0.028340
0 0.339564 0.779352 0.024922 0.076923
1 0.144081 0.137652 0.014019 0.048583
1 0.729751 0.823887 0.026480 0.085020
1 0.925234 0.400810 0.032710 0.072874
1 0.795950 0.629555 0.040498 0.145749
1 0.566199 0.777328 0.007788 0.020243
1 0.875389 0.230769 0.151090 0.230769
0 0.186916 0.941296 0.015576 0.048583
0 0.778037 0.544534 0.017134 0.044534
1 0.619938 0.528340 0.066978 0.230769
0 0.556854 0.447368 0.031153 0.101215
0 0.115265 0.912955 0.009346 0.032389
0 0.201713 0.410931 0.029595 0.068826
1 0.222741 0.255061 0.010903 0.032389
1 0.419003 0.465587 0.029595 0.105263
1 0.481308 0.580972 0.034268 0.101215
0 0.170561 0.319838 0.035826 0.080972
1 0.602804 0.423077 0.035826 0.153846
1 0.411215 0.196356 0.034268 0.068826
1 0.871495 0.639676 0.017134 0.044534
0 0.640187 0.172065 0.012461 0.024291
0 0.360592 0.591093 0.018692 0.052632
1 0.383956 0.823887 0.052960 0.174089
0 0.555296 0.963563 0.007788 0.016194
1 0.124611 0.459514 0.026480 0.093117
1 0.517134 0.783401 0.062305 0.210526
1 0.832555 0.449393 0.048287 0.105263
1 0.274922 0.787449 0.057632 0.101215
0 0.726636 0.168016 0.051402 0.129555
1 0.202492 0.200405 0.040498 0.105263
1 0.792835 0.277328 0.029595 0.056680
1 0.347352 0.220648 0.043614 0.080972
1 0.776480 0.214575 0.014019 0.040486
1 0.450156 0.759109 0.070093 0.149798
0 0.357477 0.163968 0.004673 0.016194
1 0.641745 0.370445 0.038941 0.064777
1 0.104361 0.791498 0.087227 0.129555
0 0.739097 0.273279 0.045171 0.133603
