0 0.041277 0.192308 0.010903 0.028340
0 0.074766 0.255061 0.038941 0.068826
1 0.496885 0.246964 0.037383 0.121457
1 0.589564 0.757085 0.014019 0.040486
0 0.669003 0.176113 0.038941 0.101215
1 0.841900 0.469636 0.068536 0.149798
0 0.097352 0.263158 0.035826 0.129555
1 0.417445 0.508097 0.073209 0.174089
0 0.756231 0.585020 0.031153 0.145749
1 0.619938 0.396761 0.015576 0.036437
0 0.676012 0.542510 0.048287 0.194332
1 0.264798 0.700405 0.037383 0.105263
1 0.559190 0.882591 0.020249 0.052632
1 0.343458 0.890688 0.023364 0.048583
1 0.345016 0.356275 0.049844 0.105263
0 0.547508 0.659919 0.042056 0.117409
0 0.820093 0.117409 0.012461 0.040486
1 0.231308 0.261134 0.017134 0.072874
1 0.633178 0.825911 0.020249 0.052632
0 0.601246 0.609312 0.071651 0.141700
1 0.488318 0.753036 0.059190 0.165992
1 0.399533 0.769231 0.023364 0.109312
0 0.884735 0.710526 0.088785 0.242915
1 0.557632 0.840081 0.026480 0.072874
0 0.083333 0.629555 0.017134 0.024291
1 0.293614 0.396761 0.028037 0.093117
1 0.077103 0.534413 0.020249 0.052632
1 0.195483 0.178138 0.059190 0.133603
1 0.355919 0.589069 0.054517 0.097166
0 0.303738 0.696356 0.018692 0.068826
1 0.124611 0.518219 0.014019 0.044534
1 0.433801 0.376518 0.024922 0.076923
1 0.232087 0.149798 0.009346 0.024291
1 0.380062 0.813765 0.045171 0.141700
0 0.401869 0.340081 0.037383 0.097166
