0 0.288941 0.838057 0.038941 0.105263
0 0.288941 0.479757 0.046729 0.137652
1 0.375389 0.149798 0.026480 0.076923
1 0.462617 0.775304 0.087227 0.194332
0 0.181464 0.186235 0.056075 0.141700
1 0.922118 0.655870 0.049844 0.165992
0 0.658879 0.208502 0.045171 0.109312
1 0.295950 0.303644 0.009346 0.056680
1 0.388629 0.528340 0.028037 0.040486
1 0.260903 0.384615 0.048287 0.097166
1 0.596573 0.578947 0.028037 0.072874
1 0.109034 0.261134 0.018692 0.052632
1 0.137850 0.651822 0.009346 0.028340
1 0.607477 0.133603 0.007788 0.032389
0 0.846573 0.546559 0.070093 0.125506
1 0.853583 0.908907 0.074766 0.149798
0 0.604361 0.402834 0.042056 0.149798
1 0.872274 0.763158 0.014019 0.028340
1 0.722741 0.933198 0.017134 0.052632
1 0.825545 0.315789 0.021807 0.064777
1 0.856698 0.469636 0.009346 0.024291
0 0.173676 0.585020 0.020249 0.036437
0 0.517913 0.659919 0.048287 0.170040
1 0.740654 0.133603 0.015576 0.052632
1 0.574766 0.809717 0.023364 0.060729
0 0.944704 0.141700 0.024922 0.068826
0 0.419003 0.670040 0.024922 0.076923
1 0.820093 0.787449 0.004673 0.012146
1 0.324766 0.196356 0.054517 0.214575
0 0.479751 0.402834 0.034268 0.097166
1 0.126168 0.906883 0.031153 0.064777
1 0.136293 0.526316 0.073209 0.089069
1 0.284268 0.665992 0.029595 0.064777
0 0.118380 0.716599 0.009346 0.032389
1 0.068536 0.226721 0.017134 0.024291
1 0.250779 0.923077 0.028037 0.072874
1 0.554517 0.769231 0.031153 0.040486
1 0.507009 0.813765 0.049844 0.129555
1 0.394860 0.348178 0.004673 0.016194
1 0.384735 0.429150 0.052960 0.101215
0 0.355919 0.394737 0.024922 0.076923
0 0.637850 0.720648 0.068536 0.214575
1 0.093458 0.663968 0.023364 0.064777
