1 0.662773 0.445344 0.056075 0.101215
1 0.562305 0.495951 0.034268 0.093117
1 0.415888 0.376518 0.006231 0.020243
1 0.517134 0.777328 0.018692 0.048583
0 0.073988 0.582996 0.021807 0.056680
0 0.496106 0.263158 0.034268 0.089069
0 0.374611 0.609312 0.007788 0.020243
1 0.239875 0.350202 0.056075 0.117409
1 0.800623 0.437247 0.037383 0.085020
1 0.266355 0.763158 0.028037 0.072874
1 0.500000 0.850202 0.020249 0.064777
1 0.770249 0.670040 0.035826 0.068826
1 0.102804 0.730769 0.052960 0.178138
1 0.150312 0.342105 0.042056 0.113360
1 0.164330 0.568826 0.046729 0.125506
1 0.661994 0.232794 0.043614 0.129555
0 0.089564 0.495951 0.046729 0.141700
0 0.418224 0.336032 0.017134 0.044534
1 0.614486 0.686235 0.017134 0.048583
0 0.422897 0.619433 0.066978 0.145749
1 0.352804 0.500000 0.015576 0.028340
1 0.551402 0.419028 0.012461 0.028340
1 0.340343 0.449393 0.035826 0.064777
1 0.815421 0.263158 0.048287 0.085020
1 0.415109 0.823887 0.035826 0.089069
1 0.895639 0.651822 0.029595 0.072874
1 0.152648 0.827935 0.060748 0.093117
1 0.292835 0.279352 0.110592 0.251012
0 0.693925 0.803644 0.026480 0.076923
1 0.341121 0.277328 0.062305 0.093117
1 0.373053 0.704453 0.045171 0.121457
1 0.182243 0.303644 0.063863 0.113360
0 0.745327 0.744939 0.042056 0.105263
0 0.531153 0.532389 0.006231 0.020243
0 0.551402 0.759109 0.023364 0.093117
1 0.098131 0.866397 0.040498 0.076923
1 0.760125 0.825911 0.012461 0.024291
1 0.408879 0.785425 0.023364 0.060729
0 0.740654 0.791498 0.026480 0.072874
0 0.660436 0.789474 0.046729 0.117409
1 0.776480 0.838057 0.029595 0.085020
1 0.501558 0.605263 0.029595 0.060729
1 0.829439 0.566802 0.029595 0.052632
1 0.063084 0.180162 0.007788 0.020243
1 0.699377 0.969636 0.017134 0.036437
1 0.419782 0.200405 0.034268 0.125506
1 0.718847 0.840081 0.012461 0.036437
1 0.342679 0.933198 0.009346 0.028340
0 0.185358 0.159919 0.035826 0.097166
0 0.541277 0.481781 0.017134 0.048583
0 0.793614 0.487854 0.018692 0.068826
1 0.923676 0.639676 0.045171 0.113360
1 0.447040 0.238866 0.012461 0.044534
