1 0.202492 0.668016 0.087227 0.238866
1 0.932243 0.380567 0.020249 0.048583
1 0.223520 0.888664 0.070093 0.137652
1 0.481308 0.597166 0.006231 0.024291
1 0.049065 0.769231 0.010903 0.032389
1 0.930685 0.477733 0.051402 0.125506
1 0.411215 0.238866 0.028037 0.064777
1 0.473520 0.459514 0.029595 0.109312
1 0.545171 0.408907 0.077882 0.206478
1 0.290498 0.773279 0.043614 0.153846
0 0.604361 0.279352 0.014019 0.040486
1 0.390966 0.180162 0.015576 0.032389
1 0.821651 0.244939 0.026480 0.060729
0 0.057632 0.619433 0.029595 0.080972
0 0.783489 0.894737 0.015576 0.032389
0 0.857477 0.665992 0.028037 0.040486
1 0.764798 0.263158 0.006231 0.024291
1 0.141745 0.540486 0.029595 0.072874
1 0.784268 0.761134 0.029595 0.080972
1 0.503894 0.730769 0.026480 0.080972
1 0.086449 0.299595 0.068536 0.222672
1 0.411215 0.568826 0.007788 0.016194
1 0.612150 0.408907 0.052960 0.157895
0 0.098910 0.931174 0.023364 0.056680
0 0.852804 0.605263 0.034268 0.080972
0 0.753115 0.459514 0.017134 0.044534
1 0.929128 0.834008 0.017134 0.040486
1 0.131620 0.702429 0.024922 0.048583
1 0.369938 0.840081 0.031153 0.093117
1 0.253894 0.469636 0.018692 0.060729
1 0.187695 0.137652 0.007788 0.024291
0 0.413551 0.512146 0.018692 0.064777
0 0.308411 0.402834 0.010903 0.028340
1 0.235981 0.301619 0.038941 0.109312
1 0.292835 0.892713 0.021807 0.040486
1 0.686916 0.578947 0.018692 0.048583
0 0.714174 0.647773 0.009346 0.024291
0 0.898754 0.884615 0.023364 0.060729
1 0.344237 0.775304 0.020249 0.064777
0 0.258567 0.510121 0.040498 0.089069
1 0.916667 0.196356 0.046729 0.149798
1 0.268692 0.137652 0.018692 0.056680
0 0.422118 0.694332 0.012461 0.036437
0 0.281153 0.605263 0.017134 0.028340
1 0.458723 0.562753 0.040498 0.085020
0 0.102025 0.690283 0.059190 0.117409
0 0.195483 0.483806 0.059190 0.101215
0 0.541277 0.724696 0.020249 0.048583
0 0.410436 0.779352 0.015576 0.044534
1 0.443146 0.842105 0.052960 0.157895
1 0.911215 0.740891 0.032710 0.101215
1 0.372274 0.941296 0.012461 0.028340
