1 0.133956 0.637652 0.017134 0.040486
1 0.392523 0.283401 0.032710 0.072874
1 0.207944 0.307692 0.023364 0.048583
0 0.390187 0.791498 0.018692 0.052632
1 0.173676 0.429150 0.037383 0.089069
0 0.652648 0.139676 0.028037 0.068826
1 0.371495 0.483806 0.007788 0.016194
1 0.426791 0.157895 0.043614 0.101215
0 0.389408 0.165992 0.026480 0.064777
1 0.110592 0.384615 0.012461 0.024291
1 0.609813 0.451417 0.010903 0.036437
1 0.808411 0.297571 0.057632 0.145749
1 0.823209 0.742915 0.021807 0.056680
1 0.388629 0.900810 0.012461 0.032389
0 0.396417 0.502024 0.032710 0.076923
1 0.069315 0.360324 0.034268 0.105263
0 0.088006 0.704453 0.017134 0.048583
1 0.744548 0.354251 0.087227 0.153846
1 0.129283 0.570850 0.059190 0.105263
0 0.640966 0.647773 0.040498 0.101215
1 0.126947 0.500000 0.021807 0.060729
1 0.342679 0.149798 0.034268 0.093117
0 0.528816 0.155870 0.018692 0.048583
1 0.292056 0.763158 0.021807 0.080972
1 0.498442 0.817814 0.018692 0.064777
1 0.633178 0.787449 0.020249 0.052632
0 0.646417 0.323887 0.029595 0.064777
1 0.644860 0.886640 0.010903 0.032389
1 0.278816 0.394737 0.090343 0.222672
1 0.127726 0.793522 0.023364 0.085020
1 0.489875 0.487854 0.031153 0.089069
1 0.540498 0.188259 0.015576 0.036437
1 0.600467 0.872470 0.029595 0.113360
0 0.915888 0.840081 0.010903 0.036437
0 0.458723 0.307692 0.045171 0.141700
0 0.848131 0.811741 0.024922 0.048583
1 0.284268 0.929150 0.026480 0.044534
0 0.363707 0.734818 0.035826 0.097166
1 0.437695 0.846154 0.043614 0.117409
1 0.747664 0.489879 0.024922 0.048583
1 0.689252 0.441296 0.023364 0.056680
0 0.659657 0.394737 0.032710 0.141700
1 0.350467 0.236842 0.035826 0.072874
1 0.901869 0.423077 0.046729 0.093117
1 0.809190 0.821862 0.015576 0.052632
1 0.859034 0.238866 0.012461 0.040486
1 0.642523 0.214575 0.060748 0.145749
1 0.571651 0.157895 0.018692 0.036437
1 0.929128 0.746964 0.014019 0.048583
1 0.718847 0.477733 0.060748 0.121457
