0 0.460280 0.408907 0.020249 0.040486
1 0.321651 0.423077 0.031153 0.076923
1 0.139408 0.791498 0.020249 0.076923
1 0.147975 0.651822 0.049844 0.101215
1 0.172118 0.248988 0.007788 0.016194
1 0.505452 0.562753 0.054517 0.129555
1 0.241433 0.821862 0.043614 0.157895
1 0.577882 0.763158 0.057632 0.190283
1 0.506231 0.421053 0.015576 0.036437
1 0.746106 0.698381 0.024922 0.080972
0 0.566199 0.218623 0.052960 0.190283
0 0.076324 0.607287 0.068536 0.161943
1 0.738318 0.829960 0.066978 0.174089
1 0.396417 0.269231 0.023364 0.064777
1 0.223520 0.568826 0.052960 0.165992
0 0.603583 0.253036 0.026480 0.064777
1 0.737539 0.242915 0.010903 0.024291
1 0.852025 0.534413 0.052960 0.129555
0 0.371495 0.793522 0.070093 0.121457
1 0.872274 0.900810 0.006231 0.012146
1 0.245327 0.244939 0.020249 0.060729
1 0.664330 0.524291 0.024922 0.080972
0 0.447040 0.591093 0.080997 0.263158
0 0.913551 0.674089 0.073209 0.198381
0 0.840343 0.319838 0.054517 0.101215
1 0.828660 0.637652 0.060748 0.121457
1 0.838785 0.943320 0.017134 0.036437
1 0.665888 0.572874 0.034268 0.085020
0 0.322430 0.724696 0.049844 0.097166
1 0.136293 0.512146 0.096573 0.226721
