1 0.180685 0.878543 0.006231 0.020243
1 0.415109 0.548583 0.046729 0.089069
0 0.578660 0.540486 0.045171 0.174089
1 0.753115 0.927126 0.007788 0.024291
0 0.599688 0.870445 0.024922 0.080972
1 0.674455 0.340081 0.066978 0.117409
0 0.316978 0.730769 0.065421 0.141700
0 0.789720 0.910931 0.024922 0.064777
1 0.210280 0.299595 0.024922 0.056680
1 0.667445 0.578947 0.045171 0.141700
0 0.145639 0.787449 0.006231 0.012146
1 0.257009 0.900810 0.018692 0.048583
0 0.922897 0.945344 0.031153 0.076923
1 0.761682 0.350202 0.029595 0.080972
0 0.360592 0.151822 0.004673 0.012146
1 0.691589 0.491903 0.056075 0.121457
0 0.219626 0.595142 0.031153 0.072874
1 0.651090 0.174089 0.006231 0.016194
1 0.740654 0.633603 0.028037 0.060729
0 0.361371 0.676113 0.010903 0.020243
1 0.630841 0.564777 0.020249 0.040486
0 0.634735 0.848178 0.024922 0.064777
1 0.500779 0.554656 0.018692 0.093117
1 0.892523 0.751012 0.012461 0.032389
1 0.320872 0.848178 0.037383 0.089069
1 0.873053 0.216599 0.048287 0.149798
0 0.067757 0.595142 0.037383 0.072874
0 0.673676 0.807692 0.015576 0.036437
0 0.094237 0.232794 0.038941 0.113360
1 0.583333 0.668016 0.023364 0.068826
1 0.272586 0.435223 0.054517 0.117409
1 0.783489 0.340081 0.023364 0.056680
1 0.292835 0.876518 0.038941 0.161943
0 0.826324 0.811741 0.010903 0.032389
1 0.713396 0.927126 0.015576 0.024291
1 0.441589 0.242915 0.024922 0.076923
1 0.684579 0.663968 0.031153 0.056680
0 0.094237 0.593117 0.007788 0.020243
1 0.306075 0.273279 0.015576 0.032389
1 0.250779 0.595142 0.040498 0.097166
1 0.171340 0.467611 0.031153 0.068826
1 0.379283 0.267206 0.028037 0.080972
0 0.151869 0.283401 0.021807 0.052632
1 0.721963 0.799595 0.020249 0.076923
