1 0.815421 0.785425 0.052960 0.153846
1 0.717290 0.192308 0.012461 0.036437
1 0.619938 0.390688 0.037383 0.064777
0 0.404984 0.613360 0.009346 0.020243
0 0.862928 0.465587 0.071651 0.101215
1 0.088006 0.421053 0.038941 0.093117
1 0.214174 0.271255 0.020249 0.040486
0 0.780374 0.799595 0.031153 0.190283
0 0.795950 0.240891 0.010903 0.032389
1 0.782710 0.307692 0.018692 0.044534
0 0.528037 0.746964 0.038941 0.085020
1 0.099688 0.898785 0.054517 0.174089
0 0.721963 0.621457 0.037383 0.085020
1 0.665109 0.797571 0.040498 0.117409
1 0.525701 0.461538 0.020249 0.064777
1 0.725857 0.870445 0.037383 0.080972
0 0.693925 0.253036 0.018692 0.085020
1 0.222741 0.864372 0.017134 0.052632
1 0.757009 0.180162 0.043614 0.085020
1 0.126947 0.585020 0.074766 0.303644
0 0.753115 0.848178 0.023364 0.056680
1 0.257788 0.178138 0.020249 0.048583
0 0.347352 0.338057 0.012461 0.036437
0 0.541277 0.880567 0.015576 0.060729
1 0.864486 0.232794 0.049844 0.121457
1 0.448598 0.214575 0.051402 0.137652
0 0.293614 0.854251 0.066978 0.157895
1 0.495327 0.196356 0.006231 0.032389
1 0.596573 0.904858 0.029595 0.072874
0 0.368380 0.536437 0.020249 0.040486
0 0.792056 0.489879 0.037383 0.093117
0 0.138629 0.888664 0.021807 0.064777
1 0.898754 0.358300 0.040498 0.109312
1 0.809969 0.485830 0.028037 0.068826
1 0.250779 0.688259 0.063863 0.141700
1 0.271807 0.188259 0.020249 0.068826
0 0.700156 0.639676 0.034268 0.072874
0 0.554517 0.214575 0.043614 0.121457
1 0.818536 0.663968 0.038941 0.072874
1 0.093458 0.348178 0.056075 0.101215
1 0.923676 0.467611 0.018692 0.036437
