1 0.681464 0.471660 0.017134 0.044534
1 0.221184 0.880567 0.057632 0.141700
1 0.417445 0.406883 0.049844 0.105263
1 0.664330 0.864372 0.021807 0.044534
1 0.741433 0.838057 0.054517 0.141700
1 0.559190 0.532389 0.018692 0.072874
1 0.793614 0.465587 0.071651 0.202429
1 0.262461 0.597166 0.031153 0.085020
0 0.876947 0.777328 0.024922 0.076923
1 0.600467 0.552632 0.010903 0.020243
1 0.253894 0.493927 0.043614 0.109312
0 0.676012 0.898785 0.006231 0.016194
1 0.649533 0.449393 0.009346 0.024291
1 0.123053 0.313765 0.017134 0.052632
1 0.361371 0.769231 0.024922 0.048583
1 0.751558 0.655870 0.104361 0.291498
1 0.199377 0.232794 0.029595 0.064777
0 0.385514 0.742915 0.037383 0.076923
1 0.745327 0.338057 0.080997 0.157895
1 0.743769 0.165992 0.026480 0.089069
0 0.701713 0.216599 0.077882 0.161943
1 0.443146 0.491903 0.024922 0.064777
1 0.530374 0.394737 0.007788 0.028340
1 0.369159 0.933198 0.009346 0.028340
0 0.865265 0.271255 0.018692 0.060729
0 0.132399 0.374494 0.010903 0.036437
0 0.150312 0.374494 0.023364 0.076923
1 0.095794 0.643725 0.048287 0.080972
1 0.069315 0.544534 0.043614 0.064777
1 0.260903 0.313765 0.042056 0.129555
0 0.358255 0.587045 0.071651 0.287449
1 0.795171 0.218623 0.038941 0.064777
0 0.159657 0.734818 0.010903 0.020243
0 0.521028 0.665992 0.023364 0.076923
1 0.656542 0.623482 0.031153 0.093117
1 0.470405 0.943320 0.029595 0.048583
1 0.177570 0.200405 0.018692 0.056680
1 0.448598 0.368421 0.049844 0.113360
0 0.085670 0.949393 0.018692 0.052632
0 0.406542 0.700405 0.040498 0.109312
1 0.782710 0.325911 0.087227 0.170040
0 0.400312 0.348178 0.012461 0.032389
1 0.404206 0.248988 0.032710 0.105263
1 0.112928 0.382591 0.026480 0.060729
1 0.102025 0.738866 0.028037 0.064777
1 0.576324 0.761134 0.051402 0.174089
0 0.414330 0.870445 0.014019 0.040486
0 0.837227 0.370445 0.051402 0.157895
0 0.294393 0.248988 0.026480 0.068826
1 0.868380 0.720648 0.010903 0.040486
1 0.201713 0.388664 0.037383 0.060729
1 0.879283 0.435223 0.020249 0.044534
1 0.228972 0.194332 0.021807 0.048583
0 0.070093 0.846154 0.046729 0.121457
1 0.524922 0.327935 0.017134 0.060729
