1 0.428349 0.722672 0.015576 0.028340
1 0.627726 0.295547 0.017134 0.044534
1 0.422897 0.431174 0.070093 0.141700
0 0.204050 0.740891 0.087227 0.202429
0 0.739875 0.331984 0.059190 0.267206
1 0.714953 0.941296 0.034268 0.097166
1 0.686916 0.854251 0.021807 0.056680
0 0.865265 0.722672 0.040498 0.072874
1 0.833333 0.560729 0.088785 0.165992
0 0.448598 0.143725 0.040498 0.093117
1 0.386293 0.674089 0.014019 0.052632
1 0.682243 0.524291 0.049844 0.085020
1 0.192368 0.435223 0.127726 0.311741
0 0.570093 0.700405 0.024922 0.060729
0 0.424455 0.309717 0.018692 0.040486
1 0.190810 0.827935 0.037383 0.109312
1 0.116822 0.319838 0.054517 0.149798
0 0.338006 0.536437 0.060748 0.194332
1 0.310748 0.653846 0.029595 0.060729
0 0.376168 0.275304 0.054517 0.157895
1 0.798287 0.334008 0.015576 0.040486
1 0.496885 0.836032 0.063863 0.153846
1 0.799065 0.508097 0.052960 0.190283
1 0.778037 0.823887 0.048287 0.133603
1 0.704050 0.659919 0.017134 0.044534
0 0.192368 0.168016 0.017134 0.044534
1 0.868380 0.265182 0.031153 0.093117
0 0.485981 0.188259 0.015576 0.044534
1 0.633178 0.526316 0.017134 0.060729
1 0.927570 0.805668 0.023364 0.085020
1 0.299844 0.445344 0.051402 0.093117
1 0.485981 0.692308 0.023364 0.085020
1 0.493769 0.475709 0.031153 0.080972
0 0.347352 0.657895 0.007788 0.028340
0 0.577882 0.370445 0.032710 0.101215
1 0.428349 0.485830 0.048287 0.145749
1 0.165109 0.668016 0.071651 0.145749
0 0.307632 0.748988 0.018692 0.064777
0 0.347352 0.811741 0.049844 0.149798
1 0.421340 0.190283 0.052960 0.129555
0 0.867601 0.572874 0.040498 0.174089
1 0.257009 0.874494 0.052960 0.085020
1 0.059969 0.495951 0.023364 0.068826
1 0.529595 0.560729 0.042056 0.117409
1 0.500000 0.599190 0.037383 0.072874
0 0.317757 0.206478 0.004673 0.008097
1 0.547508 0.931174 0.070093 0.101215
1 0.054517 0.803644 0.024922 0.048583
0 0.558411 0.348178 0.018692 0.020243
1 0.849688 0.163968 0.023364 0.032389
