0 0.526480 0.706478 0.015576 0.060729
0 0.286604 0.781377 0.040498 0.105263
1 0.584891 0.481781 0.079439 0.186235
1 0.900312 0.672065 0.009346 0.020243
0 0.105140 0.180162 0.029595 0.125506
0 0.717290 0.204453 0.021807 0.060729
1 0.344237 0.410931 0.009346 0.028340
1 0.115265 0.435223 0.043614 0.109312
1 0.361371 0.718623 0.015576 0.060729
1 0.348131 0.283401 0.071651 0.161943
1 0.186137 0.350202 0.007788 0.020243
1 0.942368 0.896761 0.034268 0.048583
1 0.380062 0.779352 0.010903 0.040486
0 0.564642 0.218623 0.010903 0.016194
0 0.290498 0.544534 0.020249 0.064777
1 0.165109 0.145749 0.014019 0.040486
1 0.286604 0.421053 0.029595 0.076923
1 0.323209 0.651822 0.028037 0.064777
1 0.771028 0.925101 0.012461 0.040486
0 0.379283 0.212551 0.045171 0.076923
1 0.075545 0.700405 0.045171 0.149798
0 0.424455 0.451417 0.076324 0.153846
0 0.421340 0.572874 0.052960 0.137652
0 0.503115 0.299595 0.037383 0.109312
0 0.427570 0.228745 0.018692 0.044534
1 0.234424 0.866397 0.028037 0.064777
1 0.460280 0.617409 0.032710 0.080972
1 0.152648 0.925101 0.024922 0.056680
1 0.562305 0.611336 0.035826 0.141700
0 0.790498 0.720648 0.035826 0.101215
0 0.199377 0.748988 0.065421 0.129555
0 0.507788 0.769231 0.009346 0.024291
1 0.535826 0.514170 0.043614 0.072874
1 0.619938 0.295547 0.049844 0.153846
1 0.641745 0.793522 0.021807 0.056680
