0 0.191589 0.421053 0.012461 0.056680
1 0.682243 0.524291 0.090343 0.242915
1 0.707165 0.368421 0.029595 0.068826
1 0.796729 0.386640 0.010903 0.012146
1 0.222741 0.297571 0.045171 0.080972
1 0.349688 0.127530 0.018692 0.052632
1 0.059190 0.655870 0.026480 0.060729
1 0.851246 0.919028 0.032710 0.093117
1 0.738318 0.449393 0.024922 0.133603
1 0.094237 0.556680 0.042056 0.101215
1 0.261682 0.878543 0.040498 0.093117
0 0.575545 0.228745 0.038941 0.064777
1 0.624611 0.180162 0.028037 0.060729
1 0.405763 0.645749 0.012461 0.032389
1 0.524143 0.141700 0.020249 0.040486
0 0.535047 0.483806 0.073209 0.202429
0 0.474299 0.621457 0.052960 0.113360
1 0.571651 0.917004 0.018692 0.052632
1 0.290498 0.799595 0.045171 0.056680
1 0.117601 0.402834 0.051402 0.186235
1 0.152648 0.730769 0.049844 0.097166
0 0.912773 0.487854 0.012461 0.060729
1 0.858255 0.686235 0.077882 0.153846
0 0.061526 0.291498 0.029595 0.093117
1 0.466511 0.372470 0.034268 0.072874
1 0.642523 0.396761 0.037383 0.105263
0 0.781931 0.303644 0.012461 0.040486
0 0.217290 0.657895 0.020249 0.068826
1 0.807632 0.449393 0.021807 0.117409
1 0.647975 0.868421 0.012461 0.036437
1 0.580997 0.437247 0.009346 0.024291
1 0.690031 0.827935 0.051402 0.157895
1 0.473520 0.864372 0.052960 0.133603
1 0.193925 0.894737 0.007788 0.024291
1 0.380841 0.876518 0.040498 0.105263
0 0.446262 0.510121 0.007788 0.024291
1 0.557632 0.668016 0.063863 0.226721
0 0.630841 0.767206 0.017134 0.076923
1 0.809969 0.807692 0.052960 0.129555
1 0.443146 0.257085 0.070093 0.101215
0 0.371495 0.761134 0.054517 0.113360
1 0.362928 0.218623 0.018692 0.048583
1 0.116044 0.151822 0.032710 0.052632
0 0.491433 0.406883 0.026480 0.076923
1 0.665888 0.969636 0.017134 0.044534
1 0.929907 0.186235 0.031153 0.117409
0 0.510903 0.362348 0.023364 0.068826
1 0.861371 0.779352 0.098131 0.226721
1 0.359034 0.350202 0.056075 0.149798
0 0.780374 0.479757 0.045171 0.113360
1 0.737539 0.605263 0.032710 0.125506
1 0.732866 0.690283 0.024922 0.060729
1 0.536604 0.844130 0.014019 0.040486
