1 0.518692 0.475709 0.052960 0.170040
0 0.784268 0.540486 0.007788 0.020243
0 0.256231 0.289474 0.018692 0.052632
0 0.915888 0.317814 0.063863 0.182186
1 0.309190 0.222672 0.021807 0.072874
0 0.404984 0.823887 0.046729 0.101215
1 0.231308 0.655870 0.118380 0.263158
1 0.640966 0.663968 0.052960 0.149798
1 0.677570 0.840081 0.040498 0.068826
0 0.099688 0.273279 0.026480 0.076923
1 0.427570 0.168016 0.007788 0.024291
0 0.901869 0.188259 0.035826 0.093117
0 0.146417 0.580972 0.014019 0.032389
1 0.542835 0.305668 0.040498 0.093117
1 0.624611 0.744939 0.049844 0.113360
1 0.816199 0.834008 0.066978 0.230769
0 0.860592 0.289474 0.017134 0.028340
0 0.143302 0.708502 0.018692 0.048583
0 0.311526 0.153846 0.017134 0.052632
0 0.338785 0.595142 0.026480 0.080972
0 0.735202 0.473684 0.010903 0.024291
1 0.364486 0.655870 0.017134 0.044534
1 0.604361 0.451417 0.040498 0.109312
1 0.806075 0.425101 0.040498 0.080972
0 0.838785 0.587045 0.040498 0.085020
1 0.844237 0.360324 0.015576 0.056680
0 0.134735 0.240891 0.029595 0.064777
1 0.478193 0.710526 0.049844 0.121457
0 0.623053 0.309717 0.052960 0.105263
1 0.211838 0.149798 0.014019 0.089069
1 0.773364 0.159919 0.035826 0.117409
1 0.792056 0.643725 0.021807 0.068826
1 0.161994 0.421053 0.010903 0.020243
1 0.391745 0.716599 0.007788 0.024291
1 0.084891 0.937247 0.029595 0.089069
0 0.191589 0.390688 0.029595 0.048583
1 0.558411 0.846154 0.021807 0.060729
1 0.065421 0.186235 0.020249 0.080972
0 0.138629 0.651822 0.018692 0.044534
1 0.322430 0.469636 0.038941 0.064777
0 0.711059 0.795547 0.038941 0.093117
1 0.443925 0.338057 0.023364 0.052632
1 0.683022 0.236842 0.015576 0.060729
0 0.449377 0.836032 0.066978 0.157895
1 0.588006 0.323887 0.073209 0.109312
1 0.762461 0.597166 0.023364 0.068826
1 0.593458 0.607287 0.080997 0.214575
1 0.271807 0.216599 0.032710 0.076923
1 0.349688 0.129555 0.031153 0.064777
0 0.489097 0.848178 0.038941 0.109312
1 0.822430 0.289474 0.034268 0.097166
1 0.667445 0.380567 0.034268 0.113360
0 0.876947 0.174089 0.031153 0.072874
0 0.701713 0.412955 0.046729 0.121457
1 0.196262 0.850202 0.031153 0.064777
0 0.340343 0.827935 0.034268 0.085020
