0 0.666667 0.259109 0.024922 0.052632
1 0.753894 0.433198 0.054517 0.117409
0 0.144860 0.451417 0.057632 0.129555
1 0.628505 0.686235 0.046729 0.141700
1 0.658879 0.346154 0.012461 0.048583
1 0.246106 0.781377 0.015576 0.052632
1 0.849688 0.497976 0.051402 0.165992
0 0.419003 0.785425 0.023364 0.064777
1 0.847352 0.720648 0.015576 0.040486
1 0.248442 0.846154 0.035826 0.121457
1 0.374611 0.410931 0.018692 0.052632
0 0.538162 0.180162 0.017134 0.040486
1 0.274922 0.933198 0.037383 0.076923
1 0.890187 0.945344 0.020249 0.044534
0 0.186916 0.263158 0.059190 0.129555
0 0.850467 0.599190 0.029595 0.080972
1 0.197040 0.661943 0.104361 0.161943
1 0.768692 0.641700 0.056075 0.113360
0 0.133956 0.763158 0.042056 0.121457
0 0.665888 0.155870 0.010903 0.020243
1 0.050623 0.767206 0.023364 0.052632
1 0.310748 0.807692 0.014019 0.036437
0 0.411215 0.398785 0.028037 0.145749
1 0.841900 0.291498 0.017134 0.056680
1 0.739097 0.196356 0.024922 0.048583
1 0.263240 0.376518 0.052960 0.113360
0 0.711059 0.813765 0.034268 0.089069
1 0.538162 0.878543 0.032710 0.068826
1 0.911994 0.350202 0.010903 0.028340
0 0.937695 0.698381 0.028037 0.060729
1 0.190810 0.368421 0.017134 0.040486
1 0.816199 0.301619 0.010903 0.052632
0 0.361371 0.417004 0.017134 0.044534
1 0.461059 0.125506 0.024922 0.044534
1 0.128505 0.165992 0.031153 0.117409
0 0.856698 0.732794 0.015576 0.048583
1 0.681464 0.900810 0.049844 0.105263
1 0.320872 0.240891 0.028037 0.064777
1 0.484424 0.348178 0.009346 0.020243
