1 0.374611 0.427126 0.009346 0.016194
1 0.098131 0.568826 0.068536 0.182186
0 0.176012 0.406883 0.012461 0.032389
1 0.738318 0.854251 0.066978 0.157895
0 0.312305 0.755061 0.017134 0.032389
1 0.599688 0.479757 0.024922 0.060729
0 0.753894 0.601215 0.031153 0.085020
0 0.333333 0.680162 0.023364 0.064777
1 0.815421 0.226721 0.023364 0.064777
1 0.499221 0.186235 0.031153 0.109312
0 0.793614 0.811741 0.004673 0.012146
1 0.482087 0.872470 0.048287 0.157895
1 0.781931 0.315789 0.028037 0.064777
1 0.757788 0.526316 0.029595 0.044534
0 0.268692 0.645749 0.015576 0.028340
1 0.383956 0.704453 0.079439 0.194332
1 0.684579 0.714575 0.023364 0.076923
0 0.844237 0.599190 0.080997 0.190283
1 0.266355 0.246964 0.035826 0.178138
1 0.654206 0.423077 0.012461 0.032389
0 0.294393 0.748988 0.010903 0.032389
1 0.917445 0.435223 0.018692 0.044534
1 0.716511 0.678138 0.032710 0.121457
1 0.320872 0.888664 0.009346 0.028340
0 0.134735 0.427126 0.035826 0.080972
1 0.101246 0.222672 0.031153 0.080972
1 0.601246 0.951417 0.009346 0.032389
1 0.424455 0.414980 0.026480 0.085020
0 0.590343 0.908907 0.021807 0.056680
0 0.443146 0.795547 0.034268 0.085020
1 0.771028 0.518219 0.021807 0.032389
1 0.365265 0.840081 0.021807 0.052632
1 0.877726 0.931174 0.037383 0.105263
1 0.214953 0.159919 0.031153 0.076923
1 0.181464 0.665992 0.040498 0.060729
1 0.303738 0.427126 0.042056 0.109312
1 0.150312 0.742915 0.014019 0.036437
1 0.455607 0.799595 0.031153 0.044534
0 0.544393 0.765182 0.012461 0.052632
0 0.082555 0.878543 0.028037 0.076923
0 0.618380 0.858300 0.012461 0.032389
