1 0.717290 0.301619 0.028037 0.036437
0 0.644860 0.854251 0.018692 0.076923
0 0.811526 0.530364 0.038941 0.105263
1 0.171340 0.597166 0.021807 0.072874
0 0.158879 0.141700 0.006231 0.016194
1 0.757788 0.153846 0.031153 0.080972
0 0.327882 0.734818 0.017134 0.036437
1 0.059969 0.900810 0.017134 0.036437
0 0.935358 0.923077 0.015576 0.048583
1 0.190031 0.253036 0.012461 0.028340
1 0.127726 0.619433 0.018692 0.052632
1 0.536604 0.445344 0.031153 0.064777
1 0.482087 0.226721 0.007788 0.016194
1 0.362150 0.605263 0.060748 0.153846
0 0.917445 0.331984 0.024922 0.052632
1 0.958723 0.613360 0.009346 0.016194
0 0.673676 0.748988 0.065421 0.226721
1 0.233645 0.522267 0.012461 0.032389
1 0.299065 0.603239 0.035826 0.076923
1 0.633178 0.736842 0.042056 0.113360
0 0.661215 0.170040 0.020249 0.044534
1 0.793614 0.880567 0.057632 0.141700
1 0.612150 0.896761 0.015576 0.036437
0 0.325545 0.665992 0.043614 0.145749
0 0.418224 0.761134 0.043614 0.129555
1 0.670561 0.135628 0.007788 0.020243
0 0.538162 0.805668 0.066978 0.137652
0 0.281931 0.815789 0.065421 0.141700
1 0.333333 0.967611 0.012461 0.036437
0 0.283489 0.469636 0.057632 0.141700
1 0.552960 0.495951 0.037383 0.101215
1 0.094237 0.951417 0.017134 0.044534
1 0.771028 0.730769 0.068536 0.246964
1 0.098910 0.773279 0.020249 0.072874
0 0.338006 0.838057 0.015576 0.036437
1 0.183801 0.386640 0.045171 0.117409
0 0.766355 0.289474 0.023364 0.056680
1 0.623832 0.143725 0.004673 0.012146
1 0.880841 0.925101 0.035826 0.085020
0 0.060748 0.255061 0.023364 0.052632
1 0.235202 0.291498 0.028037 0.072874
0 0.586449 0.481781 0.051402 0.121457
1 0.820872 0.348178 0.049844 0.117409
1 0.576324 0.655870 0.018692 0.056680
