1 0.049065 0.457490 0.012461 0.040486
1 0.793614 0.253036 0.029595 0.068826
0 0.313084 0.534413 0.042056 0.101215
0 0.264798 0.676113 0.042056 0.089069
1 0.284268 0.777328 0.029595 0.080972
1 0.232866 0.852227 0.017134 0.024291
1 0.480530 0.425101 0.029595 0.080972
0 0.746885 0.384615 0.063863 0.117409
1 0.248442 0.408907 0.010903 0.020243
1 0.612150 0.542510 0.032710 0.105263
1 0.610592 0.898785 0.031153 0.093117
1 0.720405 0.657895 0.014019 0.040486
1 0.482087 0.872470 0.065421 0.145749
1 0.397975 0.299595 0.040498 0.097166
1 0.468069 0.753036 0.017134 0.032389
1 0.463396 0.141700 0.010903 0.036437
0 0.374611 0.161943 0.018692 0.080972
0 0.659657 0.289474 0.031153 0.076923
0 0.112928 0.661943 0.029595 0.080972
1 0.375389 0.736842 0.009346 0.024291
0 0.678349 0.287449 0.018692 0.048583
1 0.711838 0.313765 0.014019 0.036437
0 0.513240 0.451417 0.023364 0.044534
1 0.929128 0.184211 0.031153 0.052632
0 0.742991 0.898785 0.068536 0.113360
1 0.132399 0.210526 0.038941 0.109312
1 0.947040 0.536437 0.006231 0.016194
1 0.587227 0.329960 0.071651 0.137652
0 0.200156 0.765182 0.068536 0.133603
1 0.394860 0.923077 0.038941 0.093117
1 0.651090 0.346154 0.023364 0.089069
1 0.619938 0.767206 0.034268 0.072874
1 0.302960 0.269231 0.037383 0.093117
1 0.390966 0.544534 0.109034 0.299595
0 0.660436 0.224696 0.042056 0.105263
1 0.897975 0.483806 0.043614 0.165992
1 0.394081 0.380567 0.015576 0.032389
1 0.215732 0.323887 0.032710 0.097166
1 0.563863 0.123482 0.014019 0.056680
1 0.147975 0.386640 0.029595 0.089069
1 0.241433 0.500000 0.035826 0.105263
