1 0.908879 0.718623 0.056075 0.182186
1 0.915109 0.226721 0.023364 0.048583
0 0.389408 0.536437 0.037383 0.076923
1 0.305296 0.455466 0.062305 0.182186
0 0.088006 0.702429 0.057632 0.113360
0 0.366822 0.544534 0.014019 0.036437
0 0.435358 0.742915 0.045171 0.105263
1 0.755452 0.406883 0.042056 0.080972
0 0.283489 0.649798 0.023364 0.048583
1 0.894860 0.823887 0.043614 0.234818
0 0.486760 0.400810 0.054517 0.206478
1 0.232866 0.350202 0.038941 0.085020
1 0.218847 0.574899 0.029595 0.044534
1 0.232087 0.619433 0.034268 0.080972
1 0.153427 0.546559 0.076324 0.161943
0 0.309969 0.301619 0.010903 0.036437
1 0.261682 0.623482 0.021807 0.072874
1 0.088006 0.483806 0.021807 0.048583
0 0.344237 0.226721 0.023364 0.048583
0 0.686137 0.700405 0.026480 0.080972
0 0.744548 0.771255 0.091900 0.218623
0 0.349688 0.176113 0.026480 0.056680
0 0.704050 0.617409 0.020249 0.040486
1 0.225857 0.789474 0.018692 0.089069
1 0.869159 0.534413 0.043614 0.105263
1 0.382399 0.730769 0.020249 0.097166
0 0.866044 0.730769 0.056075 0.141700
1 0.178349 0.323887 0.046729 0.226721
1 0.135514 0.372470 0.045171 0.178138
1 0.858255 0.623482 0.046729 0.133603
1 0.422897 0.914980 0.034268 0.113360
1 0.282710 0.319838 0.026480 0.076923
