1 0.073988 0.767206 0.023364 0.056680
1 0.385514 0.524291 0.051402 0.113360
1 0.216511 0.534413 0.068536 0.299595
1 0.359813 0.842105 0.037383 0.072874
0 0.490654 0.955466 0.006231 0.020243
1 0.897975 0.475709 0.012461 0.020243
0 0.440031 0.354251 0.015576 0.068826
1 0.071651 0.188259 0.007788 0.028340
1 0.641745 0.595142 0.014019 0.036437
0 0.854361 0.813765 0.018692 0.040486
1 0.519470 0.631579 0.046729 0.089069
1 0.277259 0.283401 0.038941 0.093117
1 0.334112 0.763158 0.012461 0.044534
0 0.362928 0.609312 0.029595 0.093117
1 0.541277 0.168016 0.038941 0.064777
1 0.091121 0.220648 0.024922 0.068826
0 0.660436 0.781377 0.024922 0.064777
0 0.779595 0.447368 0.007788 0.020243
1 0.798287 0.724696 0.018692 0.085020
0 0.459502 0.858300 0.046729 0.089069
1 0.823209 0.228745 0.021807 0.064777
0 0.143302 0.293522 0.018692 0.044534
1 0.595794 0.852227 0.024922 0.085020
1 0.269470 0.621457 0.009346 0.024291
1 0.899533 0.694332 0.018692 0.060729
0 0.121495 0.621457 0.028037 0.068826
0 0.706386 0.558704 0.040498 0.072874
1 0.278816 0.429150 0.009346 0.024291
1 0.348910 0.935223 0.015576 0.036437
1 0.750000 0.692308 0.054517 0.133603
1 0.225857 0.293522 0.017134 0.028340
0 0.671340 0.159919 0.020249 0.060729
1 0.596573 0.386640 0.048287 0.117409
1 0.500000 0.275304 0.060748 0.141700
0 0.510125 0.463563 0.118380 0.186235
0 0.816199 0.196356 0.021807 0.060729
1 0.580997 0.526316 0.012461 0.044534
1 0.211059 0.834008 0.028037 0.068826
0 0.953271 0.933198 0.015576 0.036437
1 0.272586 0.208502 0.026480 0.052632
0 0.234424 0.734818 0.060748 0.149798
1 0.155763 0.587045 0.054517 0.093117
1 0.662773 0.645749 0.021807 0.044534
0 0.531153 0.842105 0.026480 0.068826
1 0.530374 0.793522 0.017134 0.048583
0 0.741433 0.267206 0.017134 0.036437
0 0.311526 0.615385 0.029595 0.076923
1 0.841900 0.334008 0.038941 0.101215
0 0.683801 0.678138 0.031153 0.089069
1 0.592679 0.222672 0.079439 0.161943
