1 0.563084 0.890688 0.020249 0.048583
1 0.166667 0.317814 0.015576 0.044534
1 0.660436 0.222672 0.049844 0.149798
1 0.534268 0.619433 0.049844 0.113360
1 0.150312 0.829960 0.035826 0.113360
1 0.621495 0.896761 0.015576 0.060729
0 0.513240 0.443320 0.040498 0.085020
1 0.812305 0.876518 0.026480 0.093117
1 0.634735 0.779352 0.034268 0.129555
0 0.364486 0.868421 0.032710 0.076923
1 0.084891 0.874494 0.031153 0.072874
0 0.244548 0.684211 0.007788 0.024291
1 0.179128 0.923077 0.040498 0.068826
0 0.652648 0.483806 0.057632 0.141700
0 0.302181 0.684211 0.090343 0.291498
1 0.735981 0.291498 0.038941 0.085020
1 0.570872 0.421053 0.043614 0.097166
1 0.896417 0.852227 0.021807 0.052632
1 0.138629 0.493927 0.017134 0.044534
1 0.911215 0.443320 0.032710 0.129555
1 0.811526 0.532389 0.015576 0.032389
1 0.338785 0.372470 0.017134 0.048583
1 0.446262 0.392713 0.024922 0.072874
1 0.884735 0.238866 0.015576 0.048583
1 0.428349 0.190283 0.024922 0.040486
0 0.282710 0.315789 0.023364 0.064777
1 0.117601 0.184211 0.031153 0.089069
1 0.184579 0.777328 0.042056 0.076923
0 0.219626 0.358300 0.066978 0.129555
0 0.800623 0.218623 0.017134 0.048583
1 0.931464 0.655870 0.021807 0.101215
