1 0.190031 0.842105 0.021807 0.080972
1 0.490654 0.777328 0.009346 0.040486
1 0.809969 0.639676 0.084112 0.263158
1 0.166667 0.356275 0.012461 0.028340
1 0.714174 0.149798 0.010903 0.040486
0 0.832555 0.852227 0.029595 0.060729
1 0.550623 0.572874 0.007788 0.020243
1 0.105140 0.949393 0.020249 0.036437
1 0.711838 0.704453 0.015576 0.064777
1 0.280374 0.655870 0.051402 0.157895
1 0.660436 0.963563 0.012461 0.036437
0 0.656542 0.516194 0.012461 0.024291
1 0.578660 0.265182 0.006231 0.020243
1 0.374611 0.878543 0.038941 0.109312
1 0.450156 0.587045 0.038941 0.113360
0 0.489875 0.157895 0.032710 0.080972
0 0.707165 0.607287 0.038941 0.085020
1 0.241433 0.323887 0.079439 0.161943
0 0.626168 0.234818 0.009346 0.032389
1 0.596573 0.864372 0.071651 0.170040
1 0.741433 0.929150 0.035826 0.093117
1 0.116822 0.615385 0.071651 0.263158
1 0.721184 0.427126 0.034268 0.085020
1 0.880841 0.674089 0.023364 0.072874
1 0.514798 0.212551 0.007788 0.020243
1 0.171340 0.906883 0.026480 0.085020
1 0.589564 0.398785 0.048287 0.153846
1 0.075545 0.720648 0.052960 0.109312
0 0.842679 0.489879 0.020249 0.056680
0 0.600467 0.746964 0.076324 0.129555
0 0.124611 0.402834 0.009346 0.028340
1 0.459502 0.222672 0.054517 0.080972
0 0.861371 0.611336 0.021807 0.056680
