0 0.183801 0.710526 0.020249 0.040486
1 0.305296 0.856275 0.028037 0.072874
0 0.235202 0.394737 0.015576 0.032389
0 0.503115 0.234818 0.021807 0.036437
0 0.264798 0.269231 0.023364 0.052632
0 0.182243 0.655870 0.035826 0.080972
1 0.696262 0.704453 0.056075 0.170040
1 0.199377 0.607287 0.012461 0.036437
0 0.813084 0.414980 0.028037 0.117409
1 0.610592 0.738866 0.034268 0.060729
1 0.297508 0.232794 0.029595 0.109312
0 0.379283 0.633603 0.084112 0.165992
1 0.222741 0.720648 0.042056 0.064777
0 0.860592 0.921053 0.017134 0.032389
0 0.849688 0.742915 0.024922 0.068826
1 0.482087 0.842105 0.060748 0.097166
1 0.920561 0.170040 0.028037 0.040486
0 0.656542 0.170040 0.010903 0.032389
1 0.676012 0.311741 0.060748 0.198381
1 0.931464 0.445344 0.029595 0.105263
0 0.735202 0.170040 0.031153 0.060729
1 0.638629 0.289474 0.052960 0.133603
0 0.449377 0.481781 0.014019 0.024291
0 0.051402 0.421053 0.010903 0.032389
1 0.365265 0.263158 0.068536 0.194332
1 0.629283 0.700405 0.015576 0.040486
1 0.503894 0.435223 0.048287 0.121457
1 0.891745 0.279352 0.071651 0.194332
0 0.838006 0.874494 0.020249 0.052632
1 0.827882 0.787449 0.035826 0.080972
1 0.683801 0.206478 0.042056 0.089069
0 0.098910 0.874494 0.028037 0.076923
0 0.056854 0.305668 0.029595 0.068826
1 0.295950 0.787449 0.042056 0.085020
1 0.489097 0.321862 0.024922 0.089069
1 0.444704 0.212551 0.020249 0.048583
0 0.382399 0.746964 0.035826 0.109312
0 0.821651 0.965587 0.014019 0.032389
1 0.444704 0.234818 0.017134 0.044534
0 0.665888 0.900810 0.091900 0.133603
1 0.875389 0.431174 0.068536 0.218623
0 0.177570 0.228745 0.028037 0.068826
1 0.645639 0.781377 0.015576 0.052632
1 0.823988 0.220648 0.015576 0.032389
0 0.569315 0.917004 0.040498 0.149798
0 0.269470 0.121457 0.017134 0.032389
1 0.547508 0.674089 0.014019 0.028340
0 0.200935 0.469636 0.012461 0.040486
1 0.120717 0.929150 0.020249 0.093117
1 0.475078 0.394737 0.048287 0.149798
0 0.176012 0.441296 0.043614 0.101215
1 0.389408 0.465587 0.012461 0.032389
