1 0.557632 0.222672 0.038941 0.165992
0 0.128505 0.759109 0.014019 0.036437
1 0.626947 0.564777 0.020249 0.085020
1 0.178349 0.686235 0.031153 0.105263
1 0.138629 0.242915 0.012461 0.028340
0 0.215732 0.228745 0.020249 0.080972
1 0.771807 0.635628 0.054517 0.161943
1 0.098910 0.597166 0.021807 0.052632
1 0.805296 0.787449 0.065421 0.267206
1 0.587227 0.400810 0.048287 0.105263
0 0.685358 0.931174 0.018692 0.072874
1 0.541277 0.362348 0.029595 0.105263
0 0.429907 0.811741 0.018692 0.040486
1 0.883178 0.860324 0.023364 0.085020
1 0.322430 0.386640 0.048287 0.202429
0 0.926791 0.894737 0.015576 0.036437
1 0.316199 0.508097 0.029595 0.044534
0 0.327882 0.204453 0.034268 0.085020
1 0.853583 0.172065 0.018692 0.068826
0 0.075545 0.728745 0.026480 0.068826
1 0.094237 0.716599 0.028037 0.040486
0 0.802181 0.352227 0.035826 0.105263
1 0.384735 0.378543 0.045171 0.198381
0 0.254673 0.226721 0.007788 0.024291
1 0.428349 0.423077 0.021807 0.052632
1 0.650312 0.465587 0.035826 0.121457
1 0.099688 0.823887 0.037383 0.137652
0 0.673676 0.595142 0.029595 0.105263
1 0.465732 0.967611 0.010903 0.020243
0 0.337227 0.253036 0.028037 0.097166
1 0.274143 0.548583 0.063863 0.153846
1 0.401090 0.190283 0.066978 0.157895
