0 0.389408 0.230769 0.032710 0.060729
0 0.416667 0.346154 0.056075 0.153846
1 0.845016 0.214575 0.056075 0.186235
1 0.788941 0.390688 0.029595 0.060729
0 0.383178 0.313765 0.023364 0.080972
1 0.577103 0.823887 0.045171 0.093117
1 0.146417 0.481781 0.032710 0.064777
0 0.757009 0.386640 0.018692 0.052632
0 0.447819 0.799595 0.088785 0.174089
1 0.503894 0.929150 0.020249 0.036437
0 0.640966 0.261134 0.029595 0.072874
1 0.539720 0.799595 0.026480 0.064777
1 0.407321 0.599190 0.059190 0.157895
1 0.347352 0.522267 0.028037 0.080972
1 0.704050 0.619433 0.040498 0.105263
0 0.691589 0.694332 0.024922 0.072874
1 0.326324 0.852227 0.026480 0.044534
1 0.660436 0.336032 0.010903 0.036437
1 0.317757 0.564777 0.012461 0.020243
1 0.750779 0.253036 0.038941 0.080972
1 0.267134 0.451417 0.024922 0.060729
1 0.090343 0.309717 0.028037 0.072874
1 0.275701 0.710526 0.023364 0.064777
1 0.827103 0.868421 0.021807 0.040486
1 0.720405 0.123482 0.017134 0.040486
1 0.137850 0.238866 0.046729 0.153846
0 0.757009 0.912955 0.023364 0.064777
0 0.888629 0.842105 0.010903 0.032389
1 0.249221 0.502024 0.037383 0.113360
1 0.281153 0.603239 0.024922 0.040486
0 0.723520 0.925101 0.031153 0.093117
1 0.630062 0.825911 0.029595 0.064777
1 0.150312 0.582996 0.056075 0.093117
0 0.735981 0.550607 0.031153 0.105263
0 0.086449 0.663968 0.040498 0.133603
1 0.888629 0.352227 0.029595 0.060729
0 0.851246 0.522267 0.029595 0.048583
0 0.940031 0.463563 0.031153 0.068826
1 0.886293 0.506073 0.024922 0.068826
