1 0.558411 0.473684 0.071651 0.182186
0 0.897196 0.457490 0.031153 0.076923
1 0.841900 0.866397 0.032710 0.072874
1 0.404984 0.870445 0.065421 0.129555
0 0.305296 0.222672 0.037383 0.133603
0 0.239875 0.554656 0.059190 0.137652
0 0.501558 0.587045 0.018692 0.056680
0 0.362150 0.412955 0.043614 0.097166
1 0.870717 0.222672 0.012461 0.028340
0 0.576324 0.224696 0.037383 0.105263
1 0.875389 0.293522 0.037383 0.113360
0 0.160436 0.508097 0.021807 0.072874
1 0.538941 0.214575 0.020249 0.056680
1 0.640966 0.153846 0.020249 0.060729
1 0.698598 0.779352 0.046729 0.109312
1 0.842679 0.680162 0.046729 0.137652
1 0.442368 0.224696 0.045171 0.141700
1 0.473520 0.192308 0.020249 0.076923
1 0.927570 0.700405 0.054517 0.153846
1 0.775701 0.350202 0.074766 0.238866
0 0.065421 0.267206 0.007788 0.016194
1 0.939252 0.508097 0.028037 0.036437
1 0.639408 0.240891 0.014019 0.028340
0 0.647196 0.558704 0.007788 0.016194
1 0.880841 0.688259 0.021807 0.040486
0 0.704829 0.884615 0.035826 0.093117
1 0.196262 0.447368 0.028037 0.113360
1 0.095016 0.210526 0.021807 0.076923
0 0.172897 0.767206 0.049844 0.137652
1 0.586449 0.757085 0.024922 0.064777
1 0.718069 0.473684 0.070093 0.178138
1 0.151869 0.562753 0.026480 0.085020
0 0.267134 0.479757 0.038941 0.085020
1 0.084891 0.919028 0.048287 0.080972
1 0.487539 0.943320 0.026480 0.052632
1 0.130841 0.242915 0.059190 0.076923
1 0.278037 0.550607 0.040498 0.109312
1 0.229751 0.635628 0.017134 0.052632
