1 0.436137 0.192308 0.040498 0.113360
1 0.250000 0.668016 0.080997 0.194332
1 0.379283 0.761134 0.032710 0.076923
0 0.310748 0.919028 0.010903 0.024291
1 0.531931 0.771255 0.059190 0.141700
1 0.364486 0.441296 0.051402 0.198381
1 0.699377 0.914980 0.015576 0.048583
1 0.683022 0.524291 0.065421 0.190283
0 0.291277 0.951417 0.024922 0.052632
1 0.873053 0.196356 0.035826 0.060729
0 0.930685 0.530364 0.017134 0.044534
1 0.702492 0.753036 0.042056 0.097166
0 0.338006 0.757085 0.074766 0.153846
0 0.094237 0.443320 0.023364 0.060729
0 0.111371 0.502024 0.021807 0.052632
0 0.294393 0.827935 0.035826 0.085020
1 0.489097 0.884615 0.012461 0.044534
1 0.275701 0.846154 0.018692 0.064777
0 0.176791 0.321862 0.054517 0.113360
1 0.788941 0.449393 0.024922 0.085020
0 0.149533 0.823887 0.056075 0.149798
0 0.577882 0.665992 0.015576 0.044534
0 0.899533 0.194332 0.032710 0.076923
0 0.637850 0.404858 0.031153 0.113360
1 0.439252 0.334008 0.024922 0.068826
1 0.474299 0.734818 0.057632 0.137652
1 0.476636 0.309717 0.040498 0.157895
1 0.779595 0.133603 0.021807 0.056680
1 0.297508 0.390688 0.060748 0.117409
1 0.749221 0.923077 0.037383 0.068826
1 0.485202 0.502024 0.112150 0.307692
1 0.173676 0.566802 0.062305 0.198381
1 0.290498 0.342105 0.043614 0.145749
1 0.911215 0.267206 0.040498 0.080972
