1 0.702492 0.398785 0.020249 0.044534
0 0.577103 0.736842 0.023364 0.056680
1 0.369159 0.216599 0.028037 0.105263
0 0.362928 0.153846 0.012461 0.040486
1 0.067757 0.297571 0.023364 0.048583
0 0.939252 0.508097 0.012461 0.028340
1 0.366822 0.813765 0.121495 0.259109
1 0.676012 0.206478 0.015576 0.020243
1 0.429907 0.453441 0.066978 0.206478
0 0.845016 0.670040 0.062305 0.174089
1 0.168224 0.522267 0.012461 0.028340
1 0.772586 0.366397 0.037383 0.093117
1 0.542835 0.809717 0.028037 0.101215
1 0.068536 0.248988 0.024922 0.072874
0 0.493769 0.473684 0.029595 0.085020
1 0.317757 0.605263 0.082555 0.214575
0 0.291277 0.797571 0.026480 0.064777
1 0.099688 0.882591 0.014019 0.048583
1 0.747664 0.736842 0.009346 0.024291
0 0.609813 0.629555 0.023364 0.068826
0 0.199377 0.838057 0.028037 0.052632
0 0.617601 0.461538 0.032710 0.080972
1 0.644860 0.242915 0.040498 0.161943
1 0.394860 0.372470 0.035826 0.113360
1 0.235981 0.712551 0.026480 0.064777
1 0.105919 0.253036 0.038941 0.170040
1 0.306854 0.299595 0.035826 0.133603
0 0.864486 0.534413 0.028037 0.085020
0 0.482087 0.194332 0.009346 0.020243
1 0.839564 0.356275 0.012461 0.024291
0 0.223520 0.896761 0.048287 0.133603
1 0.481308 0.773279 0.034268 0.089069
0 0.755452 0.178138 0.054517 0.145749
1 0.407321 0.595142 0.028037 0.052632
1 0.646417 0.469636 0.035826 0.109312
1 0.566199 0.491903 0.043614 0.072874
1 0.692368 0.633603 0.042056 0.153846
1 0.508567 0.904858 0.009346 0.028340
1 0.376947 0.259109 0.035826 0.080972
1 0.073209 0.455466 0.018692 0.052632
1 0.873053 0.860324 0.010903 0.028340
0 0.553738 0.414980 0.057632 0.170040
1 0.116044 0.489879 0.024922 0.076923
1 0.184579 0.305668 0.021807 0.048583
0 0.735202 0.370445 0.034268 0.048583
0 0.702492 0.303644 0.024922 0.064777
0 0.097352 0.663968 0.004673 0.016194
