1 0.162773 0.218623 0.017134 0.032389
1 0.813084 0.684211 0.037383 0.068826
0 0.351246 0.224696 0.015576 0.036437
0 0.749221 0.516194 0.021807 0.068826
1 0.828660 0.323887 0.082555 0.259109
1 0.187695 0.668016 0.018692 0.036437
0 0.750000 0.307692 0.049844 0.157895
1 0.214174 0.775304 0.042056 0.113360
0 0.537383 0.734818 0.049844 0.125506
1 0.834112 0.467611 0.029595 0.072874
1 0.342679 0.645749 0.032710 0.068826
0 0.519470 0.506073 0.066978 0.170040
1 0.657321 0.659919 0.018692 0.048583
1 0.875389 0.789474 0.029595 0.048583
0 0.080218 0.340081 0.051402 0.109312
0 0.588785 0.465587 0.018692 0.052632
0 0.208723 0.421053 0.026480 0.080972
0 0.666667 0.558704 0.054517 0.157895
1 0.344237 0.364372 0.007788 0.032389
0 0.260125 0.880567 0.049844 0.117409
0 0.805296 0.485830 0.024922 0.044534
1 0.179128 0.178138 0.015576 0.048583
0 0.705607 0.439271 0.068536 0.178138
1 0.485981 0.676113 0.021807 0.048583
1 0.645639 0.836032 0.040498 0.129555
1 0.759346 0.684211 0.018692 0.044534
1 0.135514 0.597166 0.028037 0.068826
0 0.883956 0.325911 0.029595 0.064777
1 0.491433 0.520243 0.043614 0.145749
0 0.390966 0.572874 0.012461 0.028340
0 0.901090 0.265182 0.037383 0.085020
0 0.109813 0.949393 0.021807 0.076923
1 0.487539 0.730769 0.007788 0.028340
1 0.214174 0.508097 0.071651 0.145749
1 0.952492 0.348178 0.014019 0.032389
1 0.451713 0.125506 0.012461 0.024291
0 0.756231 0.226721 0.049844 0.085020
1 0.409657 0.380567 0.029595 0.044534
1 0.654984 0.763158 0.042056 0.113360
0 0.874611 0.611336 0.098131 0.190283
1 0.234424 0.400810 0.014019 0.040486
