0 0.421340 0.534413 0.038941 0.117409
1 0.834112 0.386640 0.004673 0.012146
1 0.450156 0.761134 0.057632 0.153846
1 0.938474 0.712551 0.024922 0.052632
0 0.289720 0.325911 0.032710 0.097166
1 0.119159 0.315789 0.017134 0.048583
1 0.267913 0.338057 0.035826 0.080972
1 0.730530 0.734818 0.096573 0.226721
1 0.453271 0.641700 0.062305 0.157895
1 0.336449 0.214575 0.028037 0.080972
1 0.870717 0.757085 0.045171 0.109312
0 0.563863 0.200405 0.021807 0.064777
0 0.680685 0.566802 0.031153 0.085020
1 0.534268 0.674089 0.063863 0.161943
0 0.632399 0.186235 0.048287 0.080972
1 0.147975 0.222672 0.031153 0.109312
1 0.327882 0.544534 0.040498 0.133603
1 0.818536 0.410931 0.021807 0.068826
1 0.798287 0.951417 0.020249 0.056680
1 0.344237 0.740891 0.084112 0.174089
1 0.640187 0.876518 0.049844 0.190283
1 0.635514 0.384615 0.046729 0.056680
1 0.116044 0.443320 0.010903 0.032389
1 0.398754 0.378543 0.054517 0.141700
0 0.771028 0.321862 0.024922 0.072874
0 0.225857 0.825911 0.059190 0.161943
1 0.343458 0.617409 0.017134 0.028340
0 0.532710 0.917004 0.040498 0.149798
1 0.576324 0.605263 0.062305 0.157895
0 0.933801 0.641700 0.017134 0.056680
0 0.137850 0.329960 0.032710 0.076923
1 0.811526 0.141700 0.024922 0.076923
0 0.818536 0.821862 0.018692 0.044534
1 0.492991 0.874494 0.032710 0.145749
1 0.220405 0.564777 0.062305 0.153846
0 0.241433 0.684211 0.014019 0.040486
0 0.209502 0.311741 0.007788 0.036437
1 0.528037 0.265182 0.035826 0.113360
1 0.684579 0.441296 0.046729 0.097166
0 0.246885 0.904858 0.054517 0.137652
0 0.822430 0.589069 0.031153 0.068826
1 0.111371 0.524291 0.007788 0.016194
1 0.670561 0.508097 0.015576 0.052632
1 0.922118 0.277328 0.046729 0.137652
1 0.232087 0.287449 0.043614 0.089069
1 0.580218 0.704453 0.015576 0.056680
1 0.691589 0.504049 0.028037 0.052632
0 0.096573 0.145749 0.028037 0.080972
1 0.735202 0.362348 0.059190 0.149798
1 0.153427 0.463563 0.052960 0.137652
1 0.911215 0.441296 0.063863 0.141700
0 0.130062 0.259109 0.026480 0.048583
