1 0.552960 0.398785 0.018692 0.044534
1 0.060748 0.303644 0.029595 0.048583
1 0.923676 0.461538 0.018692 0.040486
1 0.168224 0.589069 0.048287 0.089069
1 0.225857 0.550607 0.004673 0.008097
1 0.278816 0.236842 0.026480 0.080972
1 0.165888 0.463563 0.032710 0.076923
0 0.741433 0.858300 0.035826 0.093117
0 0.248442 0.190283 0.007788 0.028340
1 0.126168 0.613360 0.052960 0.093117
1 0.443146 0.253036 0.029595 0.068826
1 0.463396 0.370445 0.017134 0.036437
1 0.726636 0.771255 0.040498 0.117409
0 0.610592 0.740891 0.009346 0.040486
0 0.103583 0.400810 0.042056 0.145749
1 0.230530 0.315789 0.029595 0.085020
1 0.714174 0.653846 0.043614 0.133603
1 0.800623 0.870445 0.014019 0.044534
1 0.633956 0.220648 0.021807 0.068826
0 0.249221 0.429150 0.054517 0.080972
1 0.667445 0.672065 0.054517 0.222672
1 0.514798 0.364372 0.048287 0.117409
1 0.163551 0.238866 0.014019 0.036437
0 0.807632 0.293522 0.012461 0.044534
1 0.217290 0.631579 0.032710 0.085020
1 0.611371 0.894737 0.023364 0.097166
0 0.291277 0.611336 0.015576 0.040486
1 0.491433 0.601215 0.037383 0.125506
1 0.841121 0.370445 0.009346 0.028340
1 0.802181 0.609312 0.024922 0.072874
1 0.843458 0.908907 0.007788 0.016194
1 0.558411 0.975709 0.014019 0.032389
0 0.468847 0.356275 0.009346 0.024291
1 0.688474 0.852227 0.020249 0.044534
0 0.689252 0.309717 0.035826 0.080972
1 0.379283 0.844130 0.034268 0.093117
0 0.333333 0.817814 0.012461 0.028340
0 0.056075 0.821862 0.021807 0.040486
1 0.221184 0.445344 0.021807 0.052632
0 0.367601 0.311741 0.021807 0.048583
1 0.380062 0.174089 0.045171 0.101215
0 0.729751 0.248988 0.040498 0.101215
1 0.092679 0.917004 0.009346 0.020243
1 0.504673 0.783401 0.098131 0.246964
1 0.517134 0.445344 0.026480 0.060729
1 0.929128 0.155870 0.031153 0.093117
1 0.208723 0.538462 0.015576 0.040486
0 0.119159 0.279352 0.010903 0.024291
1 0.435358 0.724696 0.021807 0.048583
1 0.550623 0.763158 0.035826 0.109312
0 0.558411 0.611336 0.032710 0.076923
0 0.197040 0.651822 0.026480 0.076923
1 0.303738 0.232794 0.020249 0.048583
0 0.493769 0.115385 0.012461 0.036437
0 0.153427 0.779352 0.014019 0.036437
1 0.664330 0.489879 0.076324 0.279352
0 0.773364 0.344130 0.031153 0.089069
1 0.374611 0.228745 0.037383 0.076923
1 0.867601 0.514170 0.028037 0.105263
