1 0.298287 0.269231 0.029595 0.052632
1 0.355140 0.870445 0.018692 0.024291
1 0.332555 0.279352 0.007788 0.024291
1 0.328660 0.815789 0.049844 0.149798
0 0.478972 0.329960 0.021807 0.048583
1 0.131620 0.771255 0.045171 0.109312
1 0.535826 0.206478 0.009346 0.040486
1 0.282710 0.419028 0.065421 0.190283
1 0.676791 0.888664 0.015576 0.036437
0 0.169003 0.429150 0.020249 0.036437
1 0.592679 0.914980 0.028037 0.064777
1 0.062305 0.639676 0.032710 0.097166
1 0.253115 0.313765 0.029595 0.068826
1 0.736760 0.532389 0.051402 0.165992
1 0.770249 0.528340 0.023364 0.052632
1 0.535047 0.580972 0.012461 0.048583
0 0.843458 0.190283 0.007788 0.016194
0 0.950935 0.522267 0.018692 0.048583
0 0.782710 0.951417 0.012461 0.056680
1 0.875389 0.414980 0.028037 0.117409
1 0.246885 0.716599 0.042056 0.105263
1 0.196262 0.479757 0.045171 0.125506
1 0.158100 0.722672 0.076324 0.113360
0 0.112150 0.208502 0.003115 0.008097
0 0.086449 0.429150 0.042056 0.161943
1 0.639408 0.437247 0.088785 0.182186
1 0.491433 0.751012 0.048287 0.109312
1 0.100467 0.688259 0.040498 0.113360
0 0.788162 0.350202 0.077882 0.161943
1 0.426012 0.781377 0.024922 0.117409
1 0.352025 0.226721 0.057632 0.097166
0 0.372274 0.910931 0.015576 0.060729
1 0.475078 0.852227 0.028037 0.064777
1 0.260903 0.222672 0.032710 0.060729
0 0.622274 0.261134 0.026480 0.080972
0 0.565421 0.807692 0.021807 0.052632
1 0.829439 0.469636 0.035826 0.080972
0 0.477414 0.670040 0.054517 0.121457
0 0.415109 0.554656 0.020249 0.064777
1 0.592679 0.862348 0.007788 0.024291
1 0.618380 0.753036 0.042056 0.089069
1 0.358255 0.803644 0.035826 0.064777
0 0.568536 0.196356 0.021807 0.056680
1 0.725078 0.906883 0.045171 0.113360
1 0.080218 0.568826 0.057632 0.133603
1 0.944704 0.690283 0.028037 0.093117
1 0.863707 0.562753 0.077882 0.157895
0 0.390187 0.593117 0.017134 0.048583
1 0.209502 0.253036 0.073209 0.141700
1 0.555296 0.639676 0.031153 0.089069
1 0.129283 0.631579 0.048287 0.085020
1 0.178349 0.941296 0.018692 0.036437
1 0.169782 0.807692 0.034268 0.101215
1 0.778816 0.619433 0.009346 0.016194
1 0.806075 0.192308 0.034268 0.093117
1 0.569315 0.939271 0.028037 0.060729
