0 0.437695 0.955466 0.024922 0.056680
0 0.372274 0.564777 0.038941 0.149798
1 0.230530 0.275304 0.073209 0.170040
1 0.239097 0.574899 0.023364 0.060729
1 0.295950 0.534413 0.065421 0.206478
0 0.449377 0.305668 0.062305 0.165992
0 0.903427 0.809717 0.018692 0.040486
0 0.159657 0.876518 0.034268 0.117409
0 0.409657 0.635628 0.037383 0.109312
1 0.524143 0.299595 0.014019 0.044534
0 0.124611 0.591093 0.034268 0.085020
0 0.566978 0.761134 0.042056 0.182186
1 0.589564 0.344130 0.056075 0.145749
0 0.566199 0.629555 0.024922 0.068826
1 0.271028 0.672065 0.015576 0.028340
1 0.766355 0.722672 0.015576 0.036437
1 0.689252 0.716599 0.012461 0.056680
0 0.627726 0.439271 0.059190 0.157895
0 0.380062 0.228745 0.026480 0.076923
1 0.816978 0.872470 0.026480 0.044534
0 0.337227 0.836032 0.034268 0.101215
1 0.387850 0.923077 0.007788 0.016194
0 0.443925 0.224696 0.056075 0.145749
1 0.718069 0.469636 0.048287 0.121457
0 0.478972 0.751012 0.017134 0.040486
1 0.766355 0.376518 0.060748 0.141700
1 0.102025 0.265182 0.021807 0.052632
0 0.711059 0.382591 0.060748 0.109312
0 0.203271 0.789474 0.056075 0.101215
0 0.401869 0.174089 0.018692 0.048583
1 0.359813 0.275304 0.009346 0.020243
0 0.720405 0.633603 0.021807 0.072874
1 0.480530 0.423077 0.017134 0.076923
0 0.348910 0.372470 0.054517 0.149798
1 0.161994 0.704453 0.015576 0.032389
0 0.531153 0.619433 0.028037 0.076923
0 0.152648 0.546559 0.018692 0.056680
1 0.497664 0.151822 0.021807 0.056680
1 0.873832 0.605263 0.021807 0.101215
