1 0.722741 0.692308 0.076324 0.178138
0 0.823209 0.690283 0.034268 0.068826
1 0.306075 0.609312 0.026480 0.113360
0 0.387072 0.611336 0.051402 0.133603
1 0.598131 0.172065 0.043614 0.101215
1 0.774143 0.661943 0.009346 0.028340
1 0.846573 0.805668 0.042056 0.129555
1 0.305296 0.261134 0.023364 0.052632
1 0.310748 0.412955 0.018692 0.060729
1 0.841121 0.313765 0.038941 0.101215
1 0.598910 0.775304 0.054517 0.214575
1 0.435358 0.364372 0.014019 0.072874
1 0.489875 0.255061 0.059190 0.157895
0 0.721184 0.591093 0.015576 0.048583
1 0.945483 0.362348 0.020249 0.072874
1 0.121495 0.651822 0.021807 0.044534
1 0.645639 0.214575 0.054517 0.125506
0 0.440031 0.319838 0.018692 0.048583
0 0.440031 0.530364 0.009346 0.056680
1 0.226636 0.325911 0.028037 0.044534
1 0.482866 0.362348 0.020249 0.052632
0 0.378505 0.817814 0.051402 0.182186
1 0.546729 0.740891 0.015576 0.048583
1 0.764019 0.236842 0.051402 0.109312
1 0.404984 0.287449 0.018692 0.040486
1 0.760903 0.504049 0.062305 0.137652
1 0.094237 0.615385 0.046729 0.137652
0 0.357477 0.611336 0.060748 0.149798
1 0.210280 0.836032 0.024922 0.064777
1 0.334112 0.344130 0.045171 0.109312
0 0.854361 0.680162 0.048287 0.109312
1 0.200935 0.560729 0.020249 0.048583
0 0.442368 0.400810 0.020249 0.044534
1 0.151869 0.170040 0.045171 0.121457
0 0.546729 0.400810 0.029595 0.072874
1 0.535826 0.615385 0.017134 0.072874
1 0.774922 0.829960 0.054517 0.133603
1 0.632399 0.665992 0.107477 0.246964
