1 0.394081 0.325911 0.046729 0.153846
1 0.388629 0.846154 0.018692 0.060729
1 0.361371 0.931174 0.052960 0.085020
0 0.501558 0.657895 0.043614 0.044534
1 0.103583 0.890688 0.031153 0.080972
1 0.794393 0.554656 0.057632 0.093117
0 0.514019 0.939271 0.018692 0.040486
1 0.431464 0.736842 0.051402 0.117409
0 0.207944 0.198381 0.051402 0.170040
1 0.523364 0.805668 0.029595 0.080972
1 0.174455 0.325911 0.015576 0.036437
0 0.471184 0.844130 0.017134 0.060729
0 0.581776 0.748988 0.043614 0.097166
1 0.280374 0.599190 0.031153 0.076923
1 0.605919 0.601215 0.070093 0.149798
1 0.477414 0.210526 0.017134 0.040486
0 0.817757 0.336032 0.029595 0.076923
0 0.312305 0.246964 0.004673 0.016194
1 0.798287 0.755061 0.056075 0.109312
0 0.126947 0.621457 0.026480 0.085020
1 0.658100 0.289474 0.007788 0.020243
0 0.595016 0.184211 0.052960 0.141700
0 0.860592 0.900810 0.012461 0.044534
1 0.876947 0.398785 0.043614 0.125506
1 0.869159 0.900810 0.020249 0.048583
1 0.458723 0.805668 0.018692 0.056680
0 0.314642 0.582996 0.012461 0.032389
1 0.353583 0.680162 0.095016 0.145749
0 0.067757 0.939271 0.017134 0.048583
1 0.350467 0.321862 0.063863 0.117409
0 0.107477 0.710526 0.026480 0.048583
1 0.751558 0.625506 0.024922 0.036437
0 0.070093 0.172065 0.042056 0.101215
1 0.420561 0.433198 0.034268 0.141700
1 0.330997 0.815789 0.052960 0.109312
1 0.386293 0.447368 0.028037 0.089069
0 0.102025 0.390688 0.014019 0.032389
0 0.872274 0.293522 0.049844 0.133603
0 0.725857 0.963563 0.014019 0.040486
1 0.933022 0.787449 0.028037 0.068826
0 0.543614 0.925101 0.021807 0.052632
1 0.116044 0.228745 0.014019 0.040486
1 0.708723 0.732794 0.037383 0.105263
0 0.503894 0.676113 0.023364 0.068826
0 0.293614 0.265182 0.029595 0.072874
0 0.550623 0.607287 0.074766 0.210526
1 0.187695 0.643725 0.037383 0.101215
1 0.159657 0.421053 0.038941 0.125506
0 0.112150 0.955466 0.014019 0.052632
1 0.372274 0.263158 0.059190 0.117409
0 0.264019 0.732794 0.032710 0.044534
0 0.293614 0.542510 0.018692 0.060729
0 0.459502 0.888664 0.040498 0.089069
1 0.302960 0.900810 0.028037 0.105263
