0 0.291277 0.817814 0.029595 0.040486
1 0.394860 0.441296 0.014019 0.040486
1 0.792835 0.793522 0.012461 0.032389
1 0.935358 0.350202 0.014019 0.036437
1 0.246106 0.813765 0.034268 0.068826
1 0.746106 0.299595 0.017134 0.064777
0 0.247664 0.605263 0.015576 0.036437
0 0.049844 0.131579 0.024922 0.040486
0 0.221184 0.366397 0.059190 0.145749
1 0.348910 0.271255 0.042056 0.101215
1 0.808411 0.244939 0.010903 0.016194
1 0.545950 0.617409 0.024922 0.089069
1 0.171340 0.647773 0.028037 0.056680
1 0.813084 0.888664 0.009346 0.020243
1 0.461059 0.495951 0.085670 0.170040
1 0.263240 0.900810 0.029595 0.080972
1 0.573988 0.601215 0.018692 0.068826
1 0.411215 0.805668 0.024922 0.060729
1 0.804517 0.856275 0.014019 0.044534
0 0.724299 0.410931 0.023364 0.044534
1 0.126947 0.558704 0.051402 0.157895
0 0.845794 0.771255 0.023364 0.052632
0 0.295171 0.963563 0.010903 0.028340
0 0.834112 0.435223 0.048287 0.202429
1 0.933022 0.722672 0.021807 0.080972
1 0.943146 0.455466 0.024922 0.060729
1 0.147196 0.396761 0.023364 0.072874
0 0.122274 0.653846 0.020249 0.052632
0 0.102804 0.680162 0.024922 0.044534
1 0.373832 0.601215 0.049844 0.141700
1 0.912773 0.236842 0.063863 0.182186
0 0.571651 0.817814 0.052960 0.105263
1 0.447040 0.809717 0.007788 0.024291
1 0.187695 0.208502 0.026480 0.060729
0 0.137850 0.672065 0.032710 0.080972
0 0.935358 0.755061 0.018692 0.072874
1 0.336449 0.929150 0.021807 0.068826
0 0.667445 0.261134 0.009346 0.032389
1 0.496885 0.427126 0.040498 0.089069
1 0.769470 0.836032 0.029595 0.101215
1 0.510125 0.702429 0.049844 0.186235
1 0.327882 0.544534 0.029595 0.068826
1 0.381620 0.248988 0.015576 0.036437
1 0.464953 0.787449 0.021807 0.036437
0 0.756231 0.720648 0.026480 0.060729
