1 0.778037 0.591093 0.082555 0.125506
1 0.449377 0.694332 0.012461 0.024291
1 0.789720 0.755061 0.032710 0.137652
1 0.759346 0.230769 0.017134 0.044534
1 0.732087 0.469636 0.034268 0.113360
0 0.724299 0.226721 0.012461 0.032389
0 0.905763 0.585020 0.026480 0.044534
1 0.184579 0.178138 0.042056 0.141700
1 0.281931 0.419028 0.021807 0.044534
0 0.864486 0.338057 0.032710 0.064777
1 0.437695 0.172065 0.024922 0.072874
1 0.706386 0.886640 0.037383 0.097166
1 0.724299 0.665992 0.091900 0.259109
1 0.629283 0.321862 0.004673 0.012146
0 0.661215 0.751012 0.010903 0.028340
1 0.396417 0.647773 0.020249 0.032389
1 0.221184 0.653846 0.059190 0.149798
0 0.161215 0.854251 0.045171 0.129555
1 0.933801 0.255061 0.024922 0.085020
0 0.697819 0.133603 0.021807 0.056680
1 0.323209 0.765182 0.105919 0.263158
1 0.503115 0.346154 0.031153 0.097166
1 0.523364 0.797571 0.014019 0.032389
0 0.232866 0.825911 0.037383 0.101215
1 0.102025 0.838057 0.018692 0.072874
1 0.588006 0.222672 0.018692 0.060729
1 0.155763 0.761134 0.032710 0.080972
0 0.595016 0.165992 0.042056 0.105263
0 0.137850 0.844130 0.029595 0.101215
0 0.354361 0.190283 0.048287 0.145749
0 0.547508 0.534413 0.088785 0.170040
0 0.884735 0.759109 0.043614 0.101215
1 0.359813 0.512146 0.009346 0.020243
1 0.059969 0.139676 0.026480 0.060729
1 0.195483 0.248988 0.023364 0.060729
0 0.484424 0.325911 0.028037 0.056680
1 0.305296 0.196356 0.018692 0.040486
0 0.662773 0.350202 0.045171 0.105263
0 0.947819 0.238866 0.029595 0.072874
1 0.313084 0.386640 0.018692 0.085020
1 0.104361 0.315789 0.080997 0.198381
0 0.056854 0.661943 0.010903 0.028340
1 0.426012 0.419028 0.023364 0.060729
1 0.220405 0.540486 0.042056 0.125506
0 0.292056 0.394737 0.010903 0.020243
1 0.069315 0.860324 0.015576 0.040486
0 0.109813 0.746964 0.017134 0.076923
1 0.446262 0.271255 0.018692 0.060729
1 0.124611 0.724696 0.028037 0.089069
1 0.285826 0.253036 0.017134 0.032389
1 0.544393 0.880567 0.051402 0.121457
1 0.729751 0.864372 0.014019 0.032389
1 0.324766 0.165992 0.020249 0.068826
1 0.537383 0.315789 0.038941 0.105263
1 0.809969 0.872470 0.032710 0.097166
