1 0.538941 0.791498 0.073209 0.234818
1 0.174455 0.204453 0.049844 0.129555
1 0.231308 0.178138 0.038941 0.117409
1 0.368380 0.139676 0.012461 0.036437
1 0.866044 0.834008 0.043614 0.113360
1 0.544393 0.238866 0.062305 0.137652
1 0.929907 0.623482 0.015576 0.032389
1 0.681464 0.694332 0.051402 0.165992
1 0.630841 0.706478 0.028037 0.060729
0 0.711059 0.585020 0.026480 0.068826
1 0.530374 0.585020 0.034268 0.109312
1 0.739097 0.688259 0.023364 0.097166
1 0.950935 0.678138 0.007788 0.012146
1 0.907321 0.755061 0.023364 0.064777
1 0.584891 0.607287 0.018692 0.076923
1 0.677570 0.295547 0.048287 0.145749
1 0.767913 0.473684 0.024922 0.040486
1 0.591121 0.222672 0.020249 0.048583
0 0.634735 0.566802 0.026480 0.068826
0 0.830997 0.263158 0.026480 0.064777
1 0.565421 0.502024 0.023364 0.068826
0 0.499221 0.542510 0.026480 0.064777
0 0.808411 0.580972 0.046729 0.133603
1 0.429128 0.285425 0.070093 0.125506
1 0.074766 0.285425 0.056075 0.093117
1 0.224299 0.439271 0.021807 0.060729
0 0.401869 0.888664 0.018692 0.080972
0 0.436137 0.404858 0.021807 0.072874
1 0.228972 0.854251 0.037383 0.121457
1 0.548287 0.929150 0.015576 0.052632
1 0.433022 0.811741 0.060748 0.141700
1 0.161994 0.611336 0.023364 0.068826
0 0.844237 0.728745 0.021807 0.048583
1 0.209502 0.520243 0.077882 0.113360
0 0.278037 0.587045 0.020249 0.056680
