0 0.447040 0.238866 0.040498 0.097166
1 0.925234 0.526316 0.012461 0.044534
1 0.772586 0.631579 0.024922 0.097166
1 0.728193 0.265182 0.040498 0.129555
0 0.939252 0.348178 0.028037 0.113360
1 0.635514 0.273279 0.018692 0.044534
1 0.725078 0.805668 0.037383 0.076923
0 0.584891 0.562753 0.034268 0.109312
0 0.093458 0.125506 0.014019 0.028340
0 0.318536 0.582996 0.024922 0.093117
1 0.348131 0.643725 0.009346 0.032389
1 0.897196 0.599190 0.034268 0.117409
1 0.206386 0.556680 0.006231 0.012146
0 0.377726 0.188259 0.010903 0.024291
1 0.467290 0.941296 0.021807 0.056680
1 0.203271 0.313765 0.014019 0.028340
0 0.066199 0.678138 0.017134 0.044534
1 0.101246 0.807692 0.023364 0.044534
1 0.665109 0.698381 0.018692 0.048583
1 0.670561 0.921053 0.023364 0.044534
0 0.123053 0.267206 0.014019 0.044534
1 0.537383 0.184211 0.026480 0.064777
1 0.428349 0.781377 0.034268 0.072874
0 0.668224 0.744939 0.017134 0.048583
1 0.517913 0.694332 0.024922 0.085020
1 0.893302 0.327935 0.024922 0.068826
1 0.217290 0.204453 0.032710 0.117409
1 0.473520 0.536437 0.056075 0.117409
1 0.859813 0.631579 0.056075 0.121457
0 0.166667 0.336032 0.006231 0.016194
0 0.933801 0.220648 0.028037 0.085020
0 0.417445 0.226721 0.015576 0.056680
1 0.400312 0.473684 0.060748 0.149798
0 0.472741 0.414980 0.074766 0.190283
1 0.392523 0.623482 0.051402 0.141700
1 0.828660 0.738866 0.006231 0.020243
0 0.937695 0.840081 0.024922 0.036437
1 0.671340 0.615385 0.051402 0.105263
0 0.858255 0.390688 0.018692 0.060729
1 0.648754 0.817814 0.017134 0.032389
0 0.783489 0.734818 0.021807 0.076923
1 0.732866 0.370445 0.037383 0.093117
0 0.386293 0.105263 0.009346 0.020243
0 0.121495 0.204453 0.043614 0.089069
1 0.292835 0.139676 0.034268 0.060729
1 0.101246 0.425101 0.031153 0.101215
1 0.633178 0.384615 0.026480 0.072874
1 0.496885 0.605263 0.046729 0.080972
1 0.274922 0.279352 0.049844 0.113360
1 0.109034 0.653846 0.009346 0.020243
0 0.571651 0.149798 0.031153 0.105263
0 0.416667 0.714575 0.031153 0.068826
1 0.114486 0.536437 0.028037 0.101215
1 0.260125 0.133603 0.021807 0.032389
0 0.264019 0.548583 0.052960 0.137652
1 0.090343 0.834008 0.026480 0.072874
1 0.758567 0.599190 0.031153 0.105263
0 0.326324 0.866397 0.024922 0.072874
