1 0.362150 0.876518 0.021807 0.060729
1 0.176791 0.172065 0.017134 0.056680
0 0.143302 0.410931 0.066978 0.182186
0 0.799065 0.336032 0.034268 0.048583
1 0.635514 0.724696 0.034268 0.076923
1 0.157321 0.315789 0.014019 0.028340
1 0.855140 0.732794 0.071651 0.109312
0 0.341121 0.631579 0.014019 0.048583
1 0.328660 0.850202 0.021807 0.064777
0 0.381620 0.311741 0.049844 0.141700
1 0.334891 0.281377 0.031153 0.068826
1 0.232087 0.253036 0.057632 0.125506
0 0.401869 0.945344 0.006231 0.020243
0 0.622274 0.522267 0.074766 0.141700
1 0.879283 0.325911 0.034268 0.101215
1 0.327882 0.226721 0.026480 0.080972
1 0.514019 0.617409 0.043614 0.072874
1 0.117601 0.751012 0.021807 0.056680
0 0.229751 0.649798 0.023364 0.044534
1 0.176012 0.811741 0.009346 0.020243
0 0.283489 0.398785 0.018692 0.056680
1 0.059969 0.149798 0.020249 0.056680
1 0.531931 0.732794 0.065421 0.182186
0 0.884735 0.376518 0.024922 0.040486
0 0.611371 0.878543 0.048287 0.085020
1 0.433801 0.222672 0.009346 0.032389
0 0.599688 0.722672 0.018692 0.085020
0 0.575545 0.194332 0.029595 0.097166
1 0.778037 0.325911 0.010903 0.036437
0 0.073209 0.475709 0.018692 0.060729
1 0.301402 0.554656 0.015576 0.048583
1 0.204829 0.698381 0.043614 0.085020
0 0.711838 0.860324 0.018692 0.052632
