1 0.912773 0.186235 0.028037 0.040486
1 0.767134 0.504049 0.028037 0.117409
1 0.722741 0.390688 0.054517 0.157895
1 0.838785 0.232794 0.034268 0.068826
0 0.410436 0.746964 0.063863 0.161943
1 0.862150 0.338057 0.037383 0.085020
1 0.232087 0.406883 0.076324 0.226721
0 0.909657 0.587045 0.076324 0.226721
1 0.464174 0.170040 0.049844 0.117409
1 0.126168 0.378543 0.118380 0.340081
1 0.675234 0.340081 0.024922 0.089069
1 0.358255 0.607287 0.029595 0.068826
1 0.839564 0.902834 0.048287 0.117409
1 0.471963 0.285425 0.080997 0.178138
0 0.369159 0.900810 0.045171 0.109312
1 0.795171 0.344130 0.071651 0.137652
1 0.194704 0.765182 0.029595 0.117409
1 0.733645 0.771255 0.018692 0.072874
0 0.299065 0.402834 0.066978 0.194332
1 0.421340 0.900810 0.023364 0.085020
0 0.564642 0.595142 0.010903 0.028340
1 0.770249 0.856275 0.026480 0.072874
0 0.639408 0.576923 0.018692 0.044534
1 0.103583 0.676113 0.028037 0.085020
0 0.827103 0.331984 0.037383 0.109312
0 0.412773 0.291498 0.051402 0.101215
1 0.647975 0.168016 0.034268 0.085020
1 0.150312 0.728745 0.052960 0.178138
1 0.200935 0.823887 0.040498 0.085020
0 0.497664 0.852227 0.035826 0.093117
1 0.859034 0.564777 0.017134 0.044534
1 0.515576 0.386640 0.048287 0.133603
1 0.777259 0.765182 0.007788 0.024291
0 0.158100 0.585020 0.028037 0.093117
1 0.654984 0.253036 0.054517 0.145749
1 0.783489 0.216599 0.006231 0.020243
1 0.801402 0.461538 0.048287 0.206478
0 0.232087 0.269231 0.006231 0.020243
0 0.697040 0.313765 0.020249 0.080972
1 0.453271 0.526316 0.012461 0.048583
1 0.429128 0.572874 0.012461 0.044534
1 0.600467 0.684211 0.018692 0.052632
1 0.929907 0.917004 0.045171 0.101215
1 0.818536 0.524291 0.065421 0.178138
0 0.362928 0.220648 0.037383 0.105263
1 0.747664 0.874494 0.017134 0.056680
