1 0.834891 0.651822 0.051402 0.137652
1 0.901869 0.216599 0.046729 0.105263
0 0.954829 0.222672 0.009346 0.024291
1 0.306854 0.172065 0.043614 0.109312
0 0.118380 0.449393 0.060748 0.279352
1 0.698598 0.546559 0.054517 0.222672
1 0.108255 0.884615 0.042056 0.141700
0 0.605919 0.336032 0.068536 0.125506
0 0.547508 0.378543 0.010903 0.028340
1 0.412773 0.384615 0.037383 0.089069
1 0.662773 0.676113 0.091900 0.190283
1 0.848910 0.186235 0.031153 0.044534
0 0.274922 0.194332 0.046729 0.076923
1 0.521807 0.943320 0.006231 0.020243
1 0.611371 0.609312 0.010903 0.024291
1 0.538941 0.799595 0.020249 0.060729
0 0.926012 0.880567 0.018692 0.060729
0 0.816199 0.941296 0.007788 0.024291
1 0.772586 0.609312 0.043614 0.174089
0 0.714953 0.742915 0.031153 0.085020
1 0.859813 0.255061 0.006231 0.012146
1 0.623832 0.200405 0.010903 0.028340
1 0.661215 0.817814 0.007788 0.024291
1 0.145639 0.894737 0.020249 0.048583
1 0.639408 0.163968 0.007788 0.012146
1 0.341900 0.546559 0.018692 0.056680
0 0.482087 0.817814 0.035826 0.093117
1 0.427570 0.206478 0.009346 0.032389
1 0.893302 0.631579 0.048287 0.230769
1 0.254673 0.514170 0.046729 0.133603
0 0.634735 0.813765 0.026480 0.105263
1 0.925234 0.676113 0.010903 0.032389
1 0.288941 0.396761 0.014019 0.032389
0 0.218847 0.726721 0.020249 0.052632
0 0.492991 0.601215 0.029595 0.068826
1 0.790498 0.176113 0.010903 0.028340
0 0.611371 0.244939 0.031153 0.085020
1 0.814642 0.751012 0.035826 0.076923
1 0.266355 0.775304 0.037383 0.125506
0 0.105919 0.633603 0.095016 0.267206
1 0.411994 0.637652 0.054517 0.125506
1 0.461059 0.655870 0.020249 0.044534
0 0.408879 0.925101 0.021807 0.064777
0 0.359034 0.672065 0.020249 0.052632
0 0.612150 0.659919 0.021807 0.032389
1 0.942368 0.443320 0.037383 0.076923
0 0.535047 0.259109 0.057632 0.129555
0 0.503894 0.783401 0.024922 0.068826
1 0.612928 0.935223 0.021807 0.072874
