0 0.417445 0.340081 0.070093 0.194332
0 0.463396 0.902834 0.021807 0.060729
0 0.675234 0.220648 0.007788 0.020243
1 0.133178 0.141700 0.014019 0.044534
0 0.165109 0.779352 0.068536 0.174089
0 0.535047 0.467611 0.054517 0.157895
1 0.855919 0.431174 0.026480 0.040486
0 0.766355 0.508097 0.040498 0.129555
1 0.203271 0.815789 0.080997 0.198381
1 0.468069 0.777328 0.037383 0.113360
0 0.316978 0.746964 0.032710 0.060729
0 0.907321 0.734818 0.026480 0.068826
1 0.602804 0.463563 0.014019 0.040486
1 0.207944 0.710526 0.017134 0.048583
1 0.243769 0.439271 0.138629 0.489879
1 0.928349 0.698381 0.018692 0.060729
1 0.381620 0.862348 0.018692 0.044534
1 0.772586 0.967611 0.006231 0.012146
0 0.506231 0.271255 0.042056 0.089069
1 0.358255 0.530364 0.014019 0.032389
0 0.843458 0.216599 0.065421 0.174089
1 0.851246 0.803644 0.052960 0.113360
1 0.753894 0.176113 0.026480 0.060729
1 0.111371 0.574899 0.070093 0.194332
1 0.383956 0.795547 0.014019 0.024291
0 0.385514 0.943320 0.015576 0.032389
1 0.419003 0.184211 0.024922 0.044534
1 0.044393 0.135628 0.017134 0.052632
0 0.549844 0.224696 0.018692 0.052632
1 0.622274 0.429150 0.012461 0.028340
0 0.142523 0.305668 0.020249 0.060729
1 0.646417 0.218623 0.009346 0.024291
0 0.119938 0.291498 0.029595 0.076923
1 0.524922 0.244939 0.038941 0.105263
1 0.316199 0.212551 0.077882 0.153846
1 0.592679 0.773279 0.020249 0.028340
1 0.633178 0.585020 0.029595 0.080972
1 0.124611 0.680162 0.023364 0.072874
0 0.161994 0.165992 0.042056 0.109312
1 0.793614 0.641700 0.007788 0.020243
0 0.419003 0.842105 0.018692 0.048583
1 0.609034 0.327935 0.034268 0.089069
1 0.305296 0.890688 0.074766 0.093117
0 0.094237 0.358300 0.031153 0.072874
1 0.061526 0.283401 0.028037 0.068826
1 0.517134 0.613360 0.045171 0.089069
1 0.200935 0.190283 0.032710 0.080972
1 0.830218 0.880567 0.015576 0.028340
1 0.830218 0.512146 0.056075 0.178138
0 0.809969 0.127530 0.012461 0.028340
1 0.348131 0.317814 0.052960 0.178138
0 0.609813 0.676113 0.023364 0.044534
1 0.481308 0.882591 0.021807 0.076923
