0 0.298287 0.629555 0.031153 0.097166
0 0.457165 0.635628 0.014019 0.032389
1 0.250779 0.469636 0.018692 0.064777
1 0.214174 0.386640 0.021807 0.044534
1 0.330218 0.906883 0.028037 0.040486
1 0.757788 0.352227 0.082555 0.149798
1 0.063863 0.293522 0.038941 0.080972
1 0.092679 0.528340 0.035826 0.076923
1 0.546729 0.198381 0.043614 0.101215
1 0.584891 0.751012 0.151090 0.319838
0 0.408879 0.536437 0.026480 0.060729
1 0.439252 0.307692 0.028037 0.113360
1 0.129283 0.603239 0.062305 0.161943
1 0.845016 0.546559 0.054517 0.145749
1 0.283489 0.208502 0.017134 0.056680
1 0.754673 0.854251 0.010903 0.016194
1 0.393302 0.613360 0.046729 0.101215
1 0.784268 0.742915 0.020249 0.040486
1 0.848131 0.866397 0.051402 0.170040
1 0.693146 0.447368 0.063863 0.129555
0 0.759346 0.933198 0.042056 0.109312
0 0.281931 0.410931 0.014019 0.036437
1 0.211059 0.765182 0.017134 0.036437
0 0.795950 0.228745 0.054517 0.129555
0 0.332555 0.957490 0.020249 0.036437
1 0.426791 0.174089 0.012461 0.032389
1 0.312305 0.730769 0.035826 0.101215
1 0.114486 0.244939 0.042056 0.089069
1 0.476636 0.277328 0.026480 0.064777
1 0.620717 0.261134 0.046729 0.202429
1 0.280374 0.878543 0.040498 0.056680
1 0.293614 0.742915 0.015576 0.032389
0 0.516355 0.350202 0.031153 0.072874
0 0.803738 0.888664 0.032710 0.068826
1 0.719626 0.663968 0.079439 0.165992
0 0.657321 0.149798 0.028037 0.113360
1 0.314642 0.473684 0.018692 0.080972
0 0.869938 0.730769 0.054517 0.174089
0 0.852804 0.307692 0.091900 0.202429
1 0.894081 0.483806 0.048287 0.113360
1 0.710280 0.852227 0.052960 0.117409
1 0.799844 0.544534 0.029595 0.060729
0 0.254673 0.807692 0.038941 0.105263
1 0.789720 0.757085 0.026480 0.040486
1 0.456386 0.751012 0.026480 0.080972
0 0.262461 0.925101 0.007788 0.028340
1 0.422897 0.119433 0.007788 0.028340
