0 0.839564 0.352227 0.042056 0.113360
1 0.798287 0.522267 0.010903 0.024291
1 0.103583 0.848178 0.023364 0.048583
0 0.267913 0.406883 0.068536 0.198381
0 0.352025 0.631579 0.087227 0.145749
0 0.370717 0.255061 0.006231 0.016194
1 0.773364 0.949393 0.017134 0.076923
1 0.867601 0.504049 0.043614 0.097166
0 0.741433 0.730769 0.007788 0.028340
0 0.125389 0.317814 0.026480 0.036437
1 0.861371 0.894737 0.012461 0.028340
0 0.674455 0.317814 0.006231 0.020243
1 0.330997 0.506073 0.038941 0.137652
1 0.651090 0.653846 0.017134 0.036437
1 0.896417 0.360324 0.084112 0.170040
0 0.784268 0.842105 0.037383 0.186235
0 0.612150 0.348178 0.028037 0.060729
1 0.815421 0.491903 0.028037 0.080972
1 0.836449 0.129555 0.017134 0.040486
1 0.806854 0.757085 0.037383 0.097166
0 0.719626 0.963563 0.015576 0.032389
1 0.692368 0.914980 0.009346 0.040486
0 0.728193 0.576923 0.026480 0.085020
0 0.691589 0.789474 0.043614 0.105263
0 0.862928 0.825911 0.018692 0.032389
1 0.737539 0.145749 0.007788 0.020243
1 0.391745 0.753036 0.045171 0.105263
1 0.784268 0.975709 0.007788 0.024291
1 0.504673 0.269231 0.052960 0.153846
1 0.653427 0.538462 0.029595 0.097166
0 0.121495 0.206478 0.023364 0.048583
1 0.832555 0.469636 0.042056 0.117409
0 0.366822 0.726721 0.048287 0.129555
1 0.903427 0.540486 0.063863 0.121457
1 0.340343 0.404858 0.071651 0.165992
1 0.802960 0.186235 0.038941 0.080972
0 0.598131 0.906883 0.029595 0.052632
1 0.396417 0.542510 0.037383 0.076923
1 0.044393 0.680162 0.010903 0.024291
1 0.563863 0.809717 0.060748 0.182186
1 0.453271 0.232794 0.052960 0.149798
1 0.887850 0.113360 0.015576 0.024291
1 0.651869 0.751012 0.031153 0.072874
1 0.262461 0.319838 0.026480 0.089069
0 0.621495 0.779352 0.031153 0.097166
0 0.494548 0.589069 0.007788 0.020243
0 0.907321 0.184211 0.020249 0.060729
1 0.929907 0.439271 0.031153 0.089069
1 0.623053 0.718623 0.038941 0.125506
0 0.117601 0.342105 0.032710 0.076923
1 0.175234 0.200405 0.060748 0.101215
1 0.416667 0.706478 0.046729 0.125506
1 0.738318 0.182186 0.018692 0.044534
1 0.335670 0.259109 0.051402 0.137652
1 0.225078 0.329960 0.045171 0.153846
1 0.185358 0.414980 0.049844 0.093117
1 0.135514 0.811741 0.035826 0.109312
1 0.426012 0.481781 0.038941 0.068826
