1 0.712617 0.255061 0.023364 0.048583
1 0.352804 0.803644 0.065421 0.165992
1 0.302960 0.807692 0.084112 0.279352
1 0.491433 0.382591 0.009346 0.028340
0 0.241433 0.461538 0.043614 0.117409
0 0.911215 0.678138 0.028037 0.093117
1 0.759346 0.495951 0.017134 0.076923
1 0.443925 0.789474 0.087227 0.291498
1 0.228972 0.506073 0.029595 0.085020
1 0.673676 0.827935 0.015576 0.072874
1 0.165109 0.352227 0.024922 0.048583
1 0.485981 0.491903 0.024922 0.048583
0 0.064642 0.761134 0.037383 0.117409
0 0.657321 0.263158 0.063863 0.125506
1 0.285826 0.265182 0.026480 0.109312
0 0.356698 0.447368 0.028037 0.089069
1 0.163551 0.967611 0.012461 0.040486
0 0.608255 0.457490 0.029595 0.085020
0 0.708723 0.831984 0.006231 0.020243
0 0.751558 0.346154 0.046729 0.125506
1 0.510903 0.908907 0.028037 0.076923
1 0.573988 0.945344 0.007788 0.020243
1 0.843458 0.133603 0.021807 0.052632
0 0.791277 0.775304 0.015576 0.036437
1 0.735202 0.277328 0.020249 0.056680
1 0.903427 0.611336 0.018692 0.068826
0 0.637072 0.615385 0.073209 0.157895
1 0.882399 0.500000 0.026480 0.080972
0 0.158879 0.394737 0.040498 0.101215
1 0.538941 0.113360 0.020249 0.040486
0 0.627726 0.271255 0.015576 0.056680
1 0.654984 0.888664 0.021807 0.064777
1 0.403427 0.232794 0.017134 0.044534
1 0.910436 0.927126 0.029595 0.044534
0 0.164330 0.536437 0.048287 0.165992
1 0.104361 0.811741 0.048287 0.109312
1 0.370717 0.710526 0.073209 0.141700
1 0.184579 0.459514 0.042056 0.117409
1 0.517134 0.449393 0.065421 0.080972
1 0.715732 0.661943 0.031153 0.097166
0 0.445483 0.283401 0.066978 0.117409
1 0.884735 0.350202 0.023364 0.056680
0 0.247664 0.668016 0.063863 0.161943
1 0.478193 0.629555 0.042056 0.093117
1 0.116822 0.742915 0.018692 0.044534
1 0.682243 0.504049 0.021807 0.052632
1 0.631620 0.364372 0.037383 0.165992
0 0.321651 0.514170 0.059190 0.121457
