0 0.261682 0.406883 0.082555 0.234818
0 0.806854 0.285425 0.021807 0.036437
0 0.718069 0.761134 0.066978 0.121457
1 0.917445 0.676113 0.068536 0.194332
1 0.901090 0.283401 0.040498 0.076923
1 0.792835 0.558704 0.012461 0.032389
1 0.087227 0.572874 0.035826 0.105263
0 0.364486 0.257085 0.038941 0.113360
1 0.940810 0.489879 0.023364 0.052632
0 0.472741 0.732794 0.042056 0.194332
0 0.584112 0.267206 0.065421 0.109312
0 0.528037 0.510121 0.104361 0.319838
1 0.313084 0.775304 0.023364 0.109312
1 0.921340 0.795547 0.014019 0.028340
1 0.316199 0.485830 0.034268 0.072874
0 0.316199 0.726721 0.017134 0.056680
0 0.857477 0.823887 0.029595 0.117409
1 0.349688 0.935223 0.014019 0.048583
1 0.179907 0.870445 0.023364 0.040486
1 0.570093 0.848178 0.051402 0.222672
1 0.303738 0.663968 0.034268 0.101215
1 0.720405 0.500000 0.093458 0.174089
1 0.105140 0.708502 0.031153 0.085020
1 0.119159 0.763158 0.028037 0.085020
1 0.799844 0.878543 0.010903 0.024291
0 0.474299 0.289474 0.032710 0.085020
1 0.232866 0.615385 0.062305 0.174089
1 0.373053 0.684211 0.017134 0.056680
0 0.647196 0.882591 0.009346 0.028340
0 0.434579 0.831984 0.028037 0.060729
0 0.753115 0.251012 0.020249 0.052632
0 0.626947 0.196356 0.010903 0.028340
1 0.319315 0.220648 0.028037 0.068826
1 0.239875 0.242915 0.046729 0.133603
0 0.817757 0.629555 0.023364 0.068826
1 0.897975 0.627530 0.045171 0.157895
1 0.885514 0.842105 0.020249 0.072874
0 0.813084 0.263158 0.014019 0.040486
1 0.821651 0.325911 0.038941 0.068826
1 0.590343 0.202429 0.049844 0.141700
1 0.751558 0.607287 0.049844 0.117409
0 0.388629 0.546559 0.090343 0.190283
0 0.940810 0.240891 0.024922 0.076923
0 0.893302 0.323887 0.018692 0.048583
1 0.158100 0.734818 0.057632 0.137652
0 0.674455 0.396761 0.073209 0.161943
1 0.133178 0.625506 0.021807 0.064777
1 0.146417 0.969636 0.010903 0.024291
1 0.260903 0.925101 0.010903 0.032389
1 0.319315 0.615385 0.040498 0.117409
1 0.267134 0.676113 0.031153 0.117409
1 0.656542 0.607287 0.024922 0.097166
