0 0.267134 0.813765 0.024922 0.101215
0 0.274143 0.601215 0.048287 0.093117
0 0.178349 0.334008 0.038941 0.121457
0 0.457944 0.530364 0.062305 0.165992
0 0.079439 0.801619 0.024922 0.056680
1 0.947040 0.188259 0.018692 0.040486
1 0.628505 0.259109 0.028037 0.056680
0 0.313863 0.759109 0.007788 0.020243
1 0.340343 0.301619 0.015576 0.052632
1 0.797508 0.467611 0.052960 0.113360
1 0.463396 0.281377 0.062305 0.165992
0 0.221184 0.651822 0.009346 0.032389
0 0.559190 0.676113 0.012461 0.024291
1 0.892523 0.242915 0.051402 0.194332
1 0.342679 0.607287 0.028037 0.072874
1 0.521807 0.370445 0.024922 0.060729
1 0.906542 0.469636 0.062305 0.141700
1 0.259346 0.502024 0.015576 0.044534
1 0.670561 0.593117 0.032710 0.093117
1 0.140966 0.578947 0.028037 0.052632
1 0.940031 0.135628 0.031153 0.060729
0 0.773364 0.261134 0.028037 0.089069
0 0.241433 0.888664 0.076324 0.145749
0 0.057632 0.732794 0.006231 0.016194
1 0.225078 0.305668 0.021807 0.060729
0 0.784268 0.900810 0.014019 0.028340
0 0.088785 0.629555 0.017134 0.044534
1 0.390187 0.868421 0.017134 0.056680
0 0.093458 0.544534 0.040498 0.076923
1 0.932243 0.838057 0.017134 0.036437
0 0.690031 0.419028 0.028037 0.080972
1 0.609034 0.793522 0.032710 0.085020
1 0.296729 0.781377 0.021807 0.080972
1 0.126947 0.651822 0.048287 0.080972
0 0.728193 0.702429 0.017134 0.040486
1 0.151090 0.779352 0.037383 0.093117
0 0.803738 0.123482 0.012461 0.028340
1 0.065421 0.307692 0.015576 0.040486
0 0.223520 0.483806 0.038941 0.129555
0 0.822430 0.601215 0.020249 0.052632
0 0.548287 0.192308 0.018692 0.044534
1 0.471184 0.716599 0.043614 0.101215
0 0.640187 0.613360 0.009346 0.020243
0 0.875389 0.597166 0.024922 0.060729
0 0.047508 0.908907 0.014019 0.032389
0 0.825545 0.445344 0.020249 0.048583
0 0.673676 0.305668 0.007788 0.020243
