0 0.827103 0.283401 0.037383 0.097166
1 0.222741 0.578947 0.043614 0.105263
0 0.225078 0.348178 0.012461 0.048583
1 0.840343 0.617409 0.024922 0.048583
1 0.538162 0.141700 0.010903 0.032389
1 0.538941 0.635628 0.049844 0.149798
1 0.294393 0.230769 0.026480 0.068826
0 0.601246 0.651822 0.021807 0.068826
0 0.769470 0.589069 0.042056 0.080972
1 0.390187 0.908907 0.037383 0.089069
0 0.848131 0.338057 0.045171 0.125506
1 0.841900 0.540486 0.028037 0.052632
1 0.914330 0.370445 0.043614 0.105263
1 0.147196 0.892713 0.045171 0.097166
1 0.538162 0.491903 0.048287 0.165992
1 0.180685 0.439271 0.049844 0.109312
1 0.841900 0.692308 0.048287 0.170040
1 0.576324 0.753036 0.062305 0.165992
1 0.775701 0.712551 0.031153 0.149798
1 0.854361 0.827935 0.107477 0.283401
1 0.577103 0.542510 0.029595 0.076923
0 0.753894 0.775304 0.042056 0.125506
1 0.792056 0.641700 0.063863 0.085020
1 0.081776 0.765182 0.015576 0.044534
1 0.645639 0.959514 0.017134 0.040486
0 0.418224 0.255061 0.040498 0.101215
1 0.915888 0.303644 0.046729 0.109312
1 0.485981 0.242915 0.015576 0.032389
1 0.589564 0.840081 0.059190 0.259109
0 0.626947 0.961538 0.010903 0.020243
1 0.224299 0.182186 0.042056 0.093117
0 0.683801 0.500000 0.029595 0.080972
1 0.249221 0.439271 0.054517 0.149798
1 0.221963 0.659919 0.017134 0.032389
1 0.799065 0.449393 0.031153 0.121457
0 0.126168 0.631579 0.066978 0.121457
0 0.102804 0.856275 0.009346 0.028340
0 0.365265 0.479757 0.015576 0.068826
