1 0.289720 0.542510 0.010903 0.032389
1 0.404206 0.726721 0.020249 0.060729
0 0.679128 0.489879 0.014019 0.048583
1 0.165109 0.445344 0.017134 0.044534
1 0.279595 0.576923 0.012461 0.036437
1 0.327882 0.755061 0.018692 0.052632
1 0.133178 0.815789 0.087227 0.133603
1 0.773364 0.512146 0.090343 0.303644
1 0.298287 0.898785 0.020249 0.048583
1 0.556075 0.686235 0.059190 0.145749
1 0.330997 0.805668 0.006231 0.020243
1 0.559190 0.823887 0.018692 0.064777
1 0.535047 0.396761 0.028037 0.076923
1 0.228193 0.811741 0.007788 0.028340
0 0.587227 0.348178 0.007788 0.032389
0 0.168224 0.927126 0.049844 0.101215
1 0.418224 0.868421 0.018692 0.056680
1 0.736760 0.696356 0.052960 0.117409
1 0.535826 0.242915 0.077882 0.259109
0 0.091121 0.263158 0.017134 0.040486
1 0.908879 0.281377 0.024922 0.080972
1 0.950935 0.165992 0.023364 0.056680
1 0.415888 0.392713 0.043614 0.174089
0 0.556075 0.522267 0.034268 0.121457
1 0.704050 0.226721 0.020249 0.060729
1 0.911215 0.793522 0.062305 0.129555
1 0.221184 0.301619 0.024922 0.052632
1 0.103583 0.506073 0.091900 0.283401
1 0.858255 0.704453 0.038941 0.085020
1 0.619938 0.483806 0.042056 0.072874
1 0.276480 0.684211 0.015576 0.076923
0 0.635514 0.852227 0.012461 0.032389
1 0.070872 0.886640 0.032710 0.080972
0 0.204050 0.635628 0.021807 0.052632
1 0.202492 0.921053 0.048287 0.117409
1 0.772586 0.884615 0.023364 0.068826
0 0.344237 0.495951 0.020249 0.048583
0 0.346573 0.400810 0.051402 0.133603
0 0.059969 0.678138 0.038941 0.194332
1 0.318536 0.540486 0.007788 0.020243
0 0.262461 0.757085 0.040498 0.068826
0 0.645639 0.698381 0.085670 0.161943
0 0.880062 0.556680 0.065421 0.161943
1 0.784268 0.949393 0.014019 0.036437
0 0.476636 0.338057 0.040498 0.137652
0 0.604361 0.277328 0.009346 0.016194
1 0.395639 0.269231 0.034268 0.093117
1 0.513240 0.935223 0.007788 0.036437
