1 0.493769 0.864372 0.028037 0.060729
1 0.623832 0.868421 0.010903 0.032389
1 0.936137 0.538462 0.018692 0.036437
0 0.341121 0.931174 0.023364 0.064777
1 0.110592 0.625506 0.043614 0.101215
1 0.904206 0.834008 0.051402 0.165992
1 0.438474 0.676113 0.015576 0.044534
1 0.260125 0.275304 0.018692 0.072874
1 0.278037 0.176113 0.031153 0.068826
1 0.056075 0.831984 0.031153 0.072874
0 0.514019 0.631579 0.026480 0.080972
1 0.193925 0.649798 0.056075 0.141700
1 0.672897 0.244939 0.074766 0.182186
1 0.232087 0.321862 0.017134 0.072874
1 0.242212 0.904858 0.007788 0.028340
1 0.373053 0.653846 0.034268 0.080972
0 0.957165 0.663968 0.007788 0.016194
0 0.346573 0.473684 0.118380 0.218623
0 0.661215 0.829960 0.035826 0.097166
1 0.655763 0.125506 0.007788 0.024291
1 0.143302 0.884615 0.059190 0.141700
1 0.930685 0.655870 0.017134 0.044534
1 0.309969 0.912955 0.021807 0.040486
1 0.241433 0.202429 0.032710 0.089069
1 0.144081 0.137652 0.031153 0.068826
1 0.872274 0.327935 0.118380 0.323887
1 0.510903 0.327935 0.020249 0.093117
1 0.234424 0.497976 0.024922 0.060729
1 0.514019 0.396761 0.024922 0.052632
1 0.274143 0.500000 0.068536 0.133603
0 0.679128 0.809717 0.021807 0.056680
1 0.225857 0.858300 0.015576 0.028340
1 0.120717 0.489879 0.014019 0.032389
1 0.857477 0.655870 0.023364 0.048583
1 0.303738 0.301619 0.037383 0.076923
1 0.585670 0.277328 0.057632 0.129555
1 0.512461 0.489879 0.006231 0.020243
1 0.287383 0.829960 0.029595 0.089069
1 0.794393 0.564777 0.029595 0.105263
1 0.599688 0.170040 0.007788 0.020243
0 0.633178 0.621457 0.141745 0.275304
1 0.926012 0.554656 0.012461 0.032389
0 0.804517 0.834008 0.056075 0.153846
1 0.620717 0.315789 0.015576 0.040486
0 0.536604 0.362348 0.057632 0.076923
1 0.950935 0.508097 0.012461 0.020243
0 0.207165 0.771255 0.054517 0.105263
1 0.406542 0.672065 0.014019 0.028340
1 0.715732 0.234818 0.021807 0.056680
1 0.479751 0.325911 0.012461 0.020243
0 0.720405 0.502024 0.065421 0.178138
0 0.780374 0.623482 0.029595 0.056680
0 0.127726 0.198381 0.042056 0.121457
0 0.329439 0.708502 0.062305 0.218623
1 0.950935 0.186235 0.015576 0.040486
0 0.693146 0.823887 0.009346 0.012146
1 0.140187 0.651822 0.052960 0.153846
