0 0.952492 0.738866 0.010903 0.016194
1 0.467290 0.823887 0.012461 0.052632
1 0.791277 0.267206 0.034268 0.056680
1 0.931464 0.890688 0.015576 0.060729
1 0.145639 0.779352 0.051402 0.080972
1 0.729751 0.755061 0.040498 0.113360
0 0.573988 0.805668 0.029595 0.085020
1 0.454050 0.358300 0.014019 0.052632
1 0.302960 0.558704 0.031153 0.097166
1 0.914330 0.220648 0.012461 0.040486
1 0.664330 0.807692 0.034268 0.085020
1 0.147196 0.358300 0.084112 0.125506
0 0.580218 0.718623 0.017134 0.056680
1 0.643302 0.773279 0.045171 0.105263
0 0.718847 0.672065 0.024922 0.101215
0 0.875389 0.753036 0.073209 0.198381
1 0.416667 0.279352 0.046729 0.072874
1 0.814642 0.495951 0.028037 0.085020
0 0.739875 0.562753 0.015576 0.040486
1 0.176012 0.502024 0.101246 0.206478
1 0.087227 0.372470 0.032710 0.072874
0 0.260903 0.425101 0.021807 0.056680
1 0.923676 0.404858 0.024922 0.072874
1 0.161994 0.941296 0.012461 0.028340
1 0.517913 0.457490 0.042056 0.089069
1 0.356698 0.631579 0.059190 0.121457
0 0.347352 0.346154 0.010903 0.036437
0 0.574766 0.206478 0.048287 0.105263
1 0.705607 0.542510 0.032710 0.072874
0 0.282710 0.882591 0.028037 0.072874
1 0.380062 0.838057 0.018692 0.056680
0 0.706386 0.295547 0.023364 0.064777
0 0.402648 0.637652 0.021807 0.044534
1 0.418224 0.585020 0.014019 0.064777
1 0.250000 0.267206 0.035826 0.145749
1 0.704050 0.147773 0.020249 0.036437
1 0.043614 0.400810 0.012461 0.028340
1 0.113707 0.939271 0.038941 0.072874
0 0.763240 0.473684 0.006231 0.016194
1 0.073209 0.230769 0.049844 0.109312
0 0.387072 0.362348 0.017134 0.064777
1 0.384735 0.637652 0.020249 0.040486
1 0.286604 0.127530 0.024922 0.068826
1 0.573988 0.609312 0.029595 0.068826
1 0.840343 0.366397 0.026480 0.097166
0 0.799065 0.702429 0.038941 0.097166
1 0.627726 0.552632 0.074766 0.149798
1 0.092679 0.757085 0.034268 0.085020
0 0.257788 0.368421 0.035826 0.060729
1 0.930685 0.615385 0.024922 0.076923
1 0.669782 0.412955 0.031153 0.097166
1 0.254673 0.455466 0.010903 0.032389
1 0.289720 0.495951 0.028037 0.068826
1 0.739097 0.872470 0.023364 0.072874
0 0.750779 0.686235 0.017134 0.052632
