0 0.660436 0.548583 0.017134 0.032389
0 0.152648 0.676113 0.034268 0.076923
1 0.672897 0.931174 0.018692 0.060729
0 0.478972 0.196356 0.045171 0.101215
0 0.154206 0.603239 0.020249 0.040486
0 0.159657 0.730769 0.029595 0.076923
1 0.234424 0.933198 0.023364 0.076923
0 0.388629 0.783401 0.028037 0.089069
0 0.612928 0.283401 0.020249 0.036437
1 0.376168 0.421053 0.029595 0.113360
1 0.786604 0.603239 0.049844 0.190283
0 0.710280 0.451417 0.003115 0.012146
1 0.271807 0.500000 0.065421 0.182186
1 0.325545 0.582996 0.088785 0.174089
0 0.368380 0.161943 0.014019 0.072874
1 0.130062 0.386640 0.063863 0.149798
1 0.807632 0.840081 0.059190 0.113360
0 0.382399 0.206478 0.029595 0.064777
1 0.505452 0.327935 0.023364 0.072874
0 0.559969 0.443320 0.028037 0.076923
0 0.739097 0.945344 0.007788 0.020243
1 0.794393 0.220648 0.056075 0.109312
1 0.666667 0.748988 0.015576 0.028340
0 0.584891 0.473684 0.017134 0.032389
0 0.387850 0.238866 0.017134 0.068826
1 0.845794 0.882591 0.048287 0.097166
1 0.674455 0.299595 0.015576 0.036437
1 0.500000 0.676113 0.012461 0.048583
0 0.461059 0.896761 0.017134 0.048583
1 0.162773 0.951417 0.023364 0.052632
0 0.903427 0.914980 0.052960 0.145749
1 0.298287 0.789474 0.077882 0.214575
1 0.112150 0.661943 0.051402 0.133603
1 0.646417 0.846154 0.034268 0.145749
1 0.147196 0.862348 0.007788 0.024291
1 0.852804 0.734818 0.020249 0.072874
0 0.357477 0.182186 0.015576 0.048583
0 0.553738 0.825911 0.109034 0.190283
1 0.890187 0.580972 0.028037 0.076923
1 0.868380 0.287449 0.014019 0.024291
1 0.564642 0.659919 0.051402 0.105263
1 0.272586 0.218623 0.021807 0.052632
1 0.707165 0.265182 0.052960 0.141700
