0 0.784268 0.649798 0.051402 0.165992
0 0.317757 0.518219 0.110592 0.344130
1 0.400312 0.234818 0.059190 0.113360
0 0.878505 0.846154 0.037383 0.072874
1 0.838006 0.680162 0.021807 0.064777
1 0.920561 0.200405 0.024922 0.080972
1 0.908879 0.289474 0.018692 0.068826
1 0.626947 0.570850 0.057632 0.141700
1 0.219626 0.384615 0.012461 0.032389
0 0.653427 0.504049 0.052960 0.149798
1 0.222741 0.868421 0.021807 0.044534
1 0.783489 0.319838 0.010903 0.028340
1 0.130841 0.627530 0.017134 0.040486
1 0.912773 0.390688 0.035826 0.048583
1 0.709502 0.744939 0.007788 0.016194
1 0.471963 0.309717 0.021807 0.085020
1 0.198598 0.908907 0.029595 0.089069
0 0.091900 0.927126 0.043614 0.121457
1 0.399533 0.797571 0.054517 0.153846
1 0.672897 0.923077 0.023364 0.068826
1 0.134735 0.694332 0.032710 0.072874
1 0.584891 0.728745 0.035826 0.052632
0 0.169003 0.665992 0.028037 0.089069
1 0.695483 0.722672 0.018692 0.044534
0 0.650312 0.265182 0.054517 0.165992
0 0.541277 0.552632 0.018692 0.052632
1 0.460280 0.827935 0.029595 0.052632
1 0.452492 0.728745 0.034268 0.109312
1 0.242991 0.208502 0.023364 0.089069
0 0.591900 0.321862 0.038941 0.105263
0 0.123053 0.459514 0.009346 0.020243
0 0.117601 0.844130 0.020249 0.072874
1 0.394081 0.657895 0.054517 0.097166
1 0.306075 0.868421 0.090343 0.202429
1 0.356698 0.161943 0.063863 0.121457
1 0.068536 0.943320 0.012461 0.016194
1 0.445483 0.933198 0.024922 0.052632
1 0.176012 0.540486 0.028037 0.085020
0 0.709502 0.585020 0.014019 0.036437
1 0.186916 0.572874 0.018692 0.052632
1 0.882399 0.153846 0.014019 0.032389
1 0.161215 0.599190 0.017134 0.036437
1 0.310748 0.354251 0.074766 0.129555
1 0.778037 0.119433 0.023364 0.048583
0 0.443146 0.512146 0.059190 0.190283
1 0.887850 0.769231 0.038941 0.165992
