0 0.271807 0.732794 0.020249 0.056680
0 0.273364 0.799595 0.014019 0.032389
1 0.084112 0.866397 0.038941 0.064777
0 0.891745 0.240891 0.102804 0.255061
1 0.602804 0.366397 0.012461 0.036437
1 0.809969 0.248988 0.062305 0.129555
0 0.465732 0.694332 0.028037 0.068826
1 0.935358 0.597166 0.029595 0.044534
0 0.940031 0.445344 0.023364 0.048583
1 0.094237 0.825911 0.032710 0.064777
1 0.577103 0.542510 0.010903 0.020243
0 0.890966 0.392713 0.020249 0.052632
1 0.654984 0.303644 0.007788 0.016194
1 0.813863 0.943320 0.020249 0.040486
1 0.273364 0.325911 0.056075 0.153846
1 0.650312 0.740891 0.031153 0.080972
1 0.396417 0.870445 0.015576 0.060729
1 0.608255 0.765182 0.068536 0.206478
1 0.293614 0.912955 0.028037 0.080972
0 0.768692 0.479757 0.063863 0.153846
1 0.644860 0.842105 0.018692 0.044534
1 0.922897 0.641700 0.004673 0.012146
1 0.078660 0.354251 0.034268 0.101215
0 0.701713 0.297571 0.018692 0.056680
1 0.844237 0.451417 0.042056 0.149798
1 0.623053 0.631579 0.024922 0.040486
1 0.147196 0.269231 0.070093 0.161943
0 0.746106 0.809717 0.059190 0.170040
1 0.587227 0.927126 0.007788 0.016194
1 0.523364 0.967611 0.006231 0.016194
1 0.137072 0.617409 0.056075 0.101215
0 0.138629 0.504049 0.034268 0.076923
1 0.686916 0.874494 0.051402 0.170040
1 0.408879 0.582996 0.034268 0.101215
1 0.543614 0.892713 0.042056 0.097166
1 0.809969 0.338057 0.042056 0.097166
1 0.439252 0.585020 0.043614 0.125506
0 0.758567 0.755061 0.046729 0.129555
1 0.133178 0.672065 0.028037 0.101215
0 0.243769 0.502024 0.007788 0.024291
1 0.457165 0.878543 0.048287 0.109312
1 0.357477 0.267206 0.017134 0.048583
1 0.095794 0.661943 0.048287 0.093117
0 0.224299 0.400810 0.018692 0.052632
0 0.431464 0.702429 0.032710 0.101215
0 0.826324 0.564777 0.070093 0.157895
1 0.924455 0.469636 0.010903 0.028340
1 0.140966 0.564777 0.026480 0.080972
