0 0.401869 0.532389 0.098131 0.202429
1 0.212617 0.307692 0.063863 0.182186
1 0.204050 0.206478 0.037383 0.097166
0 0.813084 0.412955 0.032710 0.076923
1 0.859813 0.641700 0.031153 0.109312
0 0.539720 0.803644 0.026480 0.056680
1 0.605919 0.176113 0.009346 0.020243
1 0.355140 0.647773 0.017134 0.036437
1 0.834891 0.637652 0.032710 0.117409
0 0.934579 0.874494 0.006231 0.016194
1 0.490654 0.159919 0.046729 0.093117
1 0.740654 0.467611 0.023364 0.068826
0 0.925234 0.313765 0.035826 0.068826
1 0.495327 0.512146 0.026480 0.072874
0 0.909657 0.562753 0.015576 0.032389
1 0.380841 0.864372 0.034268 0.109312
0 0.199377 0.629555 0.076324 0.141700
0 0.771028 0.884615 0.038941 0.149798
0 0.682243 0.412955 0.043614 0.089069
1 0.389408 0.180162 0.034268 0.076923
1 0.393302 0.392713 0.037383 0.093117
0 0.256231 0.190283 0.034268 0.113360
1 0.147975 0.368421 0.015576 0.032389
1 0.813863 0.894737 0.042056 0.097166
1 0.426012 0.402834 0.024922 0.068826
1 0.267913 0.738866 0.024922 0.048583
0 0.890187 0.222672 0.045171 0.105263
1 0.785047 0.307692 0.031153 0.068826
1 0.750000 0.390688 0.010903 0.020243
1 0.472741 0.641700 0.071651 0.093117
1 0.123832 0.925101 0.035826 0.117409
0 0.786604 0.441296 0.014019 0.040486
1 0.410436 0.208502 0.021807 0.064777
1 0.255452 0.896761 0.029595 0.117409
1 0.594237 0.242915 0.020249 0.068826
1 0.632399 0.410931 0.021807 0.036437
0 0.088006 0.838057 0.065421 0.153846
1 0.072430 0.803644 0.043614 0.206478
1 0.783489 0.726721 0.028037 0.145749
0 0.799844 0.834008 0.021807 0.040486
1 0.281153 0.651822 0.082555 0.161943
1 0.266355 0.917004 0.038941 0.080972
1 0.147975 0.720648 0.049844 0.141700
0 0.605140 0.374494 0.023364 0.076923
1 0.879283 0.615385 0.021807 0.044534
0 0.915109 0.352227 0.038941 0.097166
1 0.841900 0.475709 0.017134 0.060729
1 0.345794 0.560729 0.034268 0.109312
1 0.663551 0.228745 0.028037 0.097166
1 0.859813 0.878543 0.065421 0.093117
0 0.566978 0.449393 0.010903 0.032389
0 0.790498 0.131579 0.015576 0.044534
1 0.836449 0.730769 0.035826 0.076923
0 0.262461 0.291498 0.017134 0.044534
1 0.308411 0.465587 0.012461 0.024291
0 0.507009 0.809717 0.010903 0.032389
1 0.546729 0.372470 0.031153 0.129555
