0 0.161215 0.317814 0.010903 0.048583
1 0.750779 0.706478 0.026480 0.064777
0 0.688474 0.706478 0.077882 0.210526
1 0.575545 0.925101 0.024922 0.064777
0 0.225078 0.880567 0.043614 0.080972
1 0.524922 0.676113 0.015576 0.036437
1 0.885514 0.651822 0.051402 0.137652
0 0.853583 0.809717 0.062305 0.129555
0 0.131620 0.917004 0.004673 0.012146
1 0.789720 0.297571 0.012461 0.024291
0 0.306075 0.836032 0.066978 0.137652
1 0.589564 0.910931 0.031153 0.072874
1 0.222741 0.587045 0.038941 0.137652
1 0.229751 0.402834 0.026480 0.060729
0 0.693146 0.562753 0.045171 0.113360
0 0.318536 0.423077 0.029595 0.052632
1 0.589564 0.548583 0.029595 0.097166
1 0.402648 0.309717 0.031153 0.085020
1 0.689252 0.463563 0.017134 0.080972
1 0.774922 0.799595 0.032710 0.052632
0 0.782710 0.366397 0.007788 0.044534
0 0.910436 0.807692 0.035826 0.129555
0 0.773364 0.542510 0.035826 0.076923
1 0.111371 0.611336 0.048287 0.170040
0 0.151869 0.670040 0.017134 0.036437
1 0.806854 0.392713 0.015576 0.040486
1 0.441589 0.576923 0.037383 0.093117
0 0.371495 0.757085 0.084112 0.218623
0 0.205607 0.253036 0.062305 0.149798
1 0.088006 0.740891 0.028037 0.064777
1 0.308411 0.342105 0.012461 0.036437
1 0.109034 0.475709 0.065421 0.246964
1 0.624611 0.611336 0.021807 0.052632
0 0.172897 0.404858 0.009346 0.032389
1 0.460280 0.663968 0.043614 0.109312
0 0.394081 0.846154 0.068536 0.157895
0 0.157321 0.827935 0.035826 0.080972
1 0.788941 0.686235 0.035826 0.117409
0 0.411994 0.429150 0.062305 0.161943
1 0.190810 0.603239 0.018692 0.076923
1 0.821651 0.566802 0.014019 0.036437
1 0.928349 0.441296 0.052960 0.105263
1 0.809190 0.763158 0.024922 0.052632
1 0.465732 0.157895 0.031153 0.109312
0 0.200935 0.678138 0.020249 0.044534
1 0.936916 0.655870 0.023364 0.048583
0 0.257009 0.617409 0.021807 0.044534
1 0.200156 0.506073 0.020249 0.060729
1 0.068536 0.791498 0.031153 0.068826
1 0.461838 0.931174 0.024922 0.080972
1 0.609813 0.941296 0.026480 0.044534
1 0.426791 0.672065 0.048287 0.121457
1 0.555296 0.858300 0.038941 0.089069
1 0.520249 0.210526 0.012461 0.036437
0 0.557632 0.510121 0.012461 0.064777
