0 0.815421 0.362348 0.032710 0.068826
0 0.334891 0.546559 0.052960 0.137652
0 0.362150 0.368421 0.082555 0.210526
1 0.334891 0.661943 0.038941 0.105263
0 0.735981 0.682186 0.059190 0.174089
0 0.425234 0.746964 0.035826 0.097166
1 0.891745 0.838057 0.009346 0.032389
1 0.886293 0.475709 0.015576 0.036437
1 0.223520 0.578947 0.012461 0.036437
0 0.171340 0.967611 0.018692 0.044534
1 0.443146 0.493927 0.071651 0.218623
0 0.927570 0.248988 0.045171 0.121457
1 0.668224 0.633603 0.004673 0.028340
0 0.492212 0.736842 0.035826 0.076923
1 0.448598 0.702429 0.043614 0.093117
0 0.847352 0.554656 0.018692 0.052632
0 0.464953 0.773279 0.026480 0.064777
0 0.929907 0.655870 0.034268 0.105263
1 0.927570 0.348178 0.014019 0.032389
0 0.799065 0.625506 0.038941 0.109312
1 0.433022 0.129555 0.015576 0.044534
1 0.830218 0.212551 0.045171 0.137652
1 0.742212 0.455466 0.059190 0.230769
1 0.659657 0.732794 0.020249 0.056680
1 0.723520 0.202429 0.037383 0.076923
1 0.190810 0.601215 0.010903 0.036437
1 0.771807 0.882591 0.028037 0.060729
0 0.362928 0.182186 0.043614 0.157895
0 0.530374 0.637652 0.034268 0.080972
1 0.492212 0.273279 0.021807 0.109312
1 0.774922 0.269231 0.029595 0.052632
0 0.577103 0.643725 0.021807 0.072874
1 0.750779 0.190283 0.034268 0.080972
1 0.376168 0.242915 0.045171 0.153846
1 0.370717 0.653846 0.065421 0.149798
1 0.884735 0.172065 0.018692 0.068826
0 0.696262 0.368421 0.023364 0.048583
1 0.173676 0.384615 0.065421 0.161943
1 0.894081 0.939271 0.010903 0.032389
1 0.897975 0.736842 0.017134 0.056680
1 0.528037 0.744939 0.048287 0.129555
0 0.082555 0.218623 0.006231 0.016194
0 0.662773 0.228745 0.032710 0.085020
0 0.139408 0.475709 0.024922 0.060729
1 0.573988 0.704453 0.017134 0.040486
