1 0.656542 0.680162 0.014019 0.052632
1 0.552181 0.917004 0.020249 0.093117
1 0.072430 0.275304 0.031153 0.072874
1 0.259346 0.607287 0.074766 0.170040
0 0.364486 0.856275 0.035826 0.145749
0 0.335670 0.898785 0.024922 0.068826
0 0.631620 0.473684 0.042056 0.129555
0 0.217290 0.325911 0.023364 0.085020
1 0.117601 0.305668 0.010903 0.028340
1 0.785826 0.601215 0.082555 0.190283
1 0.239875 0.831984 0.112150 0.287449
1 0.862150 0.795547 0.024922 0.072874
1 0.457165 0.672065 0.020249 0.064777
0 0.669782 0.763158 0.006231 0.020243
1 0.070872 0.497976 0.007788 0.016194
0 0.395639 0.536437 0.020249 0.085020
1 0.437695 0.202429 0.021807 0.040486
1 0.736760 0.582996 0.063863 0.161943
1 0.659657 0.356275 0.015576 0.024291
1 0.077103 0.923077 0.021807 0.060729
1 0.313084 0.716599 0.090343 0.206478
0 0.478193 0.129555 0.018692 0.056680
1 0.581776 0.732794 0.077882 0.174089
1 0.942368 0.398785 0.024922 0.064777
1 0.573209 0.414980 0.012461 0.028340
0 0.150312 0.398785 0.029595 0.089069
1 0.923676 0.578947 0.043614 0.153846
1 0.786604 0.795547 0.098131 0.226721
1 0.541277 0.621457 0.060748 0.222672
1 0.590343 0.289474 0.052960 0.149798
1 0.202492 0.597166 0.018692 0.052632
1 0.120717 0.773279 0.029595 0.060729
1 0.056854 0.429150 0.018692 0.048583
1 0.203271 0.665992 0.007788 0.028340
1 0.147975 0.271255 0.015576 0.036437
1 0.281931 0.520243 0.080997 0.186235
1 0.836449 0.520243 0.038941 0.141700
1 0.693925 0.504049 0.074766 0.109312
1 0.160436 0.692308 0.045171 0.097166
1 0.746885 0.414980 0.023364 0.097166
0 0.115265 0.453441 0.034268 0.097166
1 0.924455 0.692308 0.040498 0.052632
1 0.171340 0.360324 0.020249 0.072874
1 0.102025 0.386640 0.045171 0.097166
1 0.672897 0.224696 0.048287 0.153846
0 0.771807 0.311741 0.018692 0.060729
0 0.810748 0.287449 0.037383 0.089069
1 0.278037 0.299595 0.068536 0.170040
1 0.139408 0.874494 0.054517 0.161943
1 0.566978 0.117409 0.010903 0.032389
1 0.387850 0.623482 0.020249 0.040486
1 0.882399 0.785425 0.032710 0.068826
0 0.380841 0.340081 0.026480 0.076923
