1 0.630841 0.846154 0.091900 0.165992
0 0.529595 0.238866 0.014019 0.036437
1 0.361371 0.716599 0.029595 0.121457
1 0.802960 0.404858 0.009346 0.032389
1 0.149533 0.495951 0.040498 0.097166
1 0.064642 0.716599 0.020249 0.044534
1 0.284268 0.775304 0.031153 0.068826
1 0.863707 0.297571 0.009346 0.020243
0 0.195483 0.299595 0.018692 0.032389
0 0.309969 0.532389 0.021807 0.052632
0 0.713396 0.734818 0.024922 0.044534
0 0.925234 0.238866 0.031153 0.072874
1 0.892523 0.757085 0.054517 0.117409
1 0.947040 0.694332 0.024922 0.056680
0 0.172897 0.876518 0.009346 0.036437
1 0.362150 0.631579 0.060748 0.145749
1 0.449377 0.289474 0.068536 0.210526
1 0.689252 0.439271 0.015576 0.068826
1 0.348910 0.417004 0.034268 0.080972
1 0.482866 0.595142 0.021807 0.072874
1 0.927570 0.625506 0.018692 0.056680
0 0.890966 0.445344 0.054517 0.121457
0 0.519470 0.477733 0.035826 0.097166
1 0.613707 0.552632 0.057632 0.186235
1 0.604361 0.404858 0.020249 0.064777
1 0.780374 0.682186 0.017134 0.048583
1 0.501558 0.657895 0.042056 0.121457
1 0.739875 0.552632 0.060748 0.105263
1 0.769470 0.172065 0.023364 0.072874
0 0.393302 0.724696 0.048287 0.133603
