1 0.676791 0.198381 0.023364 0.109312
1 0.648754 0.809717 0.017134 0.044534
1 0.286604 0.665992 0.054517 0.230769
1 0.717290 0.819838 0.014019 0.052632
1 0.148754 0.605263 0.042056 0.137652
1 0.052960 0.923077 0.006231 0.016194
0 0.932243 0.259109 0.017134 0.060729
1 0.770249 0.657895 0.060748 0.133603
0 0.610592 0.520243 0.026480 0.064777
1 0.271807 0.878543 0.032710 0.064777
0 0.429907 0.906883 0.015576 0.040486
1 0.877726 0.550607 0.059190 0.117409
1 0.853583 0.471660 0.020249 0.044534
1 0.069315 0.297571 0.065421 0.174089
0 0.514798 0.540486 0.017134 0.048583
0 0.268692 0.386640 0.038941 0.117409
1 0.820872 0.623482 0.009346 0.024291
1 0.521807 0.417004 0.034268 0.101215
0 0.538941 0.748988 0.037383 0.125506
1 0.868380 0.674089 0.014019 0.028340
1 0.887072 0.182186 0.012461 0.044534
1 0.238318 0.819838 0.024922 0.089069
1 0.830997 0.319838 0.015576 0.080972
1 0.462617 0.971660 0.009346 0.016194
0 0.677570 0.844130 0.024922 0.060729
0 0.772586 0.390688 0.021807 0.052632
1 0.376947 0.378543 0.026480 0.121457
1 0.658879 0.748988 0.015576 0.048583
0 0.551402 0.540486 0.043614 0.105263
1 0.594237 0.362348 0.052960 0.145749
1 0.517913 0.846154 0.021807 0.056680
0 0.679907 0.439271 0.032710 0.089069
0 0.790498 0.125506 0.009346 0.028340
0 0.790498 0.556680 0.040498 0.105263
1 0.289720 0.864372 0.028037 0.040486
1 0.802181 0.866397 0.068536 0.170040
1 0.834891 0.396761 0.037383 0.076923
1 0.674455 0.795547 0.034268 0.068826
1 0.764019 0.153846 0.024922 0.080972
1 0.548287 0.595142 0.043614 0.125506
1 0.633956 0.870445 0.024922 0.060729
1 0.235981 0.605263 0.040498 0.165992
0 0.843458 0.831984 0.014019 0.036437
1 0.622274 0.572874 0.029595 0.109312
1 0.149533 0.493927 0.021807 0.060729
0 0.186137 0.489879 0.040498 0.113360
0 0.200156 0.761134 0.045171 0.085020
1 0.464174 0.661943 0.062305 0.165992
0 0.287383 0.532389 0.060748 0.117409
1 0.598131 0.797571 0.046729 0.109312
