1 0.172118 0.360324 0.010903 0.032389
0 0.140966 0.400810 0.023364 0.068826
0 0.130062 0.208502 0.021807 0.056680
0 0.927570 0.352227 0.035826 0.060729
1 0.469626 0.763158 0.010903 0.028340
0 0.725078 0.431174 0.032710 0.089069
0 0.703271 0.789474 0.062305 0.186235
1 0.761682 0.394737 0.020249 0.044534
0 0.320872 0.552632 0.009346 0.028340
1 0.378505 0.842105 0.012461 0.024291
1 0.128505 0.672065 0.021807 0.072874
1 0.365265 0.500000 0.021807 0.036437
1 0.428349 0.176113 0.051402 0.145749
1 0.159657 0.287449 0.014019 0.040486
1 0.848910 0.763158 0.135514 0.222672
1 0.079439 0.168016 0.012461 0.016194
1 0.591121 0.876518 0.007788 0.028340
1 0.235202 0.637652 0.096573 0.194332
0 0.746106 0.161943 0.017134 0.044534
1 0.322430 0.427126 0.066978 0.121457
1 0.277259 0.394737 0.059190 0.153846
0 0.218069 0.398785 0.076324 0.368421
1 0.693146 0.894737 0.028037 0.072874
1 0.284268 0.180162 0.017134 0.044534
1 0.272586 0.532389 0.026480 0.064777
0 0.478972 0.329960 0.035826 0.101215
1 0.643302 0.206478 0.015576 0.040486
1 0.245327 0.753036 0.040498 0.076923
1 0.366822 0.354251 0.020249 0.052632
0 0.757009 0.848178 0.015576 0.036437
1 0.857477 0.319838 0.043614 0.141700
1 0.625389 0.589069 0.017134 0.036437
1 0.633956 0.546559 0.038941 0.072874
1 0.780374 0.178138 0.023364 0.072874
1 0.353583 0.605263 0.031153 0.072874
1 0.521028 0.781377 0.034268 0.105263
1 0.137072 0.613360 0.038941 0.101215
0 0.813084 0.439271 0.098131 0.198381
1 0.262461 0.937247 0.010903 0.052632
0 0.815421 0.176113 0.024922 0.076923
1 0.566199 0.615385 0.015576 0.052632
1 0.613707 0.161943 0.029595 0.093117
1 0.109813 0.829960 0.014019 0.032389
1 0.623053 0.933198 0.018692 0.052632
0 0.928349 0.858300 0.054517 0.101215
1 0.239875 0.267206 0.060748 0.157895
1 0.103583 0.943320 0.032710 0.076923
0 0.098910 0.141700 0.017134 0.052632
1 0.752336 0.491903 0.048287 0.113360
1 0.161215 0.844130 0.040498 0.133603
0 0.620717 0.744939 0.063863 0.186235
0 0.285826 0.957490 0.007788 0.020243
0 0.389408 0.552632 0.043614 0.145749
1 0.528816 0.491903 0.085670 0.198381
0 0.647975 0.647773 0.035826 0.109312
1 0.268692 0.186235 0.012461 0.028340
1 0.108255 0.665992 0.029595 0.060729
0 0.663551 0.145749 0.024922 0.072874
1 0.288941 0.240891 0.004673 0.012146
