1 0.885514 0.184211 0.051402 0.109312
0 0.061526 0.455466 0.004673 0.012146
0 0.919782 0.329960 0.052960 0.133603
0 0.362150 0.757085 0.004673 0.016194
1 0.160436 0.880567 0.062305 0.109312
1 0.423676 0.811741 0.035826 0.121457
1 0.797508 0.856275 0.077882 0.170040
1 0.427570 0.532389 0.028037 0.056680
1 0.584112 0.635628 0.043614 0.097166
1 0.814642 0.269231 0.091900 0.259109
1 0.288162 0.522267 0.051402 0.170040
0 0.957944 0.929150 0.006231 0.012146
1 0.146417 0.587045 0.063863 0.101215
1 0.375389 0.631579 0.006231 0.016194
1 0.503115 0.163968 0.020249 0.076923
1 0.207944 0.224696 0.043614 0.133603
0 0.591900 0.694332 0.020249 0.048583
1 0.888629 0.795547 0.070093 0.129555
1 0.191589 0.686235 0.096573 0.186235
1 0.764019 0.323887 0.018692 0.040486
1 0.312305 0.508097 0.020249 0.040486
1 0.444704 0.396761 0.010903 0.020243
0 0.340343 0.797571 0.026480 0.072874
1 0.637072 0.917004 0.070093 0.093117
1 0.706386 0.943320 0.014019 0.040486
1 0.682243 0.556680 0.014019 0.052632
1 0.948598 0.202429 0.015576 0.032389
1 0.598131 0.888664 0.010903 0.020243
1 0.348131 0.218623 0.010903 0.024291
1 0.692368 0.441296 0.087227 0.170040
0 0.425234 0.352227 0.012461 0.036437
1 0.844237 0.417004 0.066978 0.190283
1 0.419003 0.941296 0.020249 0.064777
1 0.534268 0.441296 0.066978 0.182186
1 0.092679 0.665992 0.015576 0.044534
1 0.313863 0.635628 0.032710 0.089069
1 0.886293 0.680162 0.070093 0.194332
1 0.204829 0.813765 0.043614 0.101215
0 0.588785 0.516194 0.021807 0.036437
0 0.515576 0.779352 0.012461 0.032389
1 0.642523 0.479757 0.048287 0.125506
0 0.383956 0.449393 0.035826 0.109312
0 0.717290 0.151822 0.020249 0.056680
1 0.207165 0.526316 0.070093 0.198381
1 0.513240 0.589069 0.087227 0.190283
1 0.549065 0.914980 0.032710 0.097166
1 0.403427 0.376518 0.031153 0.040486
1 0.688474 0.176113 0.017134 0.056680
0 0.077882 0.751012 0.048287 0.161943
1 0.715732 0.769231 0.029595 0.089069
0 0.364486 0.170040 0.009346 0.024291
0 0.233645 0.917004 0.015576 0.028340
0 0.242212 0.392713 0.043614 0.141700
