1 0.719626 0.370445 0.015576 0.028340
1 0.644860 0.876518 0.034268 0.105263
0 0.524143 0.518219 0.023364 0.052632
0 0.620717 0.955466 0.012461 0.028340
0 0.543614 0.489879 0.009346 0.048583
1 0.365265 0.858300 0.024922 0.056680
1 0.386293 0.546559 0.034268 0.097166
1 0.500779 0.872470 0.037383 0.089069
1 0.207165 0.471660 0.062305 0.149798
0 0.889408 0.939271 0.010903 0.032389
1 0.122274 0.890688 0.015576 0.036437
1 0.051402 0.866397 0.014019 0.048583
1 0.418224 0.601215 0.060748 0.186235
0 0.438474 0.653846 0.046729 0.129555
1 0.606698 0.728745 0.026480 0.068826
1 0.542056 0.767206 0.012461 0.028340
0 0.549065 0.678138 0.032710 0.101215
0 0.709502 0.192308 0.017134 0.044534
0 0.619159 0.807692 0.056075 0.105263
1 0.715732 0.544534 0.012461 0.052632
0 0.595016 0.253036 0.006231 0.016194
1 0.295950 0.562753 0.035826 0.153846
1 0.270249 0.807692 0.074766 0.178138
1 0.887072 0.214575 0.038941 0.085020
1 0.679128 0.927126 0.028037 0.101215
0 0.816199 0.267206 0.028037 0.072874
1 0.433022 0.935223 0.034268 0.068826
1 0.510903 0.795547 0.034268 0.085020
1 0.225857 0.419028 0.056075 0.194332
1 0.356698 0.285425 0.051402 0.125506
1 0.922897 0.706478 0.034268 0.085020
1 0.852804 0.882591 0.014019 0.036437
1 0.144081 0.463563 0.060748 0.101215
0 0.877726 0.593117 0.028037 0.068826
1 0.926791 0.801619 0.017134 0.068826
1 0.117601 0.643725 0.068536 0.125506
1 0.904206 0.805668 0.031153 0.072874
1 0.170561 0.240891 0.006231 0.020243
1 0.773364 0.313765 0.010903 0.036437
0 0.195483 0.574899 0.010903 0.024291
1 0.081776 0.692308 0.023364 0.048583
1 0.415888 0.372470 0.018692 0.068826
0 0.176791 0.532389 0.035826 0.080972
0 0.781931 0.530364 0.023364 0.064777
1 0.436137 0.372470 0.012461 0.040486
1 0.167445 0.710526 0.010903 0.020243
0 0.940031 0.427126 0.015576 0.048583
1 0.832555 0.443320 0.042056 0.085020
