0 0.855140 0.682186 0.040498 0.044534
1 0.648754 0.212551 0.037383 0.186235
0 0.896417 0.836032 0.032710 0.068826
0 0.355140 0.348178 0.014019 0.048583
1 0.254673 0.587045 0.032710 0.085020
1 0.579439 0.615385 0.034268 0.048583
0 0.670561 0.514170 0.029595 0.076923
1 0.108255 0.493927 0.052960 0.076923
0 0.707165 0.572874 0.065421 0.093117
0 0.291277 0.313765 0.048287 0.105263
1 0.815421 0.479757 0.054517 0.178138
1 0.095016 0.297571 0.054517 0.226721
0 0.552181 0.305668 0.024922 0.056680
0 0.610592 0.661943 0.052960 0.194332
1 0.396417 0.435223 0.054517 0.133603
1 0.528037 0.665992 0.018692 0.040486
0 0.507009 0.301619 0.020249 0.076923
0 0.161994 0.556680 0.018692 0.044534
1 0.788941 0.248988 0.026480 0.089069
1 0.829439 0.251012 0.040498 0.129555
1 0.461059 0.226721 0.037383 0.101215
1 0.340343 0.406883 0.032710 0.068826
0 0.680685 0.214575 0.031153 0.048583
0 0.557632 0.813765 0.029595 0.072874
0 0.440031 0.495951 0.057632 0.141700
1 0.579439 0.706478 0.037383 0.113360
0 0.351246 0.631579 0.034268 0.072874
1 0.698598 0.184211 0.029595 0.101215
1 0.234424 0.346154 0.066978 0.117409
0 0.679128 0.253036 0.035826 0.060729
1 0.194704 0.599190 0.059190 0.133603
1 0.426791 0.809717 0.084112 0.218623
