0 0.716511 0.461538 0.018692 0.048583
1 0.355919 0.269231 0.024922 0.068826
0 0.693146 0.145749 0.024922 0.064777
1 0.246106 0.178138 0.023364 0.072874
1 0.821651 0.542510 0.010903 0.016194
1 0.103583 0.686235 0.029595 0.117409
0 0.465732 0.376518 0.034268 0.153846
1 0.783489 0.751012 0.046729 0.117409
0 0.746106 0.512146 0.043614 0.133603
1 0.306075 0.382591 0.038941 0.117409
1 0.181464 0.230769 0.020249 0.089069
0 0.529595 0.265182 0.006231 0.020243
1 0.683022 0.858300 0.040498 0.121457
1 0.619159 0.188259 0.062305 0.089069
1 0.952492 0.562753 0.015576 0.048583
1 0.244548 0.394737 0.038941 0.133603
1 0.083333 0.670040 0.038941 0.093117
0 0.223520 0.736842 0.060748 0.141700
1 0.711059 0.637652 0.014019 0.044534
1 0.695483 0.344130 0.035826 0.097166
1 0.393302 0.390688 0.010903 0.028340
1 0.922118 0.868421 0.024922 0.101215
0 0.278037 0.734818 0.015576 0.040486
1 0.074766 0.471660 0.045171 0.105263
1 0.537383 0.212551 0.018692 0.064777
0 0.302960 0.459514 0.017134 0.044534
1 0.137072 0.534413 0.026480 0.064777
0 0.479751 0.732794 0.060748 0.117409
1 0.595794 0.674089 0.021807 0.040486
1 0.443146 0.663968 0.048287 0.113360
1 0.610592 0.823887 0.009346 0.028340
0 0.164330 0.852227 0.024922 0.068826
0 0.394081 0.927126 0.029595 0.080972
1 0.913551 0.481781 0.031153 0.117409
0 0.692368 0.716599 0.009346 0.016194
0 0.499221 0.289474 0.024922 0.056680
0 0.302181 0.722672 0.017134 0.052632
1 0.091121 0.384615 0.035826 0.076923
1 0.588785 0.275304 0.057632 0.137652
