1 0.281931 0.323887 0.115265 0.259109
1 0.607477 0.902834 0.049844 0.109312
0 0.257788 0.914980 0.010903 0.032389
0 0.456386 0.277328 0.031153 0.085020
1 0.848131 0.410931 0.073209 0.198381
0 0.195483 0.655870 0.017134 0.044534
1 0.745327 0.643725 0.040498 0.113360
1 0.748442 0.704453 0.012461 0.028340
1 0.914330 0.368421 0.046729 0.072874
1 0.566199 0.402834 0.043614 0.133603
1 0.392523 0.910931 0.054517 0.133603
0 0.395639 0.220648 0.048287 0.121457
1 0.497664 0.317814 0.068536 0.174089
0 0.852804 0.771255 0.029595 0.076923
1 0.764798 0.380567 0.054517 0.137652
1 0.359034 0.408907 0.020249 0.064777
1 0.288941 0.589069 0.082555 0.178138
1 0.777259 0.819838 0.015576 0.060729
1 0.711059 0.668016 0.051402 0.101215
0 0.910436 0.141700 0.021807 0.056680
0 0.356698 0.676113 0.021807 0.072874
0 0.395639 0.376518 0.023364 0.056680
1 0.852025 0.651822 0.007788 0.032389
1 0.449377 0.696356 0.037383 0.113360
1 0.511682 0.147773 0.018692 0.040486
0 0.108255 0.795547 0.112150 0.242915
1 0.200156 0.163968 0.020249 0.093117
1 0.562305 0.748988 0.084112 0.279352
1 0.572430 0.923077 0.048287 0.105263
1 0.570093 0.238866 0.043614 0.145749
1 0.709502 0.763158 0.007788 0.036437
