1 0.426012 0.487854 0.007788 0.016194
1 0.147975 0.657895 0.042056 0.072874
1 0.690031 0.376518 0.017134 0.040486
0 0.459502 0.595142 0.020249 0.060729
1 0.267134 0.319838 0.024922 0.056680
1 0.737539 0.840081 0.015576 0.044534
1 0.799844 0.886640 0.021807 0.052632
1 0.316978 0.216599 0.034268 0.080972
1 0.802181 0.611336 0.080997 0.210526
1 0.446262 0.265182 0.074766 0.109312
1 0.098910 0.759109 0.048287 0.097166
0 0.467290 0.172065 0.012461 0.036437
1 0.158100 0.180162 0.023364 0.052632
0 0.373053 0.275304 0.046729 0.072874
0 0.692368 0.129555 0.023364 0.056680
1 0.401869 0.702429 0.017134 0.040486
1 0.243769 0.623482 0.028037 0.044534
1 0.658879 0.558704 0.032710 0.109312
1 0.478972 0.894737 0.009346 0.044534
1 0.233645 0.757085 0.009346 0.048583
1 0.846573 0.611336 0.024922 0.064777
1 0.418224 0.789474 0.038941 0.080972
1 0.151090 0.269231 0.040498 0.085020
1 0.623053 0.975709 0.009346 0.032389
1 0.571651 0.611336 0.071651 0.133603
1 0.842679 0.281377 0.068536 0.242915
1 0.566978 0.202429 0.031153 0.129555
1 0.760125 0.489879 0.032710 0.089069
0 0.404206 0.771255 0.040498 0.105263
1 0.151090 0.698381 0.028037 0.080972
1 0.678349 0.827935 0.042056 0.097166
1 0.376168 0.546559 0.043614 0.157895
1 0.802960 0.380567 0.031153 0.068826
1 0.133956 0.362348 0.031153 0.068826
1 0.233645 0.554656 0.043614 0.085020
1 0.053738 0.467611 0.012461 0.044534
0 0.769470 0.198381 0.006231 0.012146
1 0.925234 0.791498 0.009346 0.024291
0 0.919782 0.392713 0.045171 0.117409
0 0.306854 0.431174 0.028037 0.052632
1 0.644081 0.921053 0.063863 0.093117
1 0.134735 0.937247 0.017134 0.048583
0 0.711059 0.864372 0.034268 0.113360
1 0.516355 0.419028 0.037383 0.109312
1 0.914330 0.900810 0.009346 0.028340
0 0.283489 0.526316 0.068536 0.170040
0 0.740654 0.212551 0.021807 0.048583
1 0.102025 0.307692 0.032710 0.097166
1 0.608255 0.103239 0.007788 0.020243
1 0.094237 0.700405 0.052960 0.105263
1 0.391745 0.212551 0.017134 0.060729
0 0.485981 0.572874 0.043614 0.109312
1 0.343458 0.354251 0.007788 0.016194
1 0.167445 0.740891 0.020249 0.040486
1 0.322430 0.672065 0.020249 0.056680
