1 0.764798 0.809717 0.057632 0.186235
0 0.597352 0.939271 0.021807 0.048583
0 0.713396 0.263158 0.082555 0.174089
0 0.115265 0.789474 0.032710 0.085020
1 0.756231 0.277328 0.024922 0.085020
1 0.493769 0.708502 0.045171 0.068826
1 0.389408 0.338057 0.087227 0.133603
1 0.119159 0.674089 0.071651 0.198381
0 0.734424 0.390688 0.054517 0.129555
0 0.251558 0.263158 0.009346 0.032389
0 0.783489 0.204453 0.028037 0.064777
0 0.183022 0.283401 0.037383 0.105263
0 0.564642 0.544534 0.037383 0.161943
1 0.859813 0.884615 0.051402 0.137652
1 0.503894 0.303644 0.029595 0.080972
1 0.411215 0.791498 0.042056 0.101215
0 0.525701 0.807692 0.049844 0.141700
1 0.599688 0.686235 0.077882 0.218623
1 0.522586 0.663968 0.012461 0.044534
1 0.063084 0.799595 0.010903 0.024291
0 0.210280 0.641700 0.023364 0.089069
1 0.876947 0.522267 0.028037 0.076923
1 0.221184 0.748988 0.062305 0.170040
0 0.593458 0.342105 0.073209 0.255061
1 0.147975 0.520243 0.029595 0.072874
0 0.344237 0.854251 0.043614 0.105263
1 0.836449 0.647773 0.012461 0.032389
0 0.162773 0.787449 0.066978 0.165992
0 0.514019 0.914980 0.015576 0.052632
1 0.293614 0.769231 0.054517 0.109312
1 0.665888 0.544534 0.012461 0.040486
1 0.823209 0.408907 0.056075 0.117409
0 0.931464 0.734818 0.021807 0.048583
1 0.667445 0.882591 0.038941 0.101215
0 0.446262 0.471660 0.018692 0.040486
1 0.376168 0.643725 0.010903 0.028340
0 0.733645 0.917004 0.015576 0.036437
