0 0.838785 0.540486 0.065421 0.101215
1 0.478972 0.410931 0.046729 0.093117
1 0.560748 0.629555 0.034268 0.105263
0 0.567757 0.564777 0.021807 0.068826
0 0.249221 0.908907 0.038941 0.080972
1 0.152648 0.431174 0.049844 0.125506
1 0.231308 0.530364 0.026480 0.093117
0 0.686916 0.340081 0.026480 0.080972
1 0.307632 0.783401 0.032710 0.174089
1 0.161215 0.265182 0.043614 0.117409
1 0.457165 0.301619 0.084112 0.210526
1 0.582555 0.769231 0.038941 0.174089
1 0.458723 0.805668 0.051402 0.117409
0 0.721184 0.931174 0.009346 0.024291
1 0.107477 0.827935 0.032710 0.076923
1 0.823209 0.297571 0.038941 0.129555
1 0.799065 0.779352 0.038941 0.097166
1 0.070872 0.500000 0.024922 0.068826
1 0.191589 0.463563 0.034268 0.085020
0 0.065421 0.234818 0.046729 0.125506
1 0.925234 0.542510 0.071651 0.202429
1 0.384735 0.331984 0.043614 0.113360
1 0.077103 0.706478 0.028037 0.097166
0 0.668224 0.613360 0.074766 0.174089
1 0.613707 0.410931 0.024922 0.113360
1 0.092679 0.864372 0.015576 0.044534
1 0.749221 0.147773 0.015576 0.028340
1 0.257009 0.299595 0.038941 0.141700
1 0.273364 0.732794 0.026480 0.072874
1 0.933022 0.342105 0.032710 0.060729
0 0.352804 0.297571 0.059190 0.186235
0 0.753894 0.805668 0.020249 0.068826
1 0.862150 0.836032 0.018692 0.076923
0 0.472741 0.657895 0.052960 0.129555
0 0.056075 0.730769 0.010903 0.028340
1 0.649533 0.900810 0.026480 0.056680
1 0.872274 0.852227 0.028037 0.101215
1 0.068536 0.303644 0.015576 0.028340
1 0.167445 0.358300 0.014019 0.044534
1 0.158879 0.174089 0.026480 0.072874
1 0.169782 0.834008 0.020249 0.048583
1 0.072430 0.643725 0.051402 0.121457
0 0.853583 0.896761 0.031153 0.060729
1 0.923676 0.265182 0.043614 0.145749
1 0.805296 0.566802 0.020249 0.044534
0 0.754673 0.546559 0.017134 0.040486
0 0.914330 0.178138 0.035826 0.101215
0 0.235981 0.161943 0.032710 0.080972
1 0.296729 0.226721 0.057632 0.137652
1 0.598131 0.228745 0.093458 0.149798
1 0.745327 0.900810 0.020249 0.032389
1 0.228972 0.477733 0.014019 0.048583
0 0.462617 0.506073 0.060748 0.149798
1 0.301402 0.285425 0.043614 0.125506
