0 0.880062 0.374494 0.034268 0.097166
1 0.635514 0.180162 0.014019 0.056680
1 0.501558 0.368421 0.043614 0.153846
1 0.944704 0.728745 0.015576 0.032389
1 0.758567 0.495951 0.074766 0.170040
0 0.100467 0.317814 0.014019 0.044534
0 0.816978 0.396761 0.021807 0.064777
1 0.549065 0.831984 0.037383 0.101215
1 0.373053 0.417004 0.010903 0.032389
1 0.220405 0.779352 0.042056 0.133603
0 0.242212 0.854251 0.007788 0.024291
1 0.331776 0.898785 0.071651 0.157895
0 0.058411 0.603239 0.004673 0.016194
1 0.823988 0.281377 0.045171 0.085020
1 0.492991 0.550607 0.007788 0.016194
1 0.806075 0.479757 0.042056 0.153846
1 0.741433 0.157895 0.017134 0.060729
0 0.683801 0.263158 0.006231 0.016194
0 0.084891 0.890688 0.042056 0.157895
1 0.177570 0.815789 0.018692 0.085020
0 0.696262 0.955466 0.006231 0.016194
1 0.448598 0.170040 0.028037 0.093117
0 0.640966 0.427126 0.037383 0.109312
1 0.073209 0.259109 0.017134 0.068826
1 0.529595 0.325911 0.048287 0.157895
1 0.602025 0.544534 0.048287 0.153846
0 0.255452 0.435223 0.009346 0.020243
0 0.186137 0.977733 0.009346 0.028340
0 0.203271 0.410931 0.068536 0.149798
1 0.333333 0.285425 0.054517 0.226721
0 0.359813 0.603239 0.051402 0.121457
0 0.380841 0.803644 0.021807 0.076923
0 0.616822 0.145749 0.021807 0.068826
1 0.270249 0.224696 0.018692 0.044534
0 0.045171 0.485830 0.014019 0.032389
0 0.653427 0.716599 0.057632 0.145749
0 0.585670 0.315789 0.010903 0.016194
1 0.621495 0.773279 0.017134 0.056680
1 0.909657 0.793522 0.024922 0.068826
1 0.244548 0.170040 0.004673 0.008097
0 0.797508 0.651822 0.031153 0.056680
1 0.649533 0.522267 0.012461 0.020243
1 0.697040 0.522267 0.043614 0.145749
0 0.936916 0.789474 0.042056 0.080972
0 0.535047 0.736842 0.057632 0.129555
0 0.430685 0.293522 0.038941 0.076923
0 0.495327 0.485830 0.048287 0.121457
1 0.411994 0.668016 0.032710 0.076923
1 0.419782 0.755061 0.010903 0.020243
1 0.600467 0.724696 0.015576 0.032389
0 0.530374 0.200405 0.014019 0.028340
1 0.184579 0.155870 0.046729 0.089069
1 0.688474 0.471660 0.051402 0.097166
0 0.616044 0.625506 0.018692 0.064777
1 0.733645 0.576923 0.057632 0.165992
