0 0.623053 0.892713 0.017134 0.068826
1 0.186137 0.779352 0.014019 0.028340
0 0.172897 0.518219 0.015576 0.040486
0 0.889408 0.643725 0.045171 0.101215
0 0.929128 0.698381 0.007788 0.016194
0 0.676791 0.544534 0.010903 0.032389
0 0.719626 0.779352 0.040498 0.097166
1 0.700935 0.246964 0.028037 0.056680
1 0.815421 0.611336 0.046729 0.137652
0 0.939252 0.190283 0.035826 0.097166
0 0.654206 0.900810 0.046729 0.105263
1 0.340343 0.860324 0.038941 0.182186
1 0.394860 0.880567 0.056075 0.137652
1 0.789720 0.627530 0.037383 0.068826
1 0.116044 0.265182 0.020249 0.040486
1 0.440810 0.251012 0.004673 0.016194
1 0.392523 0.769231 0.068536 0.222672
1 0.203271 0.777328 0.014019 0.044534
0 0.532710 0.929150 0.010903 0.028340
0 0.345016 0.613360 0.029595 0.085020
1 0.707165 0.929150 0.014019 0.036437
0 0.860592 0.647773 0.035826 0.129555
0 0.325545 0.787449 0.023364 0.072874
1 0.553738 0.530364 0.028037 0.076923
0 0.088785 0.506073 0.040498 0.113360
1 0.764798 0.299595 0.090343 0.137652
1 0.506231 0.653846 0.024922 0.060729
1 0.235981 0.560729 0.093458 0.198381
1 0.863707 0.945344 0.009346 0.028340
1 0.845016 0.295547 0.051402 0.170040
0 0.829439 0.230769 0.032710 0.153846
1 0.410436 0.267206 0.040498 0.105263
1 0.670561 0.807692 0.026480 0.048583
1 0.485202 0.429150 0.096573 0.210526
0 0.739875 0.801619 0.014019 0.056680
0 0.220405 0.184211 0.028037 0.085020
1 0.128505 0.184211 0.007788 0.044534
1 0.418224 0.425101 0.026480 0.064777
1 0.515576 0.910931 0.015576 0.024291
1 0.384735 0.469636 0.032710 0.097166
0 0.137072 0.720648 0.038941 0.105263
1 0.281931 0.289474 0.049844 0.113360
1 0.110592 0.408907 0.043614 0.137652
1 0.397975 0.522267 0.037383 0.052632
0 0.461838 0.139676 0.026480 0.064777
0 0.577103 0.344130 0.042056 0.109312
1 0.815421 0.738866 0.031153 0.117409
0 0.796729 0.702429 0.029595 0.068826
0 0.879283 0.275304 0.017134 0.052632
0 0.762461 0.929150 0.014019 0.052632
0 0.106698 0.147773 0.032710 0.068826
1 0.137072 0.504049 0.018692 0.052632
1 0.679128 0.759109 0.017134 0.036437
0 0.226636 0.925101 0.021807 0.048583
0 0.720405 0.710526 0.048287 0.109312
