1 0.783489 0.627530 0.113707 0.259109
1 0.749221 0.159919 0.038941 0.089069
1 0.326324 0.740891 0.042056 0.105263
1 0.773364 0.862348 0.006231 0.024291
1 0.489097 0.479757 0.090343 0.214575
1 0.700935 0.568826 0.071651 0.161943
1 0.867601 0.159919 0.031153 0.097166
1 0.915109 0.801619 0.035826 0.121457
1 0.437695 0.609312 0.007788 0.024291
1 0.137072 0.356275 0.018692 0.052632
1 0.881620 0.384615 0.020249 0.056680
1 0.514019 0.311741 0.021807 0.044534
1 0.872274 0.959514 0.012461 0.036437
1 0.182243 0.668016 0.021807 0.040486
1 0.126168 0.504049 0.038941 0.080972
1 0.292835 0.783401 0.029595 0.064777
1 0.241433 0.364372 0.060748 0.234818
0 0.639408 0.390688 0.028037 0.060729
1 0.841900 0.971660 0.006231 0.024291
1 0.172118 0.894737 0.038941 0.121457
1 0.521028 0.746964 0.052960 0.194332
1 0.190031 0.451417 0.068536 0.161943
1 0.735202 0.113360 0.024922 0.036437
0 0.614486 0.811741 0.018692 0.052632
1 0.292056 0.135628 0.024922 0.064777
1 0.899533 0.593117 0.052960 0.101215
1 0.151090 0.629555 0.049844 0.149798
0 0.757788 0.331984 0.007788 0.008097
1 0.902648 0.218623 0.031153 0.080972
1 0.702492 0.441296 0.040498 0.198381
1 0.863707 0.657895 0.062305 0.076923
1 0.269470 0.635628 0.049844 0.121457
1 0.629283 0.829960 0.006231 0.016194
0 0.726636 0.894737 0.014019 0.044534
0 0.433022 0.334008 0.026480 0.064777
0 0.907321 0.279352 0.032710 0.076923
1 0.111371 0.838057 0.017134 0.048583
0 0.750000 0.910931 0.048287 0.072874
1 0.286604 0.234818 0.031153 0.072874
0 0.369159 0.473684 0.040498 0.178138
1 0.349688 0.236842 0.020249 0.048583
1 0.310748 0.360324 0.048287 0.174089
1 0.409657 0.753036 0.028037 0.064777
1 0.066978 0.943320 0.006231 0.024291
1 0.415109 0.319838 0.014019 0.032389
1 0.115265 0.143725 0.040498 0.093117
1 0.661215 0.570850 0.020249 0.040486
0 0.426012 0.773279 0.012461 0.032389
0 0.090343 0.708502 0.010903 0.032389
0 0.464174 0.694332 0.026480 0.044534
0 0.217290 0.734818 0.028037 0.068826
1 0.922118 0.222672 0.040498 0.076923
1 0.621495 0.520243 0.028037 0.085020
0 0.860592 0.313765 0.051402 0.085020
1 0.489875 0.137652 0.020249 0.048583
1 0.447040 0.198381 0.062305 0.165992
