1 0.612928 0.182186 0.015576 0.040486
1 0.877726 0.530364 0.028037 0.060729
0 0.239097 0.819838 0.020249 0.052632
0 0.352025 0.587045 0.035826 0.093117
1 0.764019 0.878543 0.062305 0.145749
1 0.246885 0.696356 0.037383 0.064777
0 0.289720 0.368421 0.003115 0.008097
0 0.808411 0.502024 0.031153 0.064777
1 0.444704 0.453441 0.046729 0.072874
1 0.196262 0.253036 0.113707 0.218623
0 0.619159 0.698381 0.007788 0.028340
1 0.084112 0.461538 0.024922 0.109312
1 0.079439 0.906883 0.012461 0.032389
1 0.126168 0.427126 0.059190 0.153846
1 0.771028 0.151822 0.024922 0.052632
1 0.584112 0.439271 0.035826 0.089069
1 0.121495 0.299595 0.031153 0.113360
1 0.673676 0.643725 0.028037 0.048583
1 0.756231 0.331984 0.098131 0.311741
0 0.620717 0.896761 0.045171 0.064777
1 0.592679 0.344130 0.021807 0.072874
1 0.911215 0.311741 0.026480 0.060729
0 0.468847 0.297571 0.026480 0.076923
1 0.915109 0.742915 0.023364 0.089069
0 0.387072 0.844130 0.007788 0.024291
0 0.520249 0.568826 0.040498 0.121457
1 0.927570 0.848178 0.012461 0.020243
0 0.689252 0.271255 0.017134 0.044534
1 0.500000 0.216599 0.057632 0.137652
0 0.949377 0.238866 0.017134 0.089069
0 0.894860 0.791498 0.014019 0.036437
1 0.251558 0.748988 0.021807 0.052632
0 0.172897 0.471660 0.015576 0.036437
0 0.641745 0.795547 0.015576 0.044534
0 0.834112 0.265182 0.010903 0.024291
1 0.908879 0.560729 0.054517 0.060729
1 0.725857 0.471660 0.052960 0.242915
0 0.892523 0.372470 0.018692 0.048583
0 0.300623 0.609312 0.021807 0.024291
1 0.928349 0.348178 0.029595 0.109312
1 0.215732 0.896761 0.049844 0.129555
0 0.941589 0.692308 0.029595 0.076923
1 0.580218 0.615385 0.032710 0.121457
1 0.884735 0.307692 0.026480 0.064777
0 0.819315 0.651822 0.024922 0.064777
