0 0.302960 0.240891 0.010903 0.028340
1 0.468069 0.222672 0.026480 0.105263
1 0.240654 0.469636 0.035826 0.117409
1 0.840343 0.880567 0.082555 0.141700
0 0.233645 0.799595 0.037383 0.085020
1 0.221184 0.500000 0.037383 0.052632
1 0.167445 0.647773 0.051402 0.121457
1 0.911994 0.625506 0.017134 0.064777
1 0.266355 0.850202 0.006231 0.024291
0 0.419782 0.957490 0.010903 0.020243
1 0.077882 0.690283 0.020249 0.064777
0 0.128505 0.799595 0.031153 0.089069
1 0.890187 0.190283 0.031153 0.072874
1 0.075545 0.471660 0.046729 0.125506
0 0.383956 0.819838 0.046729 0.149798
1 0.913551 0.493927 0.020249 0.048583
0 0.152648 0.281377 0.031153 0.072874
1 0.478972 0.706478 0.065421 0.141700
1 0.626168 0.457490 0.062305 0.149798
1 0.796729 0.390688 0.032710 0.076923
0 0.217290 0.143725 0.007788 0.020243
0 0.920561 0.196356 0.006231 0.016194
1 0.565421 0.576923 0.017134 0.060729
1 0.758567 0.556680 0.015576 0.068826
0 0.728972 0.902834 0.046729 0.129555
1 0.214953 0.611336 0.021807 0.068826
1 0.655763 0.368421 0.073209 0.125506
0 0.123053 0.562753 0.035826 0.089069
1 0.908100 0.117409 0.014019 0.036437
0 0.181464 0.775304 0.029595 0.064777
0 0.062305 0.917004 0.015576 0.044534
1 0.606698 0.556680 0.052960 0.113360
0 0.676012 0.198381 0.024922 0.076923
1 0.865265 0.560729 0.085670 0.157895
1 0.234424 0.639676 0.028037 0.089069
0 0.563084 0.334008 0.068536 0.101215
1 0.630841 0.246964 0.043614 0.101215
1 0.931464 0.261134 0.015576 0.028340
1 0.293614 0.639676 0.065421 0.178138
1 0.341121 0.649798 0.049844 0.113360
1 0.187695 0.277328 0.057632 0.137652
1 0.255452 0.785425 0.035826 0.109312
1 0.091900 0.141700 0.015576 0.032389
0 0.454050 0.949393 0.010903 0.024291
1 0.225857 0.230769 0.024922 0.056680
1 0.369159 0.653846 0.009346 0.028340
1 0.806854 0.819838 0.042056 0.165992
1 0.042835 0.639676 0.010903 0.024291
