1 0.311526 0.390688 0.065421 0.222672
0 0.577882 0.702429 0.032710 0.085020
1 0.495327 0.607287 0.015576 0.044534
0 0.395639 0.530364 0.031153 0.097166
1 0.613707 0.653846 0.034268 0.052632
1 0.813084 0.657895 0.052960 0.080972
0 0.604361 0.900810 0.051402 0.093117
0 0.855140 0.477733 0.045171 0.121457
0 0.097352 0.431174 0.023364 0.068826
1 0.232866 0.892713 0.042056 0.165992
1 0.060748 0.655870 0.010903 0.016194
1 0.556854 0.631579 0.052960 0.105263
1 0.173676 0.882591 0.023364 0.048583
0 0.134735 0.836032 0.043614 0.109312
1 0.223520 0.605263 0.021807 0.068826
0 0.763240 0.957490 0.014019 0.044534
1 0.845794 0.186235 0.042056 0.101215
1 0.259346 0.736842 0.079439 0.299595
0 0.104361 0.392713 0.031153 0.097166
1 0.360592 0.791498 0.048287 0.129555
0 0.810748 0.817814 0.029595 0.109312
1 0.789720 0.682186 0.042056 0.109312
0 0.741433 0.216599 0.038941 0.105263
0 0.450935 0.748988 0.018692 0.040486
1 0.155763 0.137652 0.023364 0.060729
1 0.126168 0.698381 0.043614 0.141700
1 0.576324 0.882591 0.010903 0.024291
0 0.913551 0.463563 0.048287 0.149798
1 0.778816 0.279352 0.071651 0.125506
0 0.174455 0.412955 0.009346 0.024291
1 0.246106 0.443320 0.012461 0.024291
1 0.448598 0.202429 0.049844 0.161943
1 0.827882 0.518219 0.059190 0.165992
1 0.266355 0.587045 0.024922 0.068826
0 0.489875 0.441296 0.020249 0.072874
