1 0.347352 0.538462 0.029595 0.056680
1 0.243769 0.334008 0.054517 0.137652
1 0.832555 0.546559 0.037383 0.105263
1 0.182243 0.500000 0.042056 0.153846
0 0.552960 0.437247 0.049844 0.125506
1 0.683022 0.617409 0.028037 0.076923
1 0.722741 0.888664 0.014019 0.020243
0 0.578660 0.655870 0.021807 0.093117
1 0.228972 0.945344 0.028037 0.060729
0 0.686916 0.358300 0.060748 0.141700
1 0.495327 0.904858 0.026480 0.076923
1 0.913551 0.599190 0.028037 0.040486
1 0.373832 0.880567 0.018692 0.036437
1 0.845016 0.888664 0.007788 0.044534
0 0.173676 0.222672 0.074766 0.141700
1 0.103583 0.459514 0.018692 0.040486
1 0.580218 0.580972 0.056075 0.113360
1 0.337227 0.639676 0.042056 0.157895
0 0.244548 0.848178 0.031153 0.097166
0 0.836449 0.785425 0.038941 0.109312
0 0.599688 0.696356 0.018692 0.048583
0 0.073209 0.151822 0.018692 0.020243
1 0.933801 0.870445 0.023364 0.040486
0 0.569315 0.307692 0.042056 0.109312
1 0.498442 0.548583 0.018692 0.040486
0 0.776480 0.406883 0.040498 0.109312
1 0.589564 0.131579 0.038941 0.052632
1 0.803738 0.789474 0.021807 0.064777
1 0.467290 0.481781 0.015576 0.060729
0 0.189252 0.827935 0.014019 0.036437
1 0.849688 0.157895 0.010903 0.024291
0 0.737539 0.613360 0.049844 0.161943
1 0.813863 0.447368 0.010903 0.024291
0 0.933801 0.475709 0.026480 0.101215
1 0.486760 0.706478 0.043614 0.101215
1 0.431464 0.765182 0.046729 0.060729
0 0.492991 0.846154 0.035826 0.072874
1 0.889408 0.720648 0.043614 0.145749
1 0.415888 0.216599 0.099688 0.190283
1 0.829439 0.635628 0.038941 0.076923
0 0.685358 0.834008 0.057632 0.133603
0 0.659657 0.900810 0.042056 0.109312
1 0.130841 0.777328 0.085670 0.178138
1 0.353583 0.214575 0.040498 0.109312
0 0.316199 0.921053 0.040498 0.093117
1 0.441589 0.799595 0.029595 0.068826
1 0.642523 0.364372 0.046729 0.113360
1 0.756231 0.742915 0.015576 0.020243
1 0.794393 0.344130 0.023364 0.072874
1 0.764019 0.789474 0.028037 0.085020
1 0.309969 0.297571 0.066978 0.153846
1 0.717290 0.546559 0.038941 0.121457
1 0.570093 0.906883 0.054517 0.133603
1 0.380062 0.548583 0.034268 0.089069
0 0.489875 0.643725 0.045171 0.093117
