1 0.813084 0.593117 0.046729 0.109312
0 0.330997 0.777328 0.023364 0.060729
0 0.426791 0.457490 0.006231 0.016194
0 0.142523 0.287449 0.032710 0.085020
1 0.848131 0.147773 0.031153 0.076923
1 0.189252 0.410931 0.009346 0.028340
1 0.372274 0.967611 0.006231 0.012146
1 0.771807 0.836032 0.010903 0.032389
1 0.618380 0.665992 0.096573 0.137652
1 0.341121 0.457490 0.073209 0.137652
1 0.285047 0.184211 0.020249 0.040486
1 0.711059 0.437247 0.063863 0.161943
1 0.188474 0.471660 0.012461 0.032389
1 0.320872 0.690283 0.043614 0.093117
0 0.207165 0.659919 0.031153 0.056680
0 0.876947 0.797571 0.049844 0.153846
0 0.892523 0.502024 0.046729 0.080972
1 0.147196 0.554656 0.040498 0.089069
0 0.093458 0.311741 0.071651 0.105263
0 0.690810 0.113360 0.014019 0.028340
1 0.649533 0.348178 0.026480 0.089069
1 0.795950 0.267206 0.024922 0.085020
1 0.836449 0.803644 0.021807 0.064777
1 0.435358 0.275304 0.040498 0.089069
0 0.890966 0.902834 0.042056 0.117409
1 0.579439 0.117409 0.017134 0.036437
1 0.643302 0.550607 0.017134 0.056680
0 0.396417 0.238866 0.073209 0.141700
0 0.812305 0.890688 0.018692 0.060729
1 0.438474 0.461538 0.020249 0.040486
1 0.250779 0.943320 0.020249 0.040486
0 0.603583 0.874494 0.045171 0.137652
1 0.288941 0.829960 0.028037 0.076923
0 0.635514 0.186235 0.046729 0.109312
1 0.611371 0.242915 0.051402 0.129555
1 0.105919 0.886640 0.021807 0.068826
0 0.680685 0.809717 0.077882 0.182186
1 0.852804 0.425101 0.032710 0.089069
1 0.537383 0.795547 0.029595 0.072874
1 0.491433 0.222672 0.021807 0.060729
0 0.257009 0.821862 0.014019 0.032389
0 0.090343 0.894737 0.017134 0.052632
1 0.528037 0.578947 0.057632 0.141700
1 0.743769 0.631579 0.057632 0.121457
1 0.722741 0.797571 0.007788 0.016194
1 0.092679 0.538462 0.054517 0.161943
1 0.562305 0.716599 0.010903 0.032389
1 0.272586 0.467611 0.015576 0.032389
1 0.928349 0.552632 0.020249 0.089069
1 0.452492 0.876518 0.020249 0.044534
1 0.928349 0.417004 0.031153 0.072874
1 0.528037 0.670040 0.014019 0.028340
1 0.049065 0.313765 0.009346 0.016194
1 0.686916 0.291498 0.042056 0.121457
0 0.397196 0.635628 0.091900 0.275304
