0 0.110592 0.309717 0.032710 0.085020
1 0.875389 0.157895 0.020249 0.044534
1 0.780374 0.196356 0.059190 0.137652
1 0.215732 0.301619 0.023364 0.064777
0 0.232866 0.686235 0.032710 0.072874
0 0.731308 0.882591 0.054517 0.093117
1 0.651090 0.285425 0.042056 0.129555
1 0.724299 0.159919 0.024922 0.052632
1 0.871495 0.827935 0.012461 0.036437
1 0.896417 0.220648 0.009346 0.028340
1 0.464953 0.680162 0.023364 0.048583
1 0.369159 0.283401 0.040498 0.141700
1 0.496106 0.214575 0.161994 0.226721
1 0.820093 0.267206 0.012461 0.024291
1 0.109813 0.629555 0.032710 0.085020
1 0.269470 0.429150 0.042056 0.064777
1 0.145639 0.251012 0.026480 0.056680
1 0.589564 0.740891 0.026480 0.056680
1 0.699377 0.872470 0.017134 0.040486
0 0.852804 0.807692 0.029595 0.068826
1 0.566199 0.449393 0.095016 0.157895
1 0.131620 0.925101 0.010903 0.036437
1 0.183801 0.718623 0.032710 0.129555
0 0.334112 0.779352 0.051402 0.125506
0 0.081776 0.791498 0.015576 0.032389
1 0.443146 0.427126 0.034268 0.089069
0 0.676791 0.133603 0.014019 0.024291
1 0.074766 0.842105 0.037383 0.080972
1 0.940810 0.534413 0.010903 0.032389
1 0.627726 0.481781 0.035826 0.064777
1 0.080218 0.344130 0.023364 0.052632
1 0.531153 0.686235 0.056075 0.137652
0 0.457944 0.516194 0.028037 0.060729
1 0.619159 0.340081 0.028037 0.060729
0 0.755452 0.534413 0.031153 0.064777
0 0.601246 0.949393 0.017134 0.044534
1 0.365265 0.617409 0.034268 0.097166
0 0.572430 0.661943 0.015576 0.040486
0 0.839564 0.732794 0.032710 0.064777
0 0.194704 0.271255 0.018692 0.048583
0 0.705607 0.340081 0.037383 0.109312
1 0.895639 0.611336 0.017134 0.080972
0 0.913551 0.562753 0.023364 0.056680
