1 0.616822 0.398785 0.015576 0.052632
0 0.347352 0.746964 0.012461 0.024291
0 0.911994 0.690283 0.023364 0.048583
1 0.472741 0.558704 0.059190 0.198381
1 0.260903 0.690283 0.015576 0.052632
0 0.104361 0.352227 0.057632 0.141700
1 0.585670 0.437247 0.051402 0.125506
0 0.293614 0.524291 0.017134 0.048583
1 0.620717 0.321862 0.010903 0.028340
1 0.399533 0.572874 0.045171 0.117409
1 0.231308 0.269231 0.070093 0.113360
1 0.556854 0.212551 0.009346 0.032389
1 0.260125 0.364372 0.057632 0.190283
0 0.866822 0.196356 0.035826 0.056680
1 0.090343 0.429150 0.048287 0.125506
1 0.525701 0.485830 0.087227 0.174089
1 0.180685 0.827935 0.015576 0.036437
1 0.711059 0.297571 0.032710 0.089069
0 0.517134 0.927126 0.024922 0.056680
0 0.250779 0.748988 0.051402 0.097166
1 0.602025 0.692308 0.037383 0.157895
1 0.172118 0.663968 0.054517 0.117409
1 0.602804 0.880567 0.018692 0.085020
1 0.197819 0.457490 0.056075 0.137652
1 0.352804 0.388664 0.073209 0.295547
0 0.399533 0.945344 0.010903 0.024291
0 0.279595 0.929150 0.023364 0.093117
1 0.710280 0.572874 0.040498 0.174089
1 0.659657 0.738866 0.040498 0.076923
0 0.379283 0.170040 0.035826 0.089069
0 0.800623 0.811741 0.051402 0.153846
1 0.925234 0.327935 0.012461 0.024291
0 0.400312 0.653846 0.023364 0.060729
0 0.492991 0.953441 0.018692 0.044534
0 0.410436 0.467611 0.035826 0.109312
1 0.647196 0.704453 0.035826 0.064777
1 0.068536 0.548583 0.032710 0.105263
1 0.924455 0.520243 0.056075 0.117409
1 0.064642 0.174089 0.026480 0.052632
1 0.799844 0.202429 0.010903 0.016194
