1 0.245327 0.710526 0.096573 0.149798
1 0.794393 0.275304 0.049844 0.133603
0 0.494548 0.544534 0.010903 0.028340
1 0.471184 0.226721 0.045171 0.105263
1 0.076324 0.174089 0.012461 0.036437
1 0.747664 0.528340 0.012461 0.032389
0 0.165888 0.423077 0.018692 0.072874
1 0.508567 0.228745 0.031153 0.117409
0 0.407321 0.811741 0.037383 0.085020
0 0.442368 0.908907 0.012461 0.036437
1 0.471963 0.771255 0.018692 0.085020
1 0.415109 0.155870 0.020249 0.040486
1 0.694704 0.576923 0.042056 0.068826
1 0.158879 0.712551 0.074766 0.234818
0 0.661994 0.400810 0.052960 0.105263
0 0.116044 0.457490 0.014019 0.040486
1 0.166667 0.133603 0.012461 0.040486
0 0.604361 0.360324 0.048287 0.121457
0 0.582555 0.425101 0.070093 0.165992
0 0.676012 0.836032 0.065421 0.149798
1 0.638629 0.720648 0.062305 0.097166
1 0.764019 0.520243 0.028037 0.117409
1 0.709502 0.236842 0.015576 0.044534
1 0.337227 0.493927 0.141745 0.327935
0 0.309190 0.860324 0.004673 0.012146
0 0.104361 0.627530 0.040498 0.182186
1 0.718069 0.303644 0.038941 0.101215
1 0.517913 0.761134 0.076324 0.186235
1 0.805296 0.449393 0.017134 0.080972
1 0.431464 0.607287 0.018692 0.068826
1 0.891745 0.892713 0.023364 0.040486
1 0.436137 0.544534 0.038941 0.141700
0 0.695483 0.921053 0.048287 0.097166
1 0.074766 0.309717 0.020249 0.064777
1 0.211838 0.230769 0.035826 0.080972
0 0.139408 0.344130 0.068536 0.194332
1 0.782710 0.585020 0.054517 0.129555
1 0.143302 0.910931 0.007788 0.024291
0 0.926012 0.864372 0.045171 0.089069
0 0.580997 0.941296 0.037383 0.093117
0 0.382399 0.902834 0.046729 0.117409
1 0.630841 0.914980 0.071651 0.129555
0 0.872274 0.572874 0.006231 0.020243
