1 0.806075 0.728745 0.028037 0.048583
1 0.602804 0.447368 0.038941 0.080972
1 0.275701 0.763158 0.074766 0.230769
1 0.102025 0.840081 0.057632 0.214575
1 0.454050 0.159919 0.032710 0.076923
1 0.192368 0.372470 0.037383 0.109312
0 0.302181 0.651822 0.071651 0.178138
1 0.800623 0.325911 0.118380 0.251012
0 0.107477 0.522267 0.049844 0.129555
0 0.680685 0.850202 0.046729 0.137652
0 0.536604 0.491903 0.054517 0.109312
0 0.914330 0.421053 0.034268 0.089069
0 0.789720 0.834008 0.034268 0.125506
1 0.416667 0.728745 0.080997 0.149798
1 0.422118 0.370445 0.051402 0.145749
0 0.331776 0.556680 0.014019 0.044534
0 0.373053 0.742915 0.042056 0.105263
1 0.887072 0.198381 0.052960 0.194332
1 0.405763 0.627530 0.031153 0.105263
1 0.360592 0.224696 0.009346 0.024291
0 0.553738 0.576923 0.048287 0.174089
1 0.463396 0.325911 0.082555 0.153846
1 0.285826 0.524291 0.076324 0.190283
1 0.925234 0.694332 0.029595 0.064777
1 0.640187 0.848178 0.038941 0.121457
1 0.181464 0.661943 0.038941 0.093117
1 0.547508 0.248988 0.068536 0.182186
1 0.528816 0.425101 0.023364 0.060729
1 0.097352 0.382591 0.052960 0.117409
0 0.617601 0.180162 0.040498 0.121457
1 0.687695 0.364372 0.043614 0.080972
1 0.064642 0.336032 0.015576 0.068826
1 0.654984 0.562753 0.043614 0.121457
1 0.876947 0.502024 0.009346 0.020243
1 0.383178 0.653846 0.032710 0.052632
0 0.440810 0.522267 0.015576 0.040486
0 0.240654 0.433198 0.026480 0.048583
0 0.201713 0.234818 0.017134 0.093117
1 0.507788 0.688259 0.012461 0.024291
1 0.558411 0.670040 0.017134 0.040486
1 0.613707 0.910931 0.040498 0.097166
0 0.721963 0.305668 0.004673 0.012146
1 0.137850 0.325911 0.034268 0.105263
1 0.389408 0.554656 0.017134 0.044534
0 0.173676 0.493927 0.004673 0.020243
0 0.538162 0.981781 0.007788 0.020243
0 0.189252 0.860324 0.028037 0.040486
1 0.332555 0.838057 0.037383 0.097166
1 0.080218 0.728745 0.046729 0.121457
1 0.841900 0.805668 0.049844 0.137652
1 0.676012 0.427126 0.029595 0.052632
0 0.214953 0.317814 0.040498 0.133603
1 0.120717 0.271255 0.017134 0.036437
