1 0.464953 0.603239 0.070093 0.198381
1 0.365265 0.589069 0.045171 0.080972
0 0.330997 0.236842 0.023364 0.052632
1 0.429128 0.744939 0.042056 0.080972
0 0.320872 0.522267 0.043614 0.101215
0 0.432243 0.244939 0.007788 0.020243
1 0.904984 0.222672 0.010903 0.032389
1 0.897975 0.261134 0.015576 0.036437
1 0.669782 0.789474 0.020249 0.072874
0 0.666667 0.649798 0.046729 0.157895
1 0.106698 0.406883 0.035826 0.117409
1 0.524922 0.829960 0.063863 0.165992
1 0.390187 0.694332 0.070093 0.149798
1 0.917445 0.842105 0.073209 0.182186
1 0.757009 0.196356 0.037383 0.093117
0 0.581776 0.461538 0.017134 0.056680
0 0.387850 0.939271 0.010903 0.028340
1 0.471184 0.127530 0.024922 0.052632
0 0.143302 0.210526 0.018692 0.064777
1 0.772586 0.625506 0.023364 0.072874
0 0.647196 0.823887 0.048287 0.064777
1 0.703271 0.852227 0.065421 0.125506
1 0.814642 0.433198 0.038941 0.085020
1 0.831776 0.595142 0.007788 0.032389
1 0.713396 0.410931 0.014019 0.048583
1 0.558411 0.665992 0.029595 0.056680
0 0.170561 0.757085 0.014019 0.032389
1 0.763240 0.552632 0.015576 0.032389
1 0.066978 0.611336 0.012461 0.024291
0 0.920561 0.370445 0.034268 0.064777
1 0.341900 0.629555 0.037383 0.153846
1 0.320872 0.817814 0.003115 0.016194
1 0.103583 0.757085 0.035826 0.085020
1 0.623053 0.611336 0.042056 0.145749
1 0.717290 0.613360 0.074766 0.190283
1 0.936137 0.139676 0.035826 0.089069
1 0.136293 0.299595 0.017134 0.060729
0 0.772586 0.854251 0.023364 0.068826
1 0.330218 0.206478 0.010903 0.028340
0 0.475857 0.949393 0.010903 0.020243
1 0.408879 0.159919 0.012461 0.044534
1 0.617601 0.532389 0.034268 0.129555
0 0.489875 0.131579 0.026480 0.072874
