0 0.261682 0.866397 0.018692 0.040486
1 0.683022 0.184211 0.024922 0.060729
1 0.468069 0.702429 0.023364 0.052632
0 0.443925 0.761134 0.024922 0.064777
1 0.581776 0.645749 0.017134 0.068826
1 0.753115 0.831984 0.024922 0.080972
0 0.873053 0.465587 0.021807 0.048583
1 0.342679 0.931174 0.034268 0.060729
1 0.327103 0.453441 0.080997 0.141700
1 0.471963 0.161943 0.040498 0.093117
1 0.233645 0.665992 0.006231 0.028340
1 0.416667 0.550607 0.017134 0.036437
1 0.496885 0.582996 0.045171 0.113360
1 0.874611 0.860324 0.038941 0.125506
1 0.352804 0.742915 0.049844 0.109312
1 0.334112 0.872470 0.020249 0.048583
0 0.361371 0.866397 0.024922 0.052632
1 0.945483 0.159919 0.021807 0.056680
1 0.333333 0.641700 0.031153 0.064777
1 0.514019 0.639676 0.056075 0.125506
1 0.898754 0.706478 0.026480 0.085020
0 0.933022 0.506073 0.018692 0.044534
1 0.499221 0.451417 0.012461 0.024291
0 0.062305 0.145749 0.012461 0.032389
1 0.439252 0.475709 0.040498 0.072874
0 0.250000 0.151822 0.026480 0.048583
0 0.954050 0.176113 0.017134 0.040486
0 0.097352 0.720648 0.017134 0.052632
1 0.702492 0.485830 0.028037 0.064777
0 0.841121 0.593117 0.021807 0.060729
1 0.601246 0.299595 0.024922 0.064777
0 0.084891 0.346154 0.048287 0.101215
0 0.242991 0.763158 0.012461 0.028340
1 0.253115 0.331984 0.068536 0.202429
1 0.087227 0.576923 0.017134 0.032389
1 0.713396 0.690283 0.010903 0.036437
1 0.537383 0.846154 0.071651 0.222672
0 0.794393 0.186235 0.009346 0.028340
0 0.432243 0.441296 0.029595 0.085020
1 0.165888 0.350202 0.014019 0.036437
0 0.144860 0.825911 0.021807 0.064777
1 0.475857 0.868421 0.026480 0.032389
