1 0.228972 0.718623 0.090343 0.429150
0 0.682243 0.151822 0.045171 0.080972
1 0.357477 0.568826 0.024922 0.040486
1 0.792835 0.145749 0.026480 0.089069
0 0.126947 0.945344 0.014019 0.036437
0 0.878505 0.576923 0.029595 0.072874
1 0.127726 0.906883 0.023364 0.052632
0 0.362150 0.773279 0.052960 0.198381
0 0.441589 0.176113 0.049844 0.121457
1 0.455607 0.670040 0.023364 0.048583
1 0.482087 0.453441 0.051402 0.141700
0 0.701713 0.178138 0.031153 0.085020
0 0.616822 0.467611 0.045171 0.145749
0 0.852804 0.406883 0.032710 0.080972
1 0.830997 0.858300 0.014019 0.048583
1 0.610592 0.661943 0.038941 0.089069
1 0.482087 0.564777 0.045171 0.093117
0 0.347352 0.949393 0.021807 0.076923
0 0.859034 0.305668 0.037383 0.121457
1 0.764798 0.609312 0.029595 0.080972
0 0.716511 0.224696 0.015576 0.052632
1 0.560748 0.360324 0.060748 0.165992
0 0.640966 0.925101 0.032710 0.085020
1 0.876168 0.809717 0.080997 0.186235
0 0.356698 0.313765 0.012461 0.036437
0 0.305296 0.161943 0.023364 0.044534
1 0.144081 0.708502 0.021807 0.040486
0 0.148754 0.263158 0.028037 0.080972
0 0.948598 0.566802 0.018692 0.044534
0 0.787383 0.364372 0.054517 0.182186
1 0.817757 0.271255 0.074766 0.174089
1 0.147196 0.344130 0.031153 0.080972
0 0.524922 0.283401 0.009346 0.024291
1 0.919782 0.886640 0.049844 0.137652
1 0.942368 0.218623 0.026480 0.072874
1 0.711838 0.145749 0.032710 0.072874
0 0.707944 0.402834 0.031153 0.085020
