0 0.123832 0.781377 0.010903 0.032389
1 0.901090 0.467611 0.020249 0.056680
1 0.304517 0.546559 0.045171 0.109312
0 0.736760 0.336032 0.046729 0.186235
1 0.919003 0.228745 0.024922 0.089069
0 0.543614 0.963563 0.017134 0.036437
0 0.709502 0.390688 0.034268 0.129555
0 0.647975 0.206478 0.051402 0.161943
0 0.177570 0.340081 0.049844 0.133603
1 0.644081 0.684211 0.043614 0.093117
1 0.871495 0.542510 0.035826 0.153846
0 0.304517 0.850202 0.007788 0.016194
1 0.171340 0.526316 0.051402 0.129555
1 0.111371 0.246964 0.014019 0.024291
1 0.685358 0.311741 0.018692 0.040486
0 0.782710 0.429150 0.080997 0.218623
1 0.875389 0.151822 0.012461 0.044534
0 0.795950 0.653846 0.077882 0.218623
0 0.105919 0.334008 0.015576 0.048583
0 0.726636 0.639676 0.052960 0.161943
1 0.566978 0.281377 0.043614 0.105263
1 0.927570 0.702429 0.052960 0.157895
1 0.898754 0.390688 0.012461 0.044534
0 0.720405 0.880567 0.023364 0.076923
0 0.725078 0.168016 0.009346 0.036437
1 0.514019 0.771255 0.057632 0.165992
1 0.332555 0.866397 0.010903 0.036437
1 0.522586 0.352227 0.045171 0.109312
1 0.746885 0.797571 0.023364 0.064777
1 0.360592 0.301619 0.023364 0.060729
0 0.391745 0.775304 0.045171 0.121457
1 0.612150 0.489879 0.028037 0.097166
0 0.489875 0.400810 0.028037 0.068826
1 0.837227 0.815789 0.046729 0.170040
1 0.117601 0.548583 0.014019 0.036437
0 0.888629 0.748988 0.035826 0.093117
0 0.495327 0.872470 0.059190 0.141700
1 0.426791 0.520243 0.087227 0.206478
1 0.098131 0.595142 0.024922 0.089069
1 0.811526 0.277328 0.038941 0.153846
1 0.825545 0.119433 0.009346 0.036437
0 0.641745 0.633603 0.032710 0.141700
1 0.147196 0.898785 0.026480 0.040486
1 0.510903 0.678138 0.031153 0.072874
1 0.226636 0.463563 0.024922 0.052632
0 0.056854 0.159919 0.034268 0.089069
0 0.511682 0.295547 0.035826 0.109312
0 0.088006 0.686235 0.054517 0.097166
1 0.941589 0.552632 0.014019 0.044534
1 0.582555 0.526316 0.048287 0.141700
1 0.577103 0.240891 0.042056 0.105263
0 0.561526 0.872470 0.046729 0.161943
0 0.276480 0.238866 0.049844 0.105263
1 0.514798 0.556680 0.006231 0.012146
