1 0.461059 0.417004 0.021807 0.064777
0 0.833333 0.817814 0.070093 0.242915
1 0.124611 0.615385 0.040498 0.141700
0 0.825545 0.232794 0.035826 0.117409
1 0.478972 0.366397 0.020249 0.052632
0 0.336449 0.838057 0.026480 0.064777
1 0.629283 0.423077 0.032710 0.113360
1 0.884735 0.287449 0.052960 0.137652
1 0.176012 0.255061 0.007788 0.032389
1 0.686137 0.121457 0.029595 0.052632
1 0.231308 0.876518 0.042056 0.165992
1 0.383956 0.548583 0.043614 0.105263
1 0.650312 0.289474 0.015576 0.036437
1 0.577882 0.402834 0.017134 0.060729
0 0.526480 0.672065 0.024922 0.080972
0 0.876168 0.621457 0.031153 0.072874
1 0.753115 0.734818 0.045171 0.117409
0 0.754673 0.412955 0.066978 0.145749
0 0.783489 0.726721 0.054517 0.141700
0 0.692368 0.700405 0.020249 0.044534
0 0.933801 0.599190 0.045171 0.080972
1 0.646417 0.755061 0.048287 0.121457
1 0.214953 0.746964 0.077882 0.153846
1 0.827882 0.506073 0.029595 0.072874
1 0.933801 0.720648 0.006231 0.024291
1 0.527259 0.872470 0.017134 0.036437
1 0.098910 0.315789 0.066978 0.149798
1 0.845794 0.360324 0.031153 0.085020
0 0.599688 0.190283 0.006231 0.016194
0 0.553738 0.445344 0.032710 0.056680
1 0.576324 0.202429 0.037383 0.076923
0 0.349688 0.392713 0.026480 0.060729
1 0.242991 0.560729 0.056075 0.145749
1 0.452492 0.182186 0.024922 0.080972
1 0.126947 0.467611 0.026480 0.125506
0 0.550623 0.582996 0.023364 0.048583
1 0.702492 0.125506 0.006231 0.024291
