0 0.892523 0.599190 0.031153 0.097166
1 0.267134 0.611336 0.042056 0.085020
1 0.932243 0.742915 0.054517 0.198381
1 0.482866 0.698381 0.021807 0.076923
0 0.478972 0.542510 0.054517 0.113360
1 0.728972 0.629555 0.042056 0.109312
0 0.690810 0.289474 0.085670 0.198381
1 0.242212 0.688259 0.026480 0.076923
1 0.757009 0.763158 0.043614 0.125506
1 0.084112 0.858300 0.040498 0.076923
0 0.544393 0.356275 0.020249 0.048583
1 0.227414 0.678138 0.014019 0.028340
1 0.927570 0.605263 0.035826 0.072874
0 0.904984 0.208502 0.012461 0.028340
0 0.634735 0.289474 0.029595 0.072874
1 0.596573 0.469636 0.026480 0.052632
0 0.433022 0.291498 0.023364 0.101215
1 0.812305 0.334008 0.024922 0.068826
0 0.308411 0.348178 0.032710 0.076923
0 0.885514 0.427126 0.021807 0.056680
0 0.624611 0.793522 0.068536 0.121457
1 0.644860 0.125506 0.023364 0.060729
1 0.728972 0.421053 0.029595 0.072874
1 0.922897 0.821862 0.042056 0.117409
0 0.436137 0.427126 0.028037 0.072874
0 0.573988 0.582996 0.010903 0.036437
0 0.943146 0.168016 0.035826 0.105263
1 0.795171 0.514170 0.048287 0.133603
1 0.099688 0.412955 0.009346 0.020243
1 0.709502 0.892713 0.012461 0.028340
1 0.841121 0.597166 0.065421 0.210526
