0 0.904984 0.522267 0.054517 0.101215
0 0.716511 0.850202 0.015576 0.052632
0 0.861371 0.289474 0.031153 0.072874
1 0.292835 0.384615 0.014019 0.044534
1 0.902648 0.202429 0.048287 0.105263
1 0.221963 0.261134 0.035826 0.056680
1 0.499221 0.908907 0.023364 0.048583
1 0.079439 0.362348 0.043614 0.093117
0 0.862928 0.811741 0.034268 0.076923
1 0.364486 0.787449 0.007788 0.020243
0 0.609034 0.631579 0.052960 0.089069
1 0.098910 0.807692 0.012461 0.040486
1 0.292056 0.858300 0.014019 0.036437
1 0.498442 0.775304 0.049844 0.105263
1 0.856698 0.159919 0.035826 0.117409
0 0.587227 0.514170 0.054517 0.125506
0 0.812305 0.653846 0.076324 0.340081
0 0.693925 0.232794 0.026480 0.076923
0 0.554517 0.580972 0.014019 0.044534
0 0.735202 0.165992 0.037383 0.072874
1 0.270249 0.914980 0.035826 0.109312
1 0.679128 0.819838 0.028037 0.068826
0 0.410436 0.406883 0.028037 0.060729
1 0.801402 0.425101 0.070093 0.141700
0 0.338785 0.275304 0.035826 0.097166
1 0.764019 0.641700 0.063863 0.190283
1 0.521807 0.627530 0.009346 0.036437
1 0.078660 0.522267 0.020249 0.048583
0 0.455607 0.526316 0.028037 0.068826
1 0.449377 0.910931 0.004673 0.020243
1 0.843458 0.485830 0.017134 0.056680
1 0.108255 0.668016 0.024922 0.056680
1 0.906542 0.846154 0.042056 0.153846
0 0.102025 0.163968 0.020249 0.048583
1 0.309969 0.570850 0.034268 0.105263
0 0.496106 0.562753 0.014019 0.024291
1 0.833333 0.378543 0.051402 0.141700
1 0.260903 0.558704 0.051402 0.165992
0 0.208723 0.473684 0.063863 0.149798
1 0.160436 0.775304 0.037383 0.105263
0 0.626947 0.414980 0.026480 0.060729
1 0.942368 0.368421 0.009346 0.020243
1 0.672897 0.593117 0.026480 0.085020
1 0.363707 0.145749 0.020249 0.064777
