1 0.120717 0.493927 0.031153 0.085020
0 0.105140 0.558704 0.007788 0.016194
1 0.594237 0.283401 0.060748 0.174089
1 0.712617 0.293522 0.113707 0.202429
1 0.454829 0.653846 0.056075 0.101215
0 0.919782 0.935223 0.020249 0.064777
1 0.271028 0.919028 0.040498 0.121457
0 0.179907 0.665992 0.091900 0.113360
0 0.046729 0.125506 0.012461 0.024291
1 0.811526 0.817814 0.010903 0.032389
1 0.154984 0.317814 0.014019 0.032389
1 0.848131 0.283401 0.031153 0.097166
0 0.761682 0.732794 0.021807 0.064777
0 0.800623 0.692308 0.028037 0.068826
0 0.769470 0.412955 0.029595 0.052632
0 0.922118 0.311741 0.049844 0.125506
1 0.881620 0.417004 0.023364 0.052632
0 0.292056 0.560729 0.031153 0.113360
1 0.345016 0.846154 0.091900 0.206478
0 0.053738 0.447368 0.010903 0.028340
1 0.626947 0.550607 0.032710 0.101215
0 0.264019 0.141700 0.020249 0.052632
0 0.908100 0.597166 0.028037 0.080972
1 0.516355 0.368421 0.009346 0.024291
1 0.348910 0.540486 0.015576 0.040486
1 0.558411 0.344130 0.024922 0.076923
0 0.112928 0.192308 0.028037 0.072874
1 0.497664 0.510121 0.048287 0.129555
1 0.684579 0.736842 0.021807 0.032389
1 0.552960 0.489879 0.065421 0.238866
1 0.377726 0.534413 0.026480 0.064777
1 0.212617 0.479757 0.070093 0.198381
0 0.332555 0.621457 0.045171 0.125506
0 0.271028 0.696356 0.024922 0.068826
0 0.134735 0.744939 0.091900 0.133603
1 0.459502 0.781377 0.006231 0.020243
0 0.887072 0.386640 0.028037 0.080972
0 0.916667 0.161943 0.020249 0.072874
1 0.634735 0.253036 0.054517 0.101215
