0 0.080218 0.649798 0.034268 0.072874
0 0.799844 0.218623 0.023364 0.064777
1 0.127726 0.682186 0.068536 0.137652
0 0.157321 0.441296 0.040498 0.089069
1 0.232087 0.261134 0.098131 0.202429
0 0.715732 0.479757 0.009346 0.020243
0 0.714953 0.218623 0.043614 0.097166
1 0.791277 0.819838 0.035826 0.080972
0 0.097352 0.463563 0.020249 0.064777
1 0.085670 0.269231 0.012461 0.028340
1 0.602025 0.536437 0.068536 0.178138
1 0.170561 0.348178 0.017134 0.064777
1 0.612928 0.734818 0.007788 0.024291
1 0.721184 0.817814 0.040498 0.109312
1 0.147196 0.825911 0.034268 0.085020
1 0.672118 0.811741 0.021807 0.044534
0 0.639408 0.904858 0.012461 0.040486
1 0.555296 0.364372 0.060748 0.161943
1 0.283489 0.299595 0.028037 0.097166
0 0.245327 0.716599 0.037383 0.109312
1 0.956386 0.655870 0.010903 0.024291
1 0.222741 0.674089 0.065421 0.080972
0 0.677570 0.206478 0.014019 0.052632
0 0.865265 0.945344 0.010903 0.028340
0 0.732087 0.706478 0.009346 0.028340
1 0.647196 0.789474 0.043614 0.105263
1 0.316199 0.352227 0.012461 0.024291
1 0.437695 0.275304 0.040498 0.101215
0 0.315421 0.467611 0.029595 0.089069
0 0.237539 0.603239 0.045171 0.109312
1 0.872274 0.469636 0.024922 0.048583
0 0.300623 0.358300 0.018692 0.052632
